0 0.618862590401052 0.4901208178438662 0.01712031558185404 0.02633828996282528
1 0.34301775147929 0.8268866171003718 0.012774490466798159 0.01534386617100372
0 0.32446416831032215 0.8979739776951673 0.018231426692965156 0.024460966542750928
0 0.49902038132807364 0.5142100371747211 0.018053911900065747 0.017565055762081783
1 0.636232741617357 0.06656133828996283 0.01455621301775148 0.018271375464684016
0 0.6289086127547666 0.6515706319702602 0.02044707429322814 0.033671003717472114
0 0.1898224852071006 0.9787267657992564 0.022794214332675873 0.023355018587360592
0 0.2147205785667324 0.5476858736059479 0.019868507560815252 0.020185873605947955
1 0.8920907297830374 0.9739033457249071 0.01450361604207758 0.012509293680297398
1 0.7451150558842866 0.8289498141263941 0.012235371466140697 0.018475836431226765
1 0.5473635765943458 0.9235130111524164 0.00908612754766601 0.015000000000000001
1 0.02571334648257725 0.3054182156133829 0.011597633136094675 0.017769516728624535
0 0.5034188034188034 0.5525185873605948 0.023070348454963842 0.03804832713754647
0 0.4726561472715319 0.7336988847583643 0.023333333333333334 0.030604089219330853
1 0.5376002629848784 0.6073884758364312 0.012971729125575279 0.019646840148698885
1 0.6757790927021695 0.665371747211896 0.018796844181459566 0.020260223048327138
1 0.14978303747534516 0.09843866171003718 0.012728468113083497 0.015000000000000001
1 0.5786127547666009 0.681589219330855 0.011643655489809336 0.021133828996282526
0 0.4104010519395135 0.7109293680297398 0.023773833004602233 0.03847583643122676
1 0.06119000657462195 0.42689591078066913 0.019270216962524653 0.01913568773234201
1 0.8925772518080209 0.07315985130111524 0.010052596975673898 0.014479553903345726
1 0.4033201840894149 0.36098513011152417 0.0195595003287311 0.039144981412639404
1 0.4257790927021696 0.6805576208178439 0.012925706771860617 0.022156133828996283
0 0.8046877054569362 0.8669144981412639 0.02017094017094017 0.024851301115241635
1 0.1694345825115056 0.6574349442379182 0.010946745562130177 0.01678438661710037
1 0.43261669953977644 0.9904275092936803 0.012728468113083497 0.01913568773234201
1 0.021084812623274163 0.418271375464684 0.009815910585141354 0.014879182156133831
0 0.7138658777120316 0.08938661710037175 0.023773833004602233 0.025520446096654277
1 0.5068376068376068 0.15322490706319702 0.009598948060486522 0.013828996282527881
1 0.467284681130835 0.9718308550185875 0.012143326758711373 0.01454460966542751
1 0.5571268902038132 0.749581784386617 0.008744247205785668 0.012118959107806691
1 0.4013675213675214 0.8689869888475836 0.00923076923076923 0.011486988847583642
1 0.9194345825115056 0.24192379182156135 0.00861275476660092 0.0154089219330855
1 0.41919132149901384 0.28557620817843865 0.010243261012491782 0.011710037174721188
1 0.3122550953320184 0.6091171003717472 0.007902695595003287 0.010343866171003718
1 0.3674293228139382 0.6695167286245353 0.007666009204470743 0.009200743494423793
1 0.3200657462195924 0.507314126394052 0.005936883629191321 0.010185873605947957
1 0.2775871137409599 0.743364312267658 0.004667981591058514 0.009200743494423793
1 0.3276397107166338 0.8821003717472119 0.009934253780407626 0.016524163568773235
1 0.8540039447731755 0.05129182156133829 0.006640368178829717 0.00758364312267658
1 0.8046877054569362 0.5828903345724907 0.008547008547008548 0.011087360594795538
1 0.08331360946745563 0.5960037174721189 0.005864562787639711 0.007267657992565056
1 0.7641617357001972 0.7530297397769516 0.004227481919789612 0.009172862453531598
1 0.24816568047337276 0.9193680297397769 0.006147271531886917 0.01534386617100372
1 0.12359631821170283 0.38410780669144984 0.0055752794214332674 0.009721189591078068
1 0.7382840236686391 0.8544888475836431 0.008284023668639054 0.020260223048327138
1 0.8837869822485207 0.4313847583643123 0.025509533201840892 0.01799256505576208
1 0.4785141354372124 0.1324349442379182 0.0084155161078238 0.010102230483271375
1 0.13854700854700855 0.8827881040892194 0.004773175542406312 0.00687732342007435
1 0.5532215647600264 0.8890055762081784 0.004575936883629192 0.007946096654275094
1 0.20629848783694935 0.4255204460966543 0.006568047337278107 0.007946096654275094
1 0.9023405654174885 0.5235315985130112 0.0054503616042077575 0.007351301115241636
1 0.06188691650230112 0.8724349442379182 0.005036160420775805 0.006263940520446097
1 0.14807363576594346 0.8607063197026023 0.004536489151873767 0.006031598513011153
1 0.5488297172912557 0.5066171003717472 0.005220249835634451 0.006644981412639406
1 0.42114398422090726 0.758550185873606 0.0047008547008547015 0.00737918215613383
1 0.3112820512820513 0.9944516728624535 0.011328073635765944 0.011096654275092935
1 0.48022353714661403 0.9880855018587361 0.01368836291913215 0.02382899628252788
1 0.8945299145299145 0.6305111524163568 0.005404339250493097 0.005594795539033457
1 0.4467784352399737 0.9870167286245353 0.003957922419460881 0.006096654275092936
1 0.8046877054569362 0.702992565055762 0.005161078238001314 0.007853159851301115
1 0.5947271531886916 0.925585501858736 0.0041025641025641026 0.006338289962825279
1 0.9008809993425378 0.42310408921933085 0.005555555555555555 0.004981412639405205
1 0.6123076923076923 0.8179089219330855 0.003445101906640368 0.00629182156133829
1 0.22119000657462196 0.922825278810409 0.007343852728468113 0.01770446096654275
1 0.4890138067061144 0.4161988847583643 0.0056410256410256415 0.013931226765799257
1 0.18871794871794872 0.9663104089219331 0.006982248520710058 0.024563197026022304
1 0.6669953977646286 0.09499070631970259 0.003931623931623932 0.005864312267657992
1 0.7885733070348455 0.8020353159851301 0.0037475345167652862 0.004907063197026023
1 0.09155161078238001 0.08571561338289964 0.003596318211702827 0.005260223048327138
1 0.2625378040762656 0.7976115241635688 0.007981591058514136 0.011979553903345725
1 0.38511505588428663 0.7927602230483272 0.008106508875739646 0.008643122676579927
1 0.23066403681788294 0.5956691449814127 0.0071794871794871795 0.011672862453531599
1 0.28289940828402366 0.28993494423791827 0.00598948060486522 0.010315985130111524
1 0.25808678500986193 0.2664219330855019 0.005818540433925049 0.007788104089219331
1 0.17704799474030244 0.17326208178438662 0.005601577909270216 0.00895910780669145
1 0.08067061143984221 0.19612453531598514 0.0084155161078238 0.010185873605947957
1 0.37554898093359634 0.10072490706319702 0.006955950032873109 0.013224907063197027
1 0.09033530571992111 0.08379182156133828 0.007521367521367521 0.007964684014869888
1 0.9819460880999342 0.6536059479553903 0.005818540433925049 0.013141263940520446