1 0.6156410256410256 0.4141132776230269 0.021479289940828403 0.021429897864438253
1 0.7304667981591059 0.35030640668523677 0.023648915187376725 0.027260909935004643
1 0.36450361604207754 0.46235840297121633 0.012669296515450361 0.018180129990714947
1 0.2990729783037475 0.43857010213556175 0.018185404339250495 0.032581244196843086
1 0.7607429322813938 0.27359331476323123 0.016278763971071666 0.022191272051996284
1 0.8300788954635108 0.9605849582172702 0.017514792899408285 0.015041782729805013
1 0.688474687705457 0.7240575673166202 0.015713346482577252 0.02753946146703807
1 0.6391584483892176 0.08046425255338904 0.015673898750821827 0.01797585886722377
1 0.3725575279421433 0.9509285051067782 0.01861275476660092 0.027734447539461467
1 0.8198224852071007 0.535803156917363 0.009520052596975675 0.011968430826369546
1 0.675292570677186 0.4396100278551532 0.006982248520710058 0.013444753946146705
1 0.7543918474687706 0.3865088207985144 0.010006574621959238 0.01670380687093779
1 0.6123076923076923 0.6361374187558032 0.012097304404996711 0.01021355617455896
1 0.5151347797501643 0.9316155988857939 0.007067718606180145 0.009452181987000928
1 0.6811505588428666 0.9226555246053854 0.008849441157133466 0.010696378830083566
1 0.6337869822485207 0.7357845868152275 0.006903353057199211 0.011476323119777159
1 0.12322813938198554 0.5502878365831012 0.014227481919789613 0.014865366759517178
1 0.3654766600920447 0.6071773444753946 0.009414858645627876 0.014419684308263694
1 0.6572255095332018 0.5820055710306408 0.007172912557527942 0.012887650882079852
1 0.026107823800131495 0.5820055710306408 0.006568047337278107 0.0116991643454039
1 0.7407232084155162 0.8364623955431755 0.00433267587113741 0.008384401114206127
1 0.6376923076923077 0.35513463324048283 0.012873109796186718 0.013556174558960073
1 0.6821301775147929 0.8626648096564531 0.005936883629191321 0.007288765088207985
1 0.511715976331361 0.7606035283194057 0.007784352399737015 0.009052924791086351
1 0.605956607495069 0.44029712163416895 0.004398422090729783 0.009786443825441039
1 0.3251939513477975 0.5427019498607243 0.008376068376068376 0.012831940575673167
1 0.9580078895463512 0.9233426183844011 0.008783694937541092 0.008579387186629527
1 0.43554898093359634 0.863351903435469 0.006436554898093359 0.008059424326833797
1 0.8642603550295858 0.6809563602599814 0.0071466140696909925 0.017084493964716806
1 0.9174819197896121 0.7654317548746518 0.008921761998685076 0.010250696378830082
1 0.06671268902038133 0.928857938718663 0.008547008547008548 0.011160631383472609
1 0.8925772518080209 0.9550696378830082 0.0056673241288625895 0.009489322191272053
1 0.07171597633136094 0.5533890436397401 0.007935568704799474 0.012070566388115135
1 0.44433267587113745 0.6826833797585887 0.005318869165023011 0.01107706592386258
1 0.9545890861275477 0.8047353760445682 0.006640368178829717 0.006870937790157846
1 0.5961932938856015 0.1186908077994429 0.008474687705456936 0.008477251624883938
1 0.8837869822485207 0.6123491179201486 0.011032215647600263 0.007576601671309192
1 0.5815450361604207 0.3223769730733519 0.009165023011176858 0.008412256267409471
1 0.7524391847468771 0.8536954503249767 0.005003287310979619 0.005728876508820799
1 0.08465483234714004 0.8867966573816156 0.008257725180802105 0.013862581244196842
1 0.8085930309007231 0.921272051996286 0.005910585141354372 0.00754874651810585
1 0.36132807363576597 0.9405849582172702 0.005141354372123603 0.008282265552460538
1 0.4465351742274819 0.8640389972144847 0.004681130834976989 0.007511606313834726
1 0.08374095989480605 0.8040482822655525 0.006120973044049968 0.006610956360259982
1 0.5595726495726496 0.5009749303621169 0.006568047337278107 0.009415041782729805
1 0.9272452333990795 0.9564438254410399 0.005509533201840894 0.00870937790157846
1 0.10449046679815911 0.30462395543175486 0.00757396449704142 0.007288765088207985
1 0.12389875082182773 0.5320055710306407 0.006640368178829717 0.007632311977715878
1 0.5366206443129521 0.49028783658310116 0.0047008547008547015 0.008783658310120707
1 0.12231426692965154 0.5785515320334262 0.007961867192636423 0.012209842154131848
1 0.9785141354372123 0.8647353760445683 0.008448389217619987 0.0067966573816156
1 0.3476594345825115 0.9109285051067781 0.008783694937541092 0.01074280408542247
1 0.8652333990795529 0.9026555246053853 0.005279421433267587 0.008031569173630456
1 0.10595660749506904 0.6123491179201486 0.008284023668639054 0.009823584029712163
1 0.22680473372781068 0.18376973073351902 0.010453648915187377 0.008031569173630456
1 0.3879421433267587 0.530974930362117 0.004865220249835635 0.008449396471680594
1 0.3894017094017094 0.5492479108635098 0.004575936883629192 0.008746518105849583
1 0.9077120315581855 0.8943825441039925 0.0067718606180144645 0.008681522748375116
1 0.24694937541091388 0.7571587743732591 0.004832347140039448 0.008885793871866296
1 0.23828402366863904 0.016638811513463327 0.007902695595003287 0.009675023212627669
1 0.3793951347797501 0.8764531104921077 0.0057988165680473375 0.00916434540389972
1 0.15088099934253782 0.8592107706592387 0.0057988165680473375 0.007938718662952647
1 0.42871137409598953 0.9392014856081708 0.004266929651545037 0.011030640668523677
1 0.7441420118343195 0.20652739090064995 0.005752794214332676 0.00585886722376973
1 0.8452136752136752 0.9743732590529248 0.005062458908612755 0.00595171773444754
1 0.38232741617357 0.7157845868152275 0.004312952005259697 0.008746518105849583
1 0.3774424720578567 0.8295636025998143 0.004865220249835635 0.006666666666666666
1 0.7739250493096648 0.8874837511606314 0.004740302432610125 0.006870937790157846
1 0.0190138067061144 0.9564438254410399 0.0048849441157133465 0.008477251624883938
1 0.2973635765943458 0.7309563602599815 0.005082182774490467 0.00734447539461467
1 0.4196778435239974 0.9116248839368617 0.00562130177514793 0.007818012999071495
1 0.8969756738987508 0.49684308263695454 0.004451019066403682 0.006870937790157846
1 0.5068376068376068 0.2880687093779016 0.005101906640368178 0.009090064995357474
1 0.1838395792241946 0.9378272980501392 0.005036160420775805 0.00638811513463324
1 0.8027350427350428 0.390297121634169 0.004312952005259697 0.006434540389972145
1 0.9072255095332019 0.3589229340761374 0.004812623274161736 0.005134633240482823
1 0.5102564102564102 0.6950974930362117 0.004483892176199869 0.007316620241411328
1 0.20495726495726496 0.7599164345403899 0.004464168310322156 0.008087279480037141
1 0.40698224852071 0.46477251624883936 0.0038987508218277446 0.006666666666666666
1 0.039335963182117024 0.41236768802228413 0.005936883629191321 0.006462395543175487
1 0.6293951347797502 0.9902321262766945 0.00428007889546351 0.006025998142989787
1 0.043122945430637744 0.6075208913649025 0.00428007889546351 0.006898792943361189
1 0.18896778435239975 0.2420427112349118 0.003694937541091387 0.005682451253481894
1 0.3068836291913215 0.5844196843082636 0.01666009204470743 0.016898792943361187
1 0.5097633136094675 0.36789229340761376 0.004483892176199869 0.005589600742804085
1 0.002195923734385273 0.5495914577530177 0.004056541748849441 0.005840297121634169
1 0.7294937541091386 0.33927576601671305 0.005509533201840894 0.015701021355617455
0 0.6181656804733728 0.41202414113277624 0.022248520710059175 0.023983286908077994
0 0.7304667981591059 0.35030640668523677 0.023648915187376725 0.027260909935004643
1 0.36450361604207754 0.46235840297121633 0.012669296515450361 0.018180129990714947
0 0.2990729783037475 0.43857010213556175 0.018185404339250495 0.032581244196843086
1 0.7607429322813938 0.27359331476323123 0.016278763971071666 0.022191272051996284
1 0.8300788954635108 0.9605849582172702 0.017514792899408285 0.015041782729805013
1 0.688474687705457 0.7240575673166202 0.015713346482577252 0.02753946146703807
1 0.6391584483892176 0.08046425255338904 0.015673898750821827 0.01797585886722377
1 0.3725575279421433 0.9509285051067782 0.01861275476660092 0.027734447539461467
1 0.8198224852071007 0.535803156917363 0.009520052596975675 0.011968430826369546
1 0.675292570677186 0.4396100278551532 0.006982248520710058 0.013444753946146705
1 0.7543918474687706 0.3865088207985144 0.010006574621959238 0.01670380687093779
1 0.6123076923076923 0.6361374187558032 0.012097304404996711 0.01021355617455896
1 0.5151347797501643 0.9316155988857939 0.007067718606180145 0.009452181987000928
1 0.6811505588428666 0.9226555246053854 0.008849441157133466 0.010696378830083566
1 0.6337869822485207 0.7357845868152275 0.006903353057199211 0.011476323119777159
1 0.12322813938198554 0.5502878365831012 0.014227481919789613 0.014865366759517178
1 0.3654766600920447 0.6071773444753946 0.009414858645627876 0.014419684308263694
1 0.7294937541091386 0.33927576601671305 0.005509533201840894 0.015701021355617455
1 0.6572255095332018 0.5820055710306408 0.007172912557527942 0.012887650882079852
1 0.026107823800131495 0.5820055710306408 0.006568047337278107 0.0116991643454039
1 0.7407232084155162 0.8364623955431755 0.00433267587113741 0.008384401114206127
1 0.6376923076923077 0.35513463324048283 0.012873109796186718 0.013556174558960073
1 0.6821301775147929 0.8626648096564531 0.005936883629191321 0.007288765088207985
1 0.511715976331361 0.7606035283194057 0.007784352399737015 0.009052924791086351
1 0.605956607495069 0.44029712163416895 0.004398422090729783 0.009786443825441039
1 0.3251939513477975 0.5427019498607243 0.008376068376068376 0.012831940575673167
1 0.9580078895463512 0.9233426183844011 0.008783694937541092 0.008579387186629527
1 0.43554898093359634 0.863351903435469 0.006436554898093359 0.008059424326833797
1 0.8642603550295858 0.6809563602599814 0.0071466140696909925 0.017084493964716806
1 0.9174819197896121 0.7654317548746518 0.008921761998685076 0.010250696378830082
1 0.06671268902038133 0.928857938718663 0.008547008547008548 0.011160631383472609
1 0.8925772518080209 0.9550696378830082 0.0056673241288625895 0.009489322191272053
1 0.07171597633136094 0.5533890436397401 0.007935568704799474 0.012070566388115135
1 0.44433267587113745 0.6826833797585887 0.005318869165023011 0.01107706592386258
1 0.9545890861275477 0.8047353760445682 0.006640368178829717 0.006870937790157846
1 0.5961932938856015 0.1186908077994429 0.008474687705456936 0.008477251624883938
1 0.8837869822485207 0.6123491179201486 0.011032215647600263 0.007576601671309192
1 0.5815450361604207 0.3223769730733519 0.009165023011176858 0.008412256267409471
1 0.7524391847468771 0.8536954503249767 0.005003287310979619 0.005728876508820799
1 0.08465483234714004 0.8867966573816156 0.008257725180802105 0.013862581244196842
1 0.8085930309007231 0.921272051996286 0.005910585141354372 0.00754874651810585
1 0.36132807363576597 0.9405849582172702 0.005141354372123603 0.008282265552460538
1 0.4465351742274819 0.8640389972144847 0.004681130834976989 0.007511606313834726
1 0.08374095989480605 0.8040482822655525 0.006120973044049968 0.006610956360259982
1 0.5595726495726496 0.5009749303621169 0.006568047337278107 0.009415041782729805
1 0.9272452333990795 0.9564438254410399 0.005509533201840894 0.00870937790157846
1 0.10449046679815911 0.30462395543175486 0.00757396449704142 0.007288765088207985
1 0.12389875082182773 0.5320055710306407 0.006640368178829717 0.007632311977715878
1 0.5366206443129521 0.49028783658310116 0.0047008547008547015 0.008783658310120707
1 0.12231426692965154 0.5785515320334262 0.007961867192636423 0.012209842154131848
1 0.9785141354372123 0.8647353760445683 0.008448389217619987 0.0067966573816156
1 0.3476594345825115 0.9109285051067781 0.008783694937541092 0.01074280408542247
1 0.8652333990795529 0.9026555246053853 0.005279421433267587 0.008031569173630456
1 0.10595660749506904 0.6123491179201486 0.008284023668639054 0.009823584029712163
1 0.22680473372781068 0.18376973073351902 0.010453648915187377 0.008031569173630456
1 0.3879421433267587 0.530974930362117 0.004865220249835635 0.008449396471680594
1 0.3894017094017094 0.5492479108635098 0.004575936883629192 0.008746518105849583
1 0.9077120315581855 0.8943825441039925 0.0067718606180144645 0.008681522748375116
1 0.24694937541091388 0.7571587743732591 0.004832347140039448 0.008885793871866296
1 0.23828402366863904 0.016638811513463327 0.007902695595003287 0.009675023212627669
1 0.3793951347797501 0.8764531104921077 0.0057988165680473375 0.00916434540389972
1 0.15088099934253782 0.8592107706592387 0.0057988165680473375 0.007938718662952647
1 0.42871137409598953 0.9392014856081708 0.004266929651545037 0.011030640668523677
1 0.7441420118343195 0.20652739090064995 0.005752794214332676 0.00585886722376973
1 0.8452136752136752 0.9743732590529248 0.005062458908612755 0.00595171773444754
1 0.38232741617357 0.7157845868152275 0.004312952005259697 0.008746518105849583
1 0.3774424720578567 0.8295636025998143 0.004865220249835635 0.006666666666666666
1 0.7739250493096648 0.8874837511606314 0.004740302432610125 0.006870937790157846
1 0.0190138067061144 0.9564438254410399 0.0048849441157133465 0.008477251624883938
1 0.2973635765943458 0.7309563602599815 0.005082182774490467 0.00734447539461467
1 0.4196778435239974 0.9116248839368617 0.00562130177514793 0.007818012999071495
1 0.8969756738987508 0.49684308263695454 0.004451019066403682 0.006870937790157846
1 0.5068376068376068 0.2880687093779016 0.005101906640368178 0.009090064995357474
1 0.1838395792241946 0.9378272980501392 0.005036160420775805 0.00638811513463324
1 0.8027350427350428 0.390297121634169 0.004312952005259697 0.006434540389972145
1 0.9072255095332019 0.3589229340761374 0.004812623274161736 0.005134633240482823
1 0.5102564102564102 0.6950974930362117 0.004483892176199869 0.007316620241411328
1 0.20495726495726496 0.7599164345403899 0.004464168310322156 0.008087279480037141
1 0.40698224852071 0.46477251624883936 0.0038987508218277446 0.006666666666666666
1 0.039335963182117024 0.41236768802228413 0.005936883629191321 0.006462395543175487
1 0.6293951347797502 0.9902321262766945 0.00428007889546351 0.006025998142989787
1 0.043122945430637744 0.6075208913649025 0.00428007889546351 0.006898792943361189
1 0.18896778435239975 0.2420427112349118 0.003694937541091387 0.005682451253481894
1 0.3068836291913215 0.5844196843082636 0.01666009204470743 0.016898792943361187
1 0.5097633136094675 0.36789229340761376 0.004483892176199869 0.005589600742804085
1 0.002195923734385273 0.5495914577530177 0.004056541748849441 0.005840297121634169
1 0.030775805391190007 0.591866295264624 0.008987508218277448 0.014484679665738161
1 0.11907297830374754 0.6648932219127206 0.006541748849441156 0.0076044568245125345
1 0.21362261669953977 0.7196193129062209 0.0047928994082840235 0.00500464252553389
1 0.13458908612754766 0.8522748375116063 0.005410913872452334 0.006852367688022284
1 0.14380013149243917 0.9590157845868151 0.007357001972386587 0.00883008356545961
1 0.09785667324128863 0.9862395543175488 0.005259697567389875 0.006425255338904364
1 0.45222222222222225 0.9797214484679666 0.006489151873767258 0.008700092850510677
1 0.5315318869165023 0.9354317548746518 0.004095989480604865 0.007567316620241411
1 0.5398750821827745 0.9405013927576601 0.0024391847468770546 0.004596100278551532
1 0.5614069690992768 0.9377715877437326 0.006568047337278107 0.010064995357474465
1 0.5815516107823799 0.9219312906220983 0.005779092702169625 0.008495821727019499
1 0.4801249178172255 0.8166388115134633 0.00656147271531887 0.00831012070566388
1 0.6097830374753451 0.8933797585886722 0.00888231426692965 0.010928505106778086
1 0.5034845496383957 0.7890714948932219 0.006837606837606838 0.007827298050139276
1 0.5571137409598949 0.674614670380687 0.00880999342537804 0.010668523676880223
1 0.5283234714003945 0.6241039925719591 0.005424063116370809 0.005840297121634169
1 0.4846022353714662 0.6455060352831941 0.00777120315581854 0.011476323119777159
1 0.33606180144641684 0.6246425255338904 0.006390532544378698 0.004744661095636027
1 0.3809861932938856 0.5693129062209842 0.007988165680473372 0.007762302692664809
1 0.7413740959894807 0.7821077065923863 0.007330703484549638 0.009201485608170846
1 0.7037475345167653 0.5983286908077994 0.006390532544378698 0.008950789229340762
1 0.8805588428665351 0.8423026926648096 0.005489809335963182 0.009340761374187559
1 0.882991452991453 0.9712906220984214 0.005706771860618015 0.011522748375116063
1 0.6405391190006574 0.3739461467038069 0.006916502301117685 0.008393686165273908
1 0.5718014464168311 0.347372330547818 0.007225509533201841 0.007715877437325906
1 0.7186785009861932 0.2522748375116063 0.006844181459566075 0.007734447539461467
1 0.20203155818540436 0.29819870009285054 0.007705456936226167 0.00777158774373259
1 0.6648520710059171 0.06972144846796657 0.005036160420775805 0.015301764159702878
1 0.6471268902038133 0.010882079851439184 0.004589086127547666 0.011299907149489322
1 0.512051282051282 0.12011142061281338 0.009165023011176858 0.009832869080779945