1 0.02032364597093791 0.8875208140610545 0.0049471598414795245 0.007752081406105458
1 0.07346103038309115 0.841332099907493 0.005178335535006605 0.005596669750231267
1 0.12889696169088508 0.8907400555041628 0.004062087186261559 0.005864939870490287
1 0.1598678996036988 0.9120721554116559 0.005541611624834875 0.011054579093432007
1 0.1951453104359313 0.7723959296947271 0.005726552179656539 0.007918593894542091
1 0.18072655217965655 0.7403237742830712 0.0036591809775429326 0.0048473635522664205
1 0.21064068692206078 0.7017298797409807 0.012939233817701453 0.013709528214616096
1 0.2926221928665786 0.778427382053654 0.0034610303830911494 0.0061054579093432005
1 0.2977873183619551 0.7768825161887141 0.002892998678996037 0.00578168362627197
1 0.22227212681638045 0.8999352451433857 0.003500660501981506 0.0034320074005550418
1 0.20055482166446498 0.9823959296947271 0.0046631439894319685 0.005957446808510639
1 0.30579260237780714 0.9337187789084181 0.008011889035667108 0.009916743755781684
1 0.401334214002642 0.8142645698427382 0.0038507265521796567 0.004199814986123959
1 0.3816908850726552 0.9294264569842738 0.008170409511228533 0.009666975023126734
1 0.4882892998678996 0.8004347826086956 0.011254953764861294 0.01818686401480111
1 0.4980515191545574 0.8565402405180388 0.00798546895640687 0.00963922294172063
1 0.4770079260237781 0.8809528214616096 0.004550858652575957 0.0029509713228492137
1 0.5016314398943197 0.9204162812210916 0.0032628797886393663 0.008316373728029602
1 0.5805217965653897 0.8597224791859389 0.004451783355350066 0.007678075855689177
1 0.5917569352708058 0.7066234967622572 0.0031307793923381773 0.004061054579093432
1 0.6614729194187583 0.6998334875115634 0.0067899603698811095 0.008529139685476412
0 0.7231704095112286 0.6701850138760407 0.028110964332893 0.03251618871415356
1 0.7406803170409512 0.6539870490286772 0.003665785997357992 0.0056706753006475485
1 0.6565125495376486 0.8259204440333026 0.007767503302509907 0.008085106382978723
1 0.6792668428005284 0.8654116558741906 0.003725231175693527 0.006558741905642923
1 0.7114068692206076 0.8500277520814061 0.008546895640686922 0.007715078630897317
1 0.746664464993395 0.8337742830712302 0.00571994715984148 0.00574468085106383
1 0.7676816380449141 0.8181036077705828 0.005145310435931308 0.006327474560592045
1 0.7915257595772787 0.8585106382978723 0.006241743725231176 0.005254394079555967
1 0.821228533685601 0.8862812210915819 0.0061889035667107 0.00666049953746531
1 0.8503896961690885 0.8955689176688252 0.008025099075297226 0.008584643848288621
1 0.7730515191545575 0.9262812210915818 0.004980184940554822 0.00753931544865865
1 0.7037648612945839 0.9697224791859389 0.006142668428005284 0.008362627197039778
1 0.7862879788639366 0.971840888066605 0.003705416116248349 0.009824236817761331
1 0.8701519154557464 0.996299722479186 0.005911492734478203 0.007391304347826087
1 0.9290620871862615 0.8598704902867715 0.006796565389696169 0.009361702127659573
1 0.9735138705416116 0.8451156336725255 0.006505944517833553 0.010397779833487511
1 0.8029590488771466 0.6924606845513414 0.005330250990752973 0.010444033302497687
1 0.8302906208718626 0.6870860314523589 0.003507265521796565 0.005245143385753931
1 0.8487252311756935 0.7013691026827011 0.005673712021136063 0.007437557816836262
1 0.9520871862615589 0.7153654024051803 0.006268163804491414 0.009056429232192414
1 0.8232232496697489 0.6282978723404256 0.0032430647291941876 0.008436632747456058
1 0.7695442536327608 0.5640980573543015 0.004907529722589167 0.0035707678075855686
1 0.7672919418758257 0.5466975023126734 0.00535006605019815 0.007622571692876966
1 0.7364795244385733 0.5020536540240518 0.005178335535006605 0.00578168362627197
1 0.6992470277410833 0.46824236817761333 0.004042272126816381 0.006188714153561517
0 0.6687120211360634 0.45366327474560597 0.01632100396301189 0.022830712303422755
1 0.6019682959048878 0.5477335800185014 0.006710700132100397 0.005541165587419057
1 0.5825957727873183 0.5616096207215542 0.005620871862615588 0.009694727104532841
1 0.9139431968295905 0.5321184088806661 0.005303830911492734 0.004838112858464385
1 0.8635138705416116 0.45945420906567996 0.004537648612945839 0.006641998149861239
1 0.7833751651254953 0.4407493061979648 0.003824306472919419 0.005328399629972248
1 0.7935733157199472 0.40125809435707677 0.005389696169088507 0.006845513413506013
0 0.9455944517833554 0.37057354301572615 0.01904887714663144 0.024588344125809434
1 0.9018956406869221 0.3674283071230342 0.003996036988110964 0.005818686401480111
1 0.9232760898282695 0.3820536540240518 0.005138705416116249 0.007317298797409806
1 0.829544253632761 0.36685476410730805 0.003982826948480846 0.004680851063829787
1 0.8131439894319682 0.32174838112858467 0.005878467635402907 0.006059204440333025
1 0.8234742404227213 0.3080296022201665 0.004735799207397622 0.005004625346901018
1 0.853883751651255 0.31647548566142464 0.013025099075297225 0.01773358001850139
1 0.8875957727873183 0.30509713228492136 0.004141347424042272 0.007465309898242368
1 0.7348150594451783 0.32702127659574465 0.004815059445178335 0.006891766882516189
1 0.7140422721268164 0.32088806660499536 0.004894319682959049 0.004347826086956522
1 0.7346103038309115 0.2776040703052729 0.00440554821664465 0.006623496762257169
1 0.6776155878467636 0.2880666049953746 0.005383091149273448 0.00393154486586494
1 0.6561889035667107 0.292358926919519 0.005145310435931308 0.0055874190564292325
1 0.6997886393659181 0.39330249768732656 0.004134742404227213 0.0076040703052728965
1 0.9486195508586526 0.21898242368177614 0.005284015852047556 0.007354301572617947
1 0.9142932628797886 0.17159111933395005 0.0040158520475561425 0.004172062904717853
1 0.9464531043593131 0.06758556891766883 0.0039233817701453105 0.0071507863089731736
1 0.863434610303831 0.029139685476410732 0.0073579920739762225 0.006595744680851064
1 0.7327080581241743 0.09501387604070305 0.004570673712021136 0.009250693802035153
1 0.5803500660501981 0.2521646623496762 0.005099075297225891 0.005707678075855689
1 0.5879722589167767 0.15248843663274747 0.0044848084544253635 0.003450508788159112
1 0.6199735799207398 0.07489361702127659 0.003084544253632761 0.003718778908418131
1 0.6525033025099075 0.10203515263644773 0.004702774108322325 0.005254394079555967
1 0.6326287978863936 0.051295097132284924 0.004603698811096433 0.006493987049028677
1 0.5687582562747688 0.06105457909343201 0.004702774108322325 0.0051988899167437555
1 0.5354887714663145 0.04819611470860315 0.004570673712021136 0.0058556891766882516
1 0.4338837516512549 0.0997872340425532 0.00452443857331572 0.006327474560592045
1 0.32046895640686923 0.1898427382053654 0.0036591809775429326 0.005975948196114709
1 0.20357331571994713 0.21571692876965773 0.005739762219286657 0.007761332099907494
1 0.39433289299867896 0.33061979648473633 0.004715984147952444 0.0057631822386679
1 0.1731902245706737 0.0029509713228492137 0.005422721268163805 0.005901942645698427
1 0.06998018494055483 0.18977798334875115 0.006142668428005284 0.005864939870490287
1 0.13443857331571993 0.2579648473635523 0.0032430647291941876 0.006188714153561517
1 0.08494715984147953 0.35673450508788157 0.0033751651254953765 0.009407955596669751
1 0.056842800528401585 0.38642923219241443 0.002668428005284016 0.003561517113783534
1 0.06262219286657861 0.44351526364477334 0.0033157199471598414 0.006697502312673451
1 0.15049537648612946 0.332118408880666 0.005620871862615588 0.007382053654024052
1 0.2045310435931308 0.3585291396854764 0.0056803170409511225 0.004680851063829787
1 0.43334214002642013 0.4438945420906568 0.005277410832232497 0.00635522664199815
1 0.5454953764861294 0.3867715078630897 0.0035601056803170406 0.004569842738205366
1 0.5391479524438573 0.4092691951896392 0.003282694848084544 0.0037002775208140612
1 0.5365257595772787 0.4230527289546716 0.004821664464993395 0.005975948196114709
1 0.5094980184940555 0.49753006475485667 0.00608322324966975 0.006271970397779833