0 0.79115234375 0.26774647887323944 0.024947916666666667 0.03508920187793427
0 0.802734375 0.5250046948356808 0.02232421875 0.03263849765258216
0 0.75146484375 0.48345539906103285 0.02224609375 0.02779342723004695
0 0.51904296875 0.4422535211267606 0.023378906249999998 0.02795305164319249
0 0.2841796875 0.6799342723004694 0.023515625 0.03501408450704225
0 0.38452473958333333 0.5964788732394366 0.024140625 0.03184037558685446
0 0.22973958333333333 0.6309859154929578 0.021744791666666666 0.02944600938967136
0 0.022845052083333334 0.42289201877934274 0.024049479166666665 0.04108920187793427
0 0.24475260416666667 0.5496525821596244 0.02427734375 0.026450704225352114
0 0.42309895833333333 0.43697652582159624 0.023378906249999998 0.030300469483568078
1 0.8850846354166667 0.5866197183098592 0.018359375 0.016234741784037558
0 0.6171875 0.30615962441314554 0.0178515625 0.022
0 0.708984375 0.8422535211267606 0.034609375 0.03461971830985915
0 0.84423828125 0.7225352112676057 0.022200520833333334 0.025267605633802818
1 0.78955078125 0.5714835680751174 0.015540364583333334 0.025990610328638496
1 0.951171875 0.2695399061032864 0.028867187500000002 0.026497652582159623
0 0.7880859375 0.9183098591549296 0.025618489583333334 0.027220657276995304
1 0.8798828125 0.36303286384976524 0.021009114583333335 0.029492957746478872
0 0.0883203125 0.4616244131455399 0.0276953125 0.03542723004694835
1 0.66796875 0.12060093896713615 0.015429687499999999 0.01692018779342723
0 0.13049479166666667 0.7415492957746479 0.01890625 0.030638497652582163
0 0.6455078125 0.647887323943662 0.0225390625 0.034112676056338026
1 0.10796875 0.7330985915492958 0.023072916666666665 0.02748356807511737
1 0.49755859375 0.3434835680751174 0.018157552083333334 0.02574647887323944
1 0.87548828125 0.22341784037558685 0.01640625 0.017727699530516432
1 0.06902994791666667 0.4764131455399061 0.028014322916666667 0.040694835680751176
0 0.77880859375 0.706338028169014 0.02666015625 0.027906103286384976
1 0.04830729166666667 0.952112676056338 0.014010416666666666 0.03542723004694835
0 0.84228515625 0.6961314553990611 0.0158984375 0.021323943661971833
1 0.5966796875 0.541906103286385 0.013483072916666667 0.015126760563380281
1 0.7958984375 0.6112676056338028 0.01771484375 0.02156807511737089
1 0.33984375 0.6813427230046948 0.012526041666666666 0.016093896713615025
1 0.25341796875 0.4535211267605634 0.022721354166666666 0.027643192488262913
1 0.48828125 0.9105633802816901 0.014173177083333334 0.021746478873239435
1 0.5546875 0.44366197183098594 0.0232421875 0.02831924882629108
1 0.79541015625 0.11945539906103286 0.009557291666666667 0.01628169014084507
1 0.68359375 0.6218309859154929 0.01306640625 0.014610328638497653
1 0.3037109375 0.9612676056338029 0.01771484375 0.023924882629107982
1 0.544921875 0.9380281690140845 0.024231770833333333 0.04187793427230047
1 0.4501953125 0.680281690140845 0.008815104166666666 0.01685446009389671
1 0.025084635416666667 0.9366197183098591 0.021914062499999998 0.02044131455399061
1 0.669921875 0.08776525821596244 0.017239583333333332 0.024028169014084506
1 0.64599609375 0.2235962441314554 0.012968750000000001 0.018131455399061032
1 0.79150390625 0.3929577464788732 0.01869140625 0.016985915492957745
1 0.9033203125 0.976056338028169 0.02958984375 0.04179342723004695
1 0.69189453125 0.6450704225352113 0.016523437499999998 0.016093896713615025
1 0.25341796875 0.3834553990610329 0.0072591145833333336 0.014272300469483568
1 0.876953125 0.4052863849765258 0.013899739583333334 0.011446009389671361
1 0.31958333333333333 0.921830985915493 0.01490234375 0.021323943661971833
1 0.654296875 0.4602159624413146 0.0276953125 0.038948356807511735
1 0.67578125 0.9035211267605634 0.010950520833333333 0.01591549295774648
1 0.20495442708333333 0.497887323943662 0.0136328125 0.009464788732394366
1 0.01384765625 0.3396150234741784 0.018828125 0.01692018779342723
1 0.36059895833333333 0.6123286384976526 0.00857421875 0.01827230046948357
1 0.72509765625 0.4056338028169014 0.012057291666666666 0.013107981220657278
1 0.525390625 0.6957746478873239 0.01861328125 0.019220657276995304
1 0.7138671875 0.24172769953051643 0.013125 0.01835680751173709
1 0.07611328125 0.9439812206572771 0.007350260416666666 0.011784037558685448
1 0.9365234375 0.1387323943661972 0.010091145833333334 0.02207511737089202
1 0.60302734375 0.6633802816901408 0.020169270833333332 0.02915492957746479
1 0.5439453125 0.17253521126760563 0.008782552083333334 0.01171830985915493
1 0.37036458333333333 0.9183098591549296 0.0076953125 0.01415962441314554
1 0.6025390625 0.43908920187793427 0.01287109375 0.017455399061032863
1 0.30200520833333333 0.923943661971831 0.008125 0.01752112676056338
1 0.830078125 0.926056338028169 0.012968750000000001 0.014957746478873239
1 0.7509765625 0.7084507042253522 0.009713541666666667 0.012328638497652583
1 0.12951822916666667 0.9753521126760564 0.008216145833333332 0.014009389671361502
1 0.59228515625 0.85 0.0094140625 0.012469483568075116
1 0.63330078125 0.8098591549295775 0.009303385416666666 0.01236619718309859
1 0.30835286458333333 0.8683098591549295 0.006744791666666666 0.01208450704225352
1 0.46557942708333333 0.973943661971831 0.010989583333333332 0.012910798122065728
1 0.54833984375 0.5401408450704225 0.007903645833333334 0.01523943661971831
1 0.2734375 0.45985915492957746 0.008125 0.009765258215962441
1 0.02791015625 0.6746478873239437 0.009713541666666667 0.009427230046948357
1 0.92578125 0.3693708920187793 0.009453125 0.009577464788732394
1 0.87646484375 0.854225352112676 0.011731770833333334 0.012328638497652583
1 0.9248046875 0.923943661971831 0.008313802083333334 0.01131455399061033
1 0.2333984375 0.5869765258215962 0.00818359375 0.013107981220657278
1 0.09912109375 0.6644413145539906 0.008743489583333333 0.010713615023474178
1 0.024889322916666665 0.9873239436619718 0.010247395833333334 0.012666666666666666
1 0.57470703125 0.5581032863849765 0.00806640625 0.01076056338028169
1 0.58349609375 0.9366197183098591 0.009713541666666667 0.01295774647887324
1 0.9755859375 0.8816901408450705 0.008216145833333332 0.012281690140845071
1 0.169921875 0.520075117370892 0.009375 0.008262910798122067
1 0.43994140625 0.8711267605633802 0.0112890625 0.020845070422535212
1 0.765625 0.6862723004694835 0.008984375000000001 0.014901408450704225
1 0.560546875 0.22993427230046948 0.007376302083333334 0.013370892018779343
1 0.19518880208333333 0.8154929577464789 0.00751953125 0.009211267605633804
1 0.53955078125 0.4852112676056338 0.01056640625 0.013258215962441314
1 0.7470703125 0.008967136150234742 0.006959635416666666 0.010713615023474178
1 0.95068359375 0.8732394366197183 0.009713541666666667 0.010676056338028168
1 0.37622395833333333 0.48098591549295777 0.010247395833333334 0.0107981220657277
1 0.16833333333333333 0.971830985915493 0.007096354166666667 0.013577464788732395
1 0.501953125 0.2850328638497653 0.008001302083333333 0.014046948356807512
1 0.5771484375 0.3367981220657277 0.007122395833333333 0.010967136150234742
1 0.86962890625 0.49753990610328636 0.007402343749999999 0.011145539906103286
1 0.84375 0.895774647887324 0.012337239583333333 0.01692018779342723
1 0.625 0.6126760563380281 0.007903645833333334 0.010431924882629107
1 0.62255859375 0.8556338028169014 0.007350260416666666 0.014215962441314555
1 0.26123046875 0.8373239436619718 0.00787109375 0.008075117370892018
1 0.79345703125 0.7873239436619718 0.006985677083333333 0.013370892018779343
1 0.87939453125 0.9507042253521126 0.00857421875 0.016788732394366197
1 0.25317708333333333 0.9654929577464789 0.007845052083333333 0.013784037558685446
1 0.10034505208333333 0.9267605633802817 0.00861328125 0.010187793427230047
1 0.66064453125 0.6830985915492958 0.0069335937500000005 0.015427230046948357
1 0.06311197916666667 0.8330985915492958 0.007845052083333333 0.01076056338028169
1 0.6240234375 0.9626760563380282 0.008346354166666667 0.010516431924882629
1 0.65283203125 0.5179624413145539 0.008671875 0.010112676056338027
1 0.79296875 0.9471830985915493 0.009596354166666666 0.01792488262910798
1 0.19983072916666667 0.8760563380281691 0.0071484375 0.009502347417840375
1 0.875 0.643661971830986 0.0093359375 0.011990610328638497
1 0.40503255208333333 0.9338028169014084 0.00751953125 0.011446009389671361
1 0.042571614583333334 0.9126760563380282 0.006002604166666667 0.011014084507042254
1 0.21172526041666664 0.9668075117370893 0.007779947916666666 0.012976525821596245
1 0.12176432291666667 0.8007042253521127 0.011373697916666667 0.008460093896713615
1 0.8525390625 0.8126760563380282 0.007604166666666666 0.0107981220657277
1 0.91455078125 0.6753521126760563 0.007376302083333334 0.01208450704225352
1 0.857421875 0.08538967136150234 0.007402343749999999 0.01
1 0.9415234375 0.8010328638497652 0.0083984375 0.013990610328638497
1 0.23596354166666667 0.9612676056338029 0.006744791666666666 0.01536150234741784
1 0.9345703125 0.8359154929577465 0.006692708333333333 0.012666666666666666
1 0.72119140625 0.6573990610328638 0.008157552083333333 0.012178403755868546
1 0.837890625 0.44472300469483567 0.009674479166666666 0.008394366197183098
1 0.12744140625 0.596131455399061 0.0062890625 0.011230046948356808
1 0.68310546875 0.4211267605633803 0.009557291666666667 0.0073051643192488264
1 0.9775390625 0.8387323943661972 0.008001302083333333 0.007643192488262911
1 0.95751953125 0.9577464788732394 0.007402343749999999 0.009877934272300468
1 0.10302734375 0.3448920187793427 0.006002604166666667 0.008009389671361502
1 0.7802734375 0.3792300469483568 0.010130208333333333 0.012610328638497653
1 0.55517578125 0.9774647887323944 0.0074283854166666665 0.01007511737089202
1 0.07544270833333333 0.565849765258216 0.00607421875 0.007953051643192488
1 0.86328125 0.014009389671361502 0.006119791666666667 0.011483568075117372
1 0.67724609375 0.9647887323943662 0.008001302083333333 0.008497652582159626
1 0.054596354166666666 0.7591549295774648 0.004055989583333333 0.01003755868544601
1 0.7021484375 0.8774647887323944 0.007962239583333334 0.010967136150234742
1 0.45239583333333333 0.9880281690140845 0.006666666666666667 0.010676056338028168
1 0.0365625 0.4894366197183099 0.0059570312500000005 0.008103286384976526
1 0.84326171875 0.4672582159624413 0.009453125 0.008591549295774648
1 0.94677734375 0.5714835680751174 0.007578125000000001 0.007446009389671361
1 0.0572265625 0.9830985915492958 0.007350260416666666 0.009699530516431925
1 0.014667968750000001 0.8971924882629108 0.0077083333333333335 0.005868544600938967
1 0.07302734375 0.8867136150234742 0.008893229166666667 0.007934272300469484
1 0.08993489583333332 0.9190892018779343 0.005130208333333333 0.007652582159624413
1 0.0780078125 0.9788450704225352 0.006640625 0.009314553990610328
1 0.08265625 0.9490328638497653 0.010364583333333333 0.01336150234741784
1 0.12138020833333334 0.9814366197183099 0.006966145833333333 0.0063661971830985915
1 0.12794270833333335 0.9972582159624412 0.006946614583333333 0.005492957746478873
1 0.14444010416666667 0.9651267605633802 0.007070312499999999 0.008967136150234742
1 0.11562499999999999 0.9422723004694835 0.007682291666666667 0.007971830985915493
1 0.10810546875 0.908112676056338 0.005781250000000001 0.007380281690140845
1 0.14223958333333334 0.9075492957746478 0.004544270833333333 0.006262910798122066
1 0.10848958333333332 0.8944507042253521 0.006549479166666667 0.005793427230046948
1 0.06928385416666667 0.8385446009389671 0.00328125 0.006431924882629107
1 0.07361979166666667 0.8070046948356808 0.005384114583333333 0.008366197183098592
1 0.14796875 0.8450234741784038 0.008496093750000001 0.011258215962441314
1 0.16359375 0.8906854460093897 0.0049869791666666665 0.007755868544600939
1 0.1637890625 0.9056431924882629 0.006145833333333333 0.007859154929577464
1 0.16243489583333334 0.9142629107981222 0.005787760416666667 0.006046948356807512
1 0.20001953125000002 0.9468075117370892 0.0045703125 0.008910798122065728
1 0.21410807291666667 0.9875117370892019 0.0064453125000000005 0.013107981220657278
1 0.20626302083333334 0.9782910798122066 0.006725260416666667 0.008206572769953051
1 0.21434244791666668 0.9009859154929577 0.0059765625 0.009389671361502348
1 0.19508463541666665 0.796300469483568 0.005970052083333333 0.008647887323943663
1 0.21500651041666666 0.8753896713615024 0.005423177083333334 0.008328638497652582
1 0.07553385416666666 0.7913427230046948 0.004518229166666667 0.006854460093896713
1 0.09731770833333332 0.7868075117370893 0.004876302083333333 0.005915492957746479
1 0.17388671874999997 0.7473145539906103 0.005846354166666667 0.008206572769953051
1 0.2674739583333333 0.8526103286384976 0.00515625 0.008826291079812207
1 0.18953776041666667 0.7347605633802817 0.006145833333333333 0.008845070422535212
1 0.10221354166666667 0.7733051643192489 0.0043294270833333336 0.007352112676056338
1 0.055527343750000006 0.7042347417840376 0.0067708333333333336 0.008751173708920187
1 0.034368489583333335 0.699981220657277 0.006712239583333334 0.008366197183098592
1 0.019186197916666665 0.6896807511737089 0.0054752604166666665 0.006732394366197183
1 0.03934244791666667 0.647718309859155 0.0044596354166666664 0.00951173708920188
1 0.08671223958333334 0.6957276995305165 0.0052734374999999995 0.007990610328638497
1 0.15610026041666666 0.6710234741784037 0.005970052083333333 0.00736150234741784
1 0.14853515625 0.6960657276995305 0.004928385416666667 0.0073051643192488264
1 0.12856770833333334 0.6846854460093897 0.006328125 0.008938967136150234
1 0.12508463541666667 0.6590892018779342 0.0040494791666666665 0.00787793427230047
1 0.12205078125 0.6279530516431925 0.005494791666666666 0.007906103286384976
1 0.08718749999999999 0.6273896713615023 0.0043359375 0.0067981220657276995
1 0.098515625 0.6810516431924883 0.006328125 0.008431924882629109
1 0.08904296875 0.681661971830986 0.0052343749999999994 0.008319248826291079
1 0.098984375 0.5903661971830986 0.005390625 0.00860093896713615
1 0.14643880208333335 0.5880187793427231 0.0044921875000000005 0.006619718309859155
1 0.17641276041666668 0.6065539906103287 0.006197916666666667 0.008460093896713615
1 0.2696744791666667 0.6603568075117371 0.007688802083333334 0.013126760563380283
1 0.256953125 0.6655962441314555 0.00384765625 0.005981220657276996
1 0.24829427083333333 0.6854272300469484 0.0034375 0.006356807511737088
1 0.19602864583333335 0.6685633802816902 0.0031705729166666666 0.00784037558685446
1 0.1894921875 0.5937840375586855 0.006998697916666667 0.007314553990610329
1 0.2558203125 0.5824694835680752 0.005338541666666666 0.007708920187793428
1 0.28596354166666665 0.6201784037558685 0.0036263020833333334 0.004553990610328638
1 0.26972005208333333 0.7402535211267606 0.006829427083333333 0.008985915492957746
1 0.28211588541666666 0.769943661971831 0.004388020833333333 0.007408450704225352
1 0.2804036458333333 0.794150234741784 0.004720052083333333 0.005690140845070422
1 0.29667317708333335 0.8169389671361502 0.005319010416666666 0.007915492957746479
1 0.29029947916666665 0.7846854460093897 0.005735677083333334 0.005727699530516431
1 0.31227864583333337 0.7477464788732394 0.006477864583333333 0.011784037558685448
1 0.32373697916666666 0.75637558685446 0.005904947916666667 0.010084507042253521
1 0.29705729166666667 0.715830985915493 0.006093749999999999 0.008910798122065728
1 0.3149674479166667 0.7085539906103286 0.003404947916666667 0.007906103286384976
1 0.29970703125000003 0.7000375586854459 0.0038736979166666668 0.007136150234741784
1 0.3339127604166667 0.630018779342723 0.005592447916666667 0.009333333333333332
1 0.3036197916666667 0.5660657276995306 0.006067708333333334 0.0060563380281690145
1 0.144375 0.5211737089201878 0.0069335937500000005 0.009746478873239437
1 0.1181640625 0.5194366197183099 0.006178385416666667 0.007643192488262911
1 0.09937499999999999 0.5023004694835681 0.0052343749999999994 0.008582159624413147
1 0.022571614583333333 0.5310985915492957 0.0047265625 0.0065633802816901414
1 0.10722005208333334 0.43772769953051643 0.004954427083333333 0.005427230046948357
1 0.14399088541666666 0.4751924882629108 0.0061653645833333335 0.007201877934272301
1 0.20352213541666667 0.4595586854460094 0.005 0.008450704225352112
1 0.26354817708333333 0.47238497652582156 0.0066992187499999994 0.008366197183098592
1 0.25978515625 0.42264788732394365 0.005748697916666667 0.007784037558685445
1 0.237421875 0.42595305164319247 0.004231770833333333 0.008967136150234742
1 0.20860677083333334 0.4028262910798122 0.004837239583333333 0.007417840375586855
1 0.24090494791666664 0.4064600938967136 0.006510416666666667 0.00792488262910798
1 0.18312499999999998 0.405849765258216 0.0064843750000000006 0.00803755868544601
1 0.17070963541666664 0.3882065727699531 0.005123697916666667 0.006629107981220657
1 0.29138020833333333 0.36676056338028173 0.0050651041666666665 0.008431924882629109
1 0.17057942708333332 0.3514647887323944 0.003932291666666666 0.009004694835680751
1 0.2246614583333333 0.32787793427230044 0.0059570312500000005 0.01060093896713615
1 0.20574869791666664 0.3079906103286385 0.007571614583333334 0.011464788732394367
1 0.3053190104166667 0.30176525821596245 0.005703125 0.01391549295774648
1 0.32757161458333334 0.34150234741784036 0.005123697916666667 0.006694835680751174
1 0.34406901041666665 0.3775774647887324 0.005247395833333334 0.005690140845070422
1 0.33160807291666666 0.4027699530516432 0.00474609375 0.008666666666666666
1 0.30512369791666666 0.4396807511737089 0.005319010416666666 0.009333333333333332
1 0.29809244791666667 0.48214084507042254 0.0062825520833333336 0.008901408450704225
1 0.2977734375 0.5071173708920188 0.008463541666666666 0.010084507042253521
1 0.3359505208333333 0.46275117370892016 0.00685546875 0.012112676056338029
1 0.32267578125 0.2690704225352113 0.0056640625 0.008140845070422535
1 0.3512955729166667 0.2339530516431925 0.00466796875 0.008347417840375588
1 0.2763932291666667 0.2772394366197183 0.0042122395833333335 0.009586854460093898
1 0.2672265625 0.2947887323943662 0.005598958333333333 0.006741784037558685
1 0.21205078125 0.25815023474178406 0.0042122395833333335 0.006629107981220657
1 0.14781901041666667 0.29534272300469483 0.00630859375 0.007849765258215962
1 0.15518880208333333 0.3300657276995305 0.006966145833333333 0.00955868544600939
1 0.11547526041666667 0.32306103286384974 0.005494791666666666 0.009107981220657277
1 0.06910807291666667 0.36434741784037555 0.0057552083333333335 0.007690140845070422
1 0.030162760416666667 0.34541784037558687 0.0058203125 0.007755868544600939
1 0.08604166666666667 0.3075492957746479 0.00580078125 0.007887323943661971
1 0.07272135416666667 0.262075117370892 0.005462239583333334 0.007690140845070422
1 0.02802734375 0.19938967136150235 0.0062434895833333335 0.009661971830985914
1 0.21133463541666667 0.2401220657276995 0.005605468749999999 0.007145539906103286
1 0.24158203125 0.15336150234741786 0.005983072916666666 0.008366197183098592
1 0.21608072916666665 0.15779342723004697 0.0038216145833333335 0.005051643192488263
1 0.2683463541666667 0.13538028169014085 0.0040885416666666665 0.007633802816901409
1 0.17305338541666668 0.11712676056338028 0.0051171875 0.006347417840375587
1 0.12012369791666666 0.1452488262910798 0.005403645833333334 0.005690140845070422
1 0.11317708333333333 0.127943661971831 0.004654947916666667 0.003605633802816901
1 0.05768229166666666 0.09236619718309859 0.005449218749999999 0.00695774647887324
1 0.11865234375 0.08962441314553991 0.0052734374999999995 0.006882629107981221
1 0.16221354166666666 0.06883568075117372 0.005983072916666666 0.007314553990610329
1 0.23378255208333332 0.0684413145539906 0.00541015625 0.009230046948356808
1 0.267109375 0.11163380281690141 0.0034895833333333337 0.006206572769953052
1 0.3152864583333333 0.12989671361502347 0.0049869791666666665 0.0075023474178403755
1 0.36013671875 0.11123943661971832 0.005449218749999999 0.00812206572769953
1 0.26875 0.026403755868544602 0.00396484375 0.009154929577464789
1 0.33895182291666665 0.07323943661971831 0.005345052083333334 0.0066384976525821595
1 0.3595377604166667 0.07784037558685447 0.0042513020833333335 0.006347417840375587
1 0.34380859375 0.02776525821596244 0.005657552083333333 0.00644131455399061
1 0.35725260416666665 0.06016901408450704 0.003430989583333333 0.011652582159624413
1 0.37732421875000005 0.09232863849765258 0.004127604166666667 0.009596244131455399
1 0.39529947916666663 0.11228169014084508 0.004388020833333333 0.007492957746478873
1 0.38190104166666666 0.0643286384976526 0.0057617187499999995 0.007784037558685445
1 0.4395247395833333 0.07167136150234742 0.00455078125 0.007558685446009391
1 0.44100260416666665 0.1216244131455399 0.004680989583333334 0.009924882629107982
1 0.3935872395833333 0.046572769953051645 0.0047265625 0.008845070422535212
1 0.46938802083333336 0.05788732394366197 0.00416015625 0.00844131455399061
1 0.4757161458333334 0.09815962441314555 0.004602864583333334 0.009061032863849766
1 0.4217838541666667 0.03414084507042253 0.0038151041666666667 0.007014084507042253
1 0.40007161458333335 0.033746478873239436 0.00640625 0.008929577464788733
1 0.39422526041666667 0.2694553990610329 0.0069335937500000005 0.006206572769953052
1 0.3894140625 0.20705164319248825 0.005768229166666666 0.008732394366197183
1 0.47387369791666667 0.19181220657276996 0.005611979166666666 0.008065727699530517
1 0.46365885416666663 0.25259154929577465 0.00677734375 0.007690140845070422
1 0.45442057291666665 0.29387793427230047 0.00521484375 0.006272300469483568
1 0.4408268229166667 0.30809389671361503 0.006204427083333333 0.008967136150234742
1 0.428515625 0.3264131455399061 0.0069401041666666665 0.009023474178403755
1 0.40001953124999995 0.34506103286384976 0.00537109375 0.0084037558685446
1 0.39602213541666664 0.3683755868544601 0.004889322916666667 0.006253521126760564
1 0.40529947916666664 0.3805258215962441 0.005598958333333333 0.00752112676056338
1 0.34747395833333333 0.39643192488262907 0.006425781249999999 0.006826291079812206
1 0.4262239583333333 0.38506103286384974 0.006126302083333333 0.008460093896713615
1 0.43892578125000004 0.4030985915492958 0.0061588541666666675 0.007962441314553991
1 0.47417317708333334 0.35826291079812206 0.008092447916666667 0.013126760563380283
1 0.4937760416666667 0.37368075117370897 0.009726562499999999 0.010093896713615023
1 0.4912109375 0.3472488262910798 0.010234375 0.00736150234741784
1 0.4937565104166666 0.31419718309859157 0.00591796875 0.008985915492957746
1 0.5342447916666667 0.2729107981220657 0.008938802083333334 0.010403755868544601
1 0.5098307291666667 0.29375586854460095 0.0061328125 0.008741784037558686
1 0.51767578125 0.33415023474178407 0.005852864583333333 0.006892018779342723
1 0.5227604166666667 0.2814835680751173 0.005696614583333333 0.009934272300469484
1 0.5293684895833334 0.19865727699530517 0.0048177083333333336 0.005492957746478873
1 0.4969401041666666 0.0804131455399061 0.005716145833333333 0.007427230046948357
1 0.53759765625 0.133906103286385 0.0053125 0.006046948356807512
1 0.5710677083333333 0.22536150234741784 0.00462890625 0.008779342723004695
1 0.5626041666666667 0.09631924882629107 0.004609375 0.006732394366197183
1 0.5521549479166666 0.09323943661971831 0.0062499999999999995 0.007342723004694836
1 0.55818359375 0.04316431924882629 0.0042122395833333335 0.007436619718309859
1 0.5319335937499999 0.036375586854460094 0.004309895833333333 0.008769953051643192
1 0.5894596354166667 0.28475117370892017 0.002903645833333333 0.0056244131455399065
1 0.5809114583333334 0.27870422535211264 0.00458984375 0.004375586854460094
1 0.6164388020833333 0.24423474178403756 0.0051953125 0.009943661971830985
1 0.5814908854166666 0.25780281690140844 0.0057421875 0.00727699530516432
1 0.6363606770833333 0.2559530516431925 0.0046484375 0.007643192488262911
1 0.6398502604166666 0.27975586854460094 0.006927083333333334 0.007830985915492958
1 0.6186197916666667 0.2284413145539906 0.003919270833333333 0.00816901408450704
1 0.6177213541666667 0.16829107981220656 0.00494140625 0.008422535211267606
1 0.595703125 0.17501408450704223 0.005052083333333333 0.008319248826291079
1 0.6162044270833333 0.19995305164319246 0.0056640625 0.004018779342723005
1 0.6276627604166667 0.21025352112676055 0.00509765625 0.005652582159624412
1 0.6155859375 0.21231924882629108 0.005364583333333333 0.00707981220657277
1 0.6025651041666666 0.33223474178403756 0.0075130208333333325 0.00848826291079812
1 0.5661197916666666 0.36170892018779344 0.00412109375 0.00511737089201878
1 0.5491015625 0.3903849765258216 0.005787760416666667 0.005577464788732394
1 0.5482486979166666 0.4044507042253521 0.0059570312500000005 0.005248826291079812
1 0.5706510416666667 0.4003474178403756 0.006614583333333333 0.007887323943661971
1 0.6113932291666667 0.36775586854460096 0.0044986979166666665 0.0063661971830985915
1 0.6194335937500001 0.3747605633802817 0.004602864583333334 0.006826291079812206
1 0.6113932291666667 0.3495023474178404 0.0044986979166666665 0.00507981220657277
1 0.628984375 0.38305164319248824 0.003990885416666667 0.00580281690140845
1 0.6753059895833333 0.3716150234741784 0.004583333333333333 0.008666666666666666
1 0.6431184895833334 0.39150234741784035 0.005013020833333334 0.007793427230046949
1 0.63123046875 0.3759906103286385 0.0056640625 0.006582159624413145
1 0.6530598958333333 0.3210985915492958 0.005162760416666666 0.005183098591549295
1 0.6889713541666667 0.3591830985915493 0.00654296875 0.006835680751173709
1 0.7019856770833334 0.35471361502347415 0.004401041666666667 0.004666666666666666
1 0.68982421875 0.3134835680751174 0.006373697916666666 0.004854460093896714
1 0.6841601562499999 0.3172769953051643 0.005377604166666667 0.008375586854460094
1 0.7109440104166667 0.3255774647887324 0.00728515625 0.007352112676056338
1 0.7020963541666667 0.341981220657277 0.006497395833333333 0.009004694835680751
1 0.6862565104166666 0.30972769953051643 0.005807291666666666 0.006816901408450704
1 0.6424934895833333 0.271924882629108 0.00470703125 0.005708920187793428
1 0.7052799479166666 0.2681596244131455 0.0062890625 0.007671361502347418
1 0.6966666666666667 0.2556150234741784 0.0050260416666666665 0.008319248826291079
1 0.6897395833333334 0.2183661971830986 0.0080859375 0.008328638497652582
1 0.6721679687500001 0.1632582159624413 0.003932291666666666 0.005145539906103287
1 0.7019856770833334 0.3003192488262911 0.004401041666666667 0.005615023474178404
1 0.6941861979166667 0.287774647887324 0.0038216145833333335 0.006253521126760564
1 0.72154296875 0.36346478873239435 0.005944010416666667 0.007267605633802817
1 0.7405078125000001 0.3823943661971831 0.0034765625 0.007201877934272301
1 0.7711783854166666 0.3835680751173709 0.00376953125 0.00819718309859155
1 0.7797135416666667 0.39544600938967134 0.006744791666666666 0.008910798122065728
1 0.7535481770833333 0.37342723004694833 0.00513671875 0.009586854460093898
1 0.7519205729166667 0.34329577464788735 0.0037630208333333335 0.007577464788732394
1 0.7933072916666667 0.3189389671361503 0.0057552083333333335 0.006272300469483568
1 0.8283203124999999 0.2732112676056338 0.008157552083333333 0.011014084507042254
1 0.7768880208333333 0.29658215962441314 0.003912760416666667 0.007624413145539906
1 0.7603450520833334 0.3353427230046948 0.004641927083333333 0.00792488262910798
1 0.731484375 0.28656338028169015 0.006100260416666666 0.006544600938967136
1 0.7209244791666666 0.26673239436619717 0.00564453125 0.006178403755868545
1 0.7336263020833332 0.26751173708920184 0.0056770833333333335 0.00907981220657277
1 0.7457421875 0.22409389671361502 0.004557291666666667 0.010309859154929577
1 0.7322591145833334 0.2535117370892019 0.007643229166666667 0.008178403755868546
1 0.7154557291666667 0.20170892018779343 0.005032552083333333 0.006169014084507042
1 0.7257356770833333 0.20438497652582158 0.006809895833333334 0.007474178403755869
1 0.7905078125 0.17291079812206572 0.0067317708333333335 0.008178403755868546
1 0.7854166666666668 0.20932394366197185 0.006888020833333334 0.006507042253521126
1 0.7832161458333333 0.22113615023474179 0.00435546875 0.008450704225352112
1 0.7518750000000001 0.18098591549295776 0.004615885416666667 0.005370892018779342
1 0.7258463541666668 0.1851455399061033 0.0042122395833333335 0.008262910798122067
1 0.7119075520833333 0.1711455399061033 0.00357421875 0.00736150234741784
1 0.7376432291666667 0.1723755868544601 0.0052669270833333335 0.00711737089201878
1 0.7319791666666666 0.13114553990610328 0.004270833333333333 0.0073051643192488264
1 0.7484375 0.15461032863849766 0.00525390625 0.00816901408450704
1 0.70587890625 0.13272300469483567 0.005611979166666666 0.006384976525821596
1 0.7549609374999999 0.11893896713615024 0.006087239583333333 0.007267605633802817
1 0.7805468750000001 0.14699530516431927 0.0065364583333333325 0.00784037558685446
1 0.710390625 0.11625352112676056 0.0042968749999999995 0.00596244131455399
1 0.7486328125 0.06718309859154929 0.0047005208333333335 0.00536150234741784
1 0.77150390625 0.0831924882629108 0.004420572916666666 0.00892018779342723
1 0.7245182291666666 0.09203755868544601 0.004381510416666667 0.009014084507042254
1 0.6529557291666667 0.08324882629107981 0.0049609375 0.007690140845070422
1 0.644296875 0.09909859154929578 0.00455078125 0.008234741784037559
1 0.63640625 0.072056338028169 0.00568359375 0.0056244131455399065
1 0.6081054687499999 0.03811267605633803 0.0044986979166666665 0.006816901408450704
1 0.6635156249999999 0.0551924882629108 0.005416666666666667 0.00711737089201878
1 0.7004752604166667 0.03687323943661972 0.00701171875 0.007061032863849765
1 0.631171875 0.017661971830985914 0.004602864583333334 0.006572769953051643
1 0.8308333333333334 0.18133333333333335 0.004733072916666667 0.004704225352112676
1 0.8724153645833334 0.17415023474178404 0.007109375 0.007953051643192488
1 0.87615234375 0.19891079812206572 0.0042513020833333335 0.007352112676056338
1 0.9628580729166667 0.1960469483568075 0.005768229166666666 0.009746478873239437
1 0.8711067708333333 0.2544694835680751 0.0035546875 0.007389671361502348
1 0.8725390625 0.2761502347417841 0.004544270833333333 0.00739906103286385
1 0.8602669270833333 0.29384976525821593 0.004427083333333333 0.007577464788732394
1 0.8115755208333333 0.29384976525821593 0.004720052083333333 0.007577464788732394
1 0.8128125 0.26359624413145544 0.005325520833333333 0.00803755868544601
1 0.7950325520833333 0.16619718309859155 0.005449218749999999 0.008300469483568076
1 0.8327408854166666 0.17050704225352112 0.0047786458333333335 0.007455399061032864
1 0.8376692708333334 0.17325821596244131 0.005084635416666666 0.00752112676056338
1 0.8610416666666666 0.1407605633802817 0.0059635416666666665 0.010262910798122065
1 0.8083463541666666 0.10143661971830986 0.005781250000000001 0.008845070422535212
1 0.8061002604166667 0.0783755868544601 0.004108072916666666 0.006065727699530517
1 0.8701692708333333 0.08771830985915494 0.0054361979166666664 0.008497652582159626
1 0.8766861979166666 0.10933333333333334 0.006263020833333333 0.009737089201877934
1 0.9629427083333333 0.10923943661971831 0.004055989583333333 0.005474178403755869
1 0.9919075520833333 0.04938967136150235 0.004694010416666667 0.011774647887323943
1 0.9692643229166666 0.10597183098591549 0.004505208333333333 0.009784037558685446
1 0.9686458333333333 0.04923943661971831 0.00419921875 0.008751173708920187
1 0.9631770833333334 0.04325821596244132 0.0035872395833333333 0.006272300469483568
1 0.957578125 0.030366197183098596 0.005540364583333333 0.007586854460093897
1 0.9310872395833334 0.03875117370892019 0.006113281250000001 0.010816901408450704
1 0.8535546875 0.016150234741784036 0.0032096354166666666 0.004892018779342723
1 0.82955078125 0.05540845070422535 0.0049804687500000005 0.0075399061032863845
1 0.8344921875 0.07529577464788732 0.0035872395833333333 0.006676056338028169
1 0.8792513020833334 0.057812206572769954 0.0057552083333333335 0.008281690140845071
1 0.80873046875 0.05136150234741784 0.006549479166666667 0.008948356807511736
1 0.7751106770833333 0.050535211267605636 0.005989583333333333 0.00727699530516432
1 0.8086588541666666 0.03243192488262911 0.0048632812499999995 0.009014084507042254
1 0.8547526041666668 0.007023474178403756 0.00466796875 0.00424413145539906
1 0.86958984375 0.11337089201877934 0.00427734375 0.008328638497652582
1 0.9749544270833334 0.3942816901408451 0.003984375 0.007408450704225352
1 0.9627018229166667 0.3879718309859155 0.0059570312500000005 0.006103286384976526
1 0.9910026041666667 0.3324037558685446 0.0056770833333333335 0.00812206572769953
1 0.9609114583333334 0.344093896713615 0.00630859375 0.01028169014084507
1 0.9516731770833333 0.3486666666666666 0.005481770833333333 0.008112676056338029
1 0.9291731770833334 0.3308920187793427 0.004615885416666667 0.006507042253521126
1 0.9275911458333334 0.35532394366197184 0.00537109375 0.008704225352112675
1 0.8849804687499999 0.3270234741784037 0.0044986979166666665 0.007267605633802817
1 0.8783268229166666 0.3442816901408451 0.004928385416666667 0.006422535211267606
1 0.95609375 0.3276056338028169 0.005494791666666666 0.008431924882629109
1 0.9164713541666667 0.39212206572769953 0.0066796875 0.005924882629107981
1 0.9265364583333334 0.40487323943661974 0.0042513020833333335 0.00596244131455399
1 0.9312760416666667 0.42374647887323946 0.00685546875 0.011164319248826292
1 0.9637044270833334 0.45211267605633804 0.00796875 0.01131455399061033
1 0.9234179687499999 0.4699530516431925 0.004869791666666667 0.011624413145539907
1 0.8893098958333333 0.46154929577464787 0.006295572916666666 0.007549295774647887
1 0.8665625 0.4484413145539906 0.0059244791666666664 0.008215962441314555
1 0.9041080729166667 0.42960563380281686 0.006471354166666666 0.008741784037558686
1 0.8365234375 0.41721126760563376 0.0056640625 0.007990610328638497
1 0.8621028645833334 0.47020657276995304 0.006803385416666666 0.00647887323943662
1 0.865625 0.48079812206572764 0.0069921875 0.005023474178403755
1 0.8705208333333333 0.33536150234741785 0.005989583333333333 0.006967136150234742
1 0.8819921875 0.3077370892018779 0.006373697916666666 0.011136150234741784
1 0.8393359375 0.3172018779342723 0.006393229166666667 0.013098591549295774
1 0.8515885416666666 0.3647230046948357 0.004420572916666666 0.006281690140845071
1 0.8457421875 0.36897652582159624 0.006458333333333333 0.010544600938967136
1 0.8336653645833333 0.3627323943661972 0.0048632812499999995 0.007953051643192488
1 0.8198307291666667 0.37377464788732395 0.007591145833333333 0.01023474178403756
1 0.7954296875 0.3731924882629108 0.004895833333333333 0.00907981220657277
1 0.8049218749999999 0.39734272300469486 0.005227864583333333 0.010694835680751174
1 0.8181770833333334 0.42776525821596245 0.0052669270833333335 0.007887323943661971
1 0.81744140625 0.4497558685446009 0.0067382812499999995 0.008018779342723005
1 0.7992708333333334 0.4733896713615024 0.007669270833333333 0.007183098591549296
1 0.8117252604166666 0.4157276995305164 0.006100260416666666 0.006431924882629107
1 0.791015625 0.4210985915492958 0.0048828125 0.007286384976525821
1 0.7734895833333333 0.43717370892018775 0.006126302083333333 0.011136150234741784
1 0.7622200520833333 0.44624413145539904 0.006145833333333333 0.008075117370892018
1 0.7750325520833333 0.4926760563380282 0.006269531250000001 0.010403755868544601
1 0.7317317708333334 0.4716244131455399 0.005970052083333333 0.01072300469483568
1 0.7234244791666667 0.4555492957746479 0.004075520833333333 0.006873239436619718
1 0.83197265625 0.5293427230046949 0.008339843750000001 0.008751173708920187
1 0.80619140625 0.568169014084507 0.006796875 0.010028169014084506
1 0.864296875 0.5595774647887324 0.007265625 0.009812206572769952
1 0.8281770833333333 0.5575399061032864 0.00466796875 0.005746478873239437
1 0.8713932291666667 0.5194553990610329 0.006751302083333333 0.008788732394366196
1 0.837421875 0.5491079812206572 0.005501302083333333 0.00868544600938967
1 0.9353385416666667 0.5324976525821596 0.005182291666666667 0.009408450704225352
1 0.9030859375000001 0.5533896713615024 0.0093359375 0.005924882629107981
1 0.8928841145833334 0.5644976525821597 0.005605468749999999 0.006929577464788732
1 0.9090494791666667 0.5665915492957746 0.009485677083333333 0.009699530516431925
1 0.9076432291666667 0.5864225352112675 0.006666666666666667 0.008347417840375588
1 0.8777604166666667 0.60037558685446 0.01654296875 0.01643192488262911
1 0.8570833333333333 0.6012300469483568 0.005598958333333333 0.005427230046948357
1 0.8302799479166666 0.6249014084507042 0.006907552083333333 0.010328638497652582
1 0.8301171875 0.643924882629108 0.005611979166666666 0.005943661971830986
1 0.8490950520833334 0.6563286384976526 0.0062890625 0.006685446009389672
1 0.8048697916666666 0.6192957746478873 0.006640625 0.007605633802816901
1 0.7770442708333333 0.5934460093896713 0.0063671875 0.008234741784037559
1 0.7674674479166667 0.5351361502347417 0.0078125 0.007615023474178403
1 0.9279947916666668 0.6068356807511737 0.00619140625 0.008150234741784038
1 0.89791015625 0.5464037558685446 0.006822916666666667 0.011765258215962441
1 0.9191601562499999 0.6339154929577465 0.0061653645833333335 0.008553990610328637
1 0.8992903645833333 0.639643192488263 0.0056640625 0.008694835680751174
1 0.8957682291666668 0.6648544600938968 0.0054752604166666665 0.00819718309859155
1 0.93853515625 0.6630892018779343 0.007643229166666667 0.011727699530516432
1 0.92369140625 0.6631549295774648 0.008365885416666666 0.010441314553990609
1 0.9481770833333334 0.680056338028169 0.00927734375 0.010300469483568076
1 0.9789583333333334 0.6801220657276996 0.00806640625 0.009014084507042254
1 0.9311197916666667 0.6372957746478873 0.005572916666666667 0.011070422535211268
1 0.9183789062500001 0.6456713615023474 0.008528645833333333 0.009427230046948357
1 0.9175520833333333 0.6178215962441315 0.011783854166666668 0.01171830985915493
1 0.8835546875000001 0.6922253521126761 0.0065625 0.009173708920187793
1 0.8796614583333334 0.7112394366197183 0.00662109375 0.011830985915492958
1 0.8058268229166666 0.6903098591549295 0.007044270833333334 0.009577464788732394
1 0.8005143229166666 0.7150328638497653 0.007213541666666667 0.01235680751173709
1 0.79427734375 0.7113708920187793 0.005260416666666667 0.022009389671361502
1 0.7557877604166667 0.744112676056338 0.00896484375 0.011098591549295775
1 0.8085026041666666 0.7461032863849766 0.006516927083333333 0.009427230046948357
1 0.8438606770833333 0.7426572769953051 0.006614583333333333 0.008187793427230047
1 0.8933658854166667 0.7556338028169014 0.006569010416666667 0.010093896713615023
1 0.9859309895833334 0.753699530516432 0.0073046875 0.01047887323943662
1 0.9760026041666667 0.7687981220657277 0.007057291666666667 0.008140845070422535
1 0.9634309895833333 0.8175211267605633 0.006438802083333334 0.009380281690140845
1 0.9493229166666667 0.8356431924882629 0.005690104166666667 0.010272300469483568
1 0.9113346354166666 0.8041877934272301 0.0052343749999999994 0.008178403755868546
1 0.9112044270833333 0.8241784037558686 0.00791015625 0.009981220657276996
1 0.8618294270833333 0.8010328638497652 0.005279947916666666 0.007530516431924882
1 0.8737044270833333 0.8268169014084507 0.006471354166666666 0.008187793427230047
1 0.8877669270833333 0.8552863849765259 0.008111979166666667 0.012779342723004695
1 0.8855794270833334 0.8800469483568075 0.007662760416666667 0.008535211267605633
1 0.8642578125 0.876112676056338 0.005240885416666667 0.010591549295774647
1 0.9525455729166666 0.901755868544601 0.0072200520833333335 0.010948356807511737
1 0.9459375 0.939943661971831 0.006757812500000001 0.012347417840375588
1 0.9579427083333334 0.9261596244131456 0.0052734374999999995 0.007408450704225352
1 0.9908658854166666 0.8512394366197183 0.005403645833333334 0.007511737089201878
1 0.8461197916666667 0.8505258215962441 0.005240885416666667 0.00892018779342723
1 0.8657356770833333 0.916150234741784 0.00623046875 0.010018779342723005
1 0.8470377604166667 0.9238497652582159 0.009036458333333334 0.015521126760563381
1 0.8346679687499999 0.9530516431924883 0.008828125000000001 0.01168075117370892
1 0.8092903645833333 0.9577840375586855 0.008092447916666667 0.012657276995305165
1 0.8135091145833333 0.9266478873239437 0.007701822916666667 0.01688262910798122
1 0.8121223958333333 0.8707511737089202 0.008854166666666666 0.012591549295774648
1 0.8260286458333334 0.8991830985915493 0.009205729166666668 0.011455399061032863
1 0.87107421875 0.9069107981220658 0.0100390625 0.009934272300469484
1 0.8730338541666667 0.9283849765258216 0.006119791666666667 0.007615023474178403
1 0.8733072916666668 0.9760375586854461 0.009602864583333334 0.010976525821596243
1 0.8884830729166667 0.9117652582159624 0.006608072916666667 0.008338028169014085
1 0.8774283854166667 0.9164600938967136 0.006686197916666667 0.00916431924882629
1 0.737890625 0.9487042253521126 0.010449218750000001 0.01288262910798122
1 0.7157486979166667 0.9573615023474179 0.011282552083333333 0.011821596244131455
1 0.7030729166666667 0.9564882629107981 0.008483072916666666 0.01007511737089202
1 0.7068424479166667 0.971755868544601 0.008177083333333333 0.010892018779342722
1 0.7000325520833334 0.9385258215962441 0.007311197916666667 0.012338028169014085
1 0.7384244791666666 0.9330892018779343 0.00857421875 0.012779342723004695
1 0.6632942708333334 0.9666666666666667 0.00837890625 0.010619718309859156
1 0.6426236979166667 0.9189483568075116 0.006269531250000001 0.008544600938967136
1 0.6396158854166667 0.9763004694835681 0.009069010416666667 0.015737089201877937
1 0.6324934895833333 0.971755868544601 0.005611979166666666 0.010892018779342722
1 0.6205989583333333 0.9827981220657278 0.009290364583333334 0.013183098591549295
1 0.6280989583333333 0.933661971830986 0.009576822916666667 0.013934272300469484
1 0.5802604166666666 0.9052018779342723 0.007083333333333334 0.009342723004694835
1 0.6070703125 0.9004694835680751 0.005768229166666666 0.008366197183098592
1 0.6182942708333333 0.9013333333333333 0.0066471354166666675 0.010103286384976526
1 0.6721354166666668 0.8822723004694836 0.0083984375 0.00876056338028169
1 0.6673567708333333 0.8955399061032864 0.006692708333333333 0.011248826291079813
1 0.659453125 0.8953145539906103 0.005598958333333333 0.009380281690140845
1 0.6472005208333333 0.9105164319248826 0.007571614583333334 0.011483568075117372
1 0.72212890625 0.8830798122065728 0.007369791666666667 0.011793427230046949
1 0.7151236979166667 0.9069014084507042 0.006106770833333334 0.007098591549295774
1 0.7488932291666667 0.8452488262910799 0.006953125 0.00968075117370892
1 0.7347851562500001 0.8408732394366197 0.006204427083333333 0.007990610328638497
1 0.7546679687500001 0.8388732394366197 0.007005208333333333 0.009661971830985914
1 0.801796875 0.8392300469483568 0.009772135416666666 0.008957746478873239
1 0.7971028645833332 0.8103849765258215 0.006276041666666667 0.01208450704225352
1 0.7840494791666667 0.812150234741784 0.0066471354166666675 0.008553990610328637
1 0.7647005208333333 0.8282816901408451 0.009140625 0.011107981220657277
1 0.7458984375000001 0.881924882629108 0.004889322916666667 0.009464788732394366
1 0.77212890625 0.8905821596244131 0.00634765625 0.008394366197183098
1 0.7634505208333334 0.9033333333333333 0.0076171875 0.00844131455399061
1 0.75103515625 0.9256150234741783 0.00830078125 0.009145539906103287
1 0.7681575520833334 0.9205258215962442 0.0062434895833333335 0.008873239436619718
1 0.82431640625 0.8247323943661972 0.005774739583333333 0.005436619718309859
1 0.8254557291666668 0.7848450704225353 0.005104166666666667 0.006281690140845071
1 0.7650325520833333 0.7991737089201878 0.006861979166666666 0.006647887323943662
1 0.6688216145833333 0.8535774647887323 0.006673177083333333 0.007943661971830987
1 0.66732421875 0.8456244131455399 0.00564453125 0.007596244131455399
1 0.6530403645833334 0.8184788732394366 0.008463541666666666 0.00848826291079812
1 0.6731510416666667 0.8171267605633803 0.008470052083333334 0.010028169014084506
1 0.6589973958333334 0.7929201877934272 0.00861328125 0.009699530516431925
1 0.70015625 0.7893427230046948 0.007565104166666666 0.011032863849765259
1 0.6921679687500001 0.7894084507042254 0.008255208333333333 0.009746478873239437
1 0.6649153645833333 0.7785258215962442 0.009654947916666667 0.010619718309859156
1 0.5640104166666667 0.9472676056338029 0.0049869791666666665 0.010018779342723005
1 0.51203125 0.928075117370892 0.0059635416666666665 0.011248826291079813
1 0.51376953125 0.9522253521126761 0.00650390625 0.012863849765258215
1 0.4932096354166667 0.9450422535211268 0.006582031249999999 0.009821596244131457
1 0.5111328125 0.9011267605633804 0.006139322916666666 0.008272300469483568
1 0.5216731770833333 0.8682535211267606 0.00759765625 0.009014084507042254
1 0.5092187499999999 0.8505164319248826 0.009173177083333333 0.013145539906103286
1 0.5323372395833333 0.8128075117370892 0.006380208333333334 0.008460093896713615
1 0.5114908854166667 0.8012863849765258 0.007838541666666666 0.009455399061032864
1 0.56693359375 0.8607230046948356 0.0039713541666666664 0.006666666666666666
1 0.5921419270833334 0.8669014084507042 0.00828125 0.01055399061032864
1 0.6039453124999999 0.7811643192488263 0.006393229166666667 0.01023474178403756
1 0.5889453125 0.7678967136150234 0.005813802083333333 0.007746478873239437
1 0.5733007812500001 0.7637464788732394 0.004921875 0.00792488262910798
1 0.58095703125 0.7774272300469484 0.006510416666666667 0.008413145539906105
1 0.4941080729166667 0.7589483568075117 0.00640625 0.008234741784037559
1 0.5478776041666666 0.7750798122065728 0.005078125 0.010788732394366198
1 0.5258463541666667 0.8492300469483568 0.008098958333333333 0.013399061032863849
1 0.5042838541666667 0.8383098591549295 0.0061653645833333335 0.008535211267605633
1 0.48992838541666667 0.828075117370892 0.005904947916666667 0.00927699530516432
1 0.48247395833333334 0.8014084507042254 0.0047265625 0.006882629107981221
1 0.49629557291666665 0.810169014084507 0.006861979166666666 0.010253521126760564
1 0.45671875 0.8009953051643192 0.007154947916666667 0.008873239436619718
1 0.4410286458333333 0.8064976525821596 0.007161458333333333 0.007154929577464789
1 0.43839192708333335 0.8479061032863849 0.006796875 0.007915492957746479
1 0.45620442708333336 0.889887323943662 0.004166666666666667 0.009849765258215962
1 0.44622395833333334 0.9383755868544601 0.0048046875 0.009220657276995305
1 0.4185807291666667 0.8561596244131455 0.00640625 0.007446009389671361
1 0.40159505208333335 0.8545821596244132 0.005781250000000001 0.007126760563380282
1 0.37994791666666666 0.8689107981220657 0.005631510416666667 0.007483568075117371
1 0.38804687499999996 0.9144694835680751 0.00712890625 0.008075117370892018
1 0.3745442708333333 0.8960845070422535 0.007584635416666667 0.012338028169014085
1 0.3334765625 0.9421220657276995 0.006848958333333333 0.009643192488262911
1 0.31548177083333334 0.9484037558685445 0.0042122395833333335 0.005211267605633803
1 0.28430338541666667 0.9546478873239437 0.004615885416666667 0.007812206572769953
1 0.2995703125 0.994112676056338 0.008678385416666667 0.011765258215962441
1 0.3451953125 0.9647605633802817 0.006744791666666666 0.009643192488262911
1 0.32869791666666665 0.9602535211267605 0.00513671875 0.010525821596244132
1 0.3394791666666667 0.9555211267605633 0.006106770833333334 0.009549295774647887
1 0.396640625 0.9580281690140845 0.007643229166666667 0.010328638497652582
1 0.4045182291666667 0.9798591549295774 0.004759114583333333 0.0073051643192488264
1 0.4439192708333333 0.928319248826291 0.008033854166666667 0.01171830985915493
1 0.4336263020833333 0.9434178403755868 0.006087239583333333 0.009389671361502348
1 0.473203125 0.9323661971830987 0.0057942708333333336 0.007098591549295774
1 0.46606119791666667 0.9483380281690141 0.007200520833333334 0.006497652582159624
1 0.4678450520833333 0.9080938967136151 0.006848958333333333 0.008056338028169014
1 0.48333333333333334 0.9398403755868544 0.0064453125000000005 0.01072300469483568
1 0.4653645833333333 0.9248732394366197 0.007779947916666666 0.010488262910798123
1 0.5222591145833334 0.9106009389671361 0.005833333333333334 0.008835680751173709
1 0.5067708333333333 0.9187887323943662 0.0062434895833333335 0.011051643192488263
1 0.49837890625 0.8839436619718309 0.006126302083333333 0.00644131455399061
1 0.5363671875 0.9037464788732394 0.006588541666666666 0.012103286384976526
1 0.5738020833333334 0.8640469483568075 0.0049479166666666664 0.00907981220657277
1 0.5382486979166666 0.7970798122065728 0.013287760416666667 0.009530516431924882
1 0.41733072916666664 0.8335868544600938 0.0048828125 0.006159624413145539
1 0.404140625 0.8324037558685445 0.0079296875 0.010854460093896715
1 0.39141927083333333 0.8352676056338028 0.006022135416666667 0.010929577464788733
1 0.3822916666666667 0.8469765258215962 0.0073828125 0.006065727699530517
1 0.3778255208333334 0.8555117370892019 0.008261718749999999 0.007577464788732394
1 0.3906380208333333 0.9266384976525822 0.008385416666666668 0.006948356807511737
1 0.4117317708333333 0.9667511737089202 0.006432291666666667 0.007971830985915493
1 0.3475846354166667 0.8311079812206573 0.00759765625 0.011107981220657277
1 0.36302734375 0.8380657276995305 0.0080859375 0.012291079812206573
1 0.35010416666666666 0.8003568075117371 0.005774739583333333 0.007605633802816901
1 0.3404557291666667 0.8061596244131455 0.004140625 0.006460093896713615
1 0.32617838541666666 0.8114084507042253 0.006959635416666666 0.009887323943661971
1 0.3182291666666667 0.8007136150234742 0.006764322916666667 0.006901408450704225
1 0.24236328124999998 0.9211737089201878 0.008033854166666667 0.014403755868544602
1 0.22695963541666667 0.9070328638497652 0.0066536458333333335 0.010178403755868544
1 0.2203515625 0.9372676056338028 0.006184895833333333 0.011230046948356808
1 0.356015625 0.9303755868544601 0.00681640625 0.008769953051643192
1 0.2842578125 0.8610140845070423 0.0055078125000000006 0.005859154929577465
1 0.22322916666666667 0.9280845070422535 0.006061197916666667 0.009859154929577466
1 0.40800130208333335 0.9097746478873239 0.00583984375 0.012826291079812207
1 0.41629557291666663 0.9024131455399061 0.00994140625 0.006131455399061033
1 0.44774739583333334 0.8902723004694836 0.006861979166666666 0.012028169014084508
1 0.41777994791666667 0.9450516431924882 0.004798177083333333 0.008422535211267606
1 0.4388020833333333 0.7703755868544602 0.007610677083333333 0.011295774647887323
1 0.43248046874999996 0.7599718309859155 0.0057617187499999995 0.008873239436619718
1 0.4298502604166667 0.7395586854460093 0.005397135416666666 0.009070422535211268
1 0.44488932291666666 0.7344788732394366 0.005084635416666666 0.0087981220657277
1 0.41119140625 0.7193802816901408 0.007311197916666667 0.011136150234741784
1 0.3846744791666667 0.7106760563380282 0.007239583333333333 0.00647887323943662
1 0.37081380208333337 0.7329577464788732 0.006002604166666667 0.007183098591549296
1 0.44152343749999995 0.706169014084507 0.00619140625 0.00736150234741784
1 0.47326171874999995 0.7108450704225352 0.007884114583333332 0.009633802816901408
1 0.41228515625 0.6871455399061033 0.0075390625 0.011746478873239437
1 0.38447265625 0.6829953051643193 0.006842447916666667 0.011934272300469484
1 0.3631510416666666 0.6831173708920187 0.0044140625000000005 0.009352112676056339
1 0.3617708333333333 0.6637089201877935 0.005572916666666667 0.00872300469483568
1 0.43645833333333334 0.6369765258215963 0.005865885416666667 0.007605633802816901
1 0.37121093749999995 0.6506666666666667 0.006803385416666666 0.008103286384976526
1 0.34383463541666665 0.6026572769953052 0.012851562499999998 0.008272300469483568
1 0.3069986979166667 0.5548075117370892 0.006861979166666666 0.008769953051643192
1 0.35690755208333336 0.5679154929577466 0.0076236979166666675 0.008103286384976526
1 0.36822265625 0.5713615023474179 0.006712239583333334 0.009333333333333332
1 0.4146549479166666 0.5596056338028169 0.006393229166666667 0.008460093896713615
1 0.43978515625 0.5811830985915494 0.0076171875 0.010591549295774647
1 0.43172526041666665 0.5278967136150235 0.0052343749999999994 0.01152112676056338
1 0.4237369791666667 0.5330516431924883 0.0059244791666666664 0.010507042253521127
1 0.42085937500000004 0.5181408450704226 0.0060546875 0.008985915492957746
1 0.38773437499999996 0.5248075117370892 0.005514322916666667 0.009586854460093898
1 0.3852994791666667 0.5420657276995304 0.0055533854166666665 0.008732394366197183
1 0.36976562500000004 0.5579718309859155 0.006848958333333333 0.009427230046948357
1 0.38749348958333335 0.5043192488262911 0.008951822916666666 0.01104225352112676
1 0.42371093750000005 0.497718309859155 0.0049023437500000005 0.00916431924882629
1 0.4020182291666667 0.4944976525821596 0.00564453125 0.009793427230046949
1 0.3871744791666667 0.4836807511737089 0.0063671875 0.009370892018779343
1 0.36994140625 0.45379342723004695 0.00623046875 0.007615023474178403
1 0.3579817708333333 0.4328075117370892 0.006822916666666667 0.006647887323943662
1 0.393046875 0.4602723004694836 0.00830078125 0.012075117370892018
1 0.39775390625 0.4235962441314554 0.006927083333333334 0.012281690140845071
1 0.46044270833333334 0.46099530516431925 0.01068359375 0.00644131455399061
1 0.47729166666666667 0.4981220657276995 0.005149739583333333 0.009971830985915493
1 0.45068359375 0.49876056338028163 0.006861979166666666 0.009840375586854461
1 0.49613281249999996 0.5050798122065727 0.008502604166666667 0.011145539906103286
1 0.46519531249999996 0.4467699530516432 0.00841796875 0.010525821596244132
1 0.49970052083333333 0.48775586854460096 0.007799479166666667 0.013286384976525822
1 0.5315755208333334 0.5243661971830986 0.006809895833333334 0.014356807511737088
1 0.4744140625 0.4471173708920188 0.0052734374999999995 0.009812206572769952
1 0.48146484375 0.4299906103286385 0.005651041666666666 0.008093896713615023
1 0.46216145833333333 0.43138028169014087 0.007252604166666667 0.012281690140845071
1 0.5256835937500001 0.4223661971830986 0.008756510416666667 0.008394366197183098
1 0.5753255208333333 0.42744600938967137 0.006028645833333333 0.008666666666666666
1 0.5854557291666667 0.442131455399061 0.006686197916666667 0.008328638497652582
1 0.566484375 0.470018779342723 0.006009114583333333 0.011755868544600938
1 0.6006575520833334 0.4866948356807512 0.007662760416666667 0.009746478873239437
1 0.61728515625 0.4947699530516431 0.006588541666666666 0.00752112676056338
1 0.6264127604166666 0.49793427230046944 0.005227864583333333 0.00816901408450704
1 0.6143619791666667 0.42293896713615026 0.007610677083333333 0.00955868544600939
1 0.6390950520833333 0.4706009389671362 0.008033854166666667 0.01292018779342723
1 0.6075 0.433943661971831 0.010045572916666667 0.0066384976525821595
1 0.6767252604166667 0.4152769953051643 0.006796875 0.009793427230046949
1 0.6670247395833333 0.48071361502347415 0.01162109375 0.01475117370892019
1 0.6692708333333334 0.4979906103286385 0.005611979166666666 0.006882629107981221
1 0.6468359375 0.5055305164319248 0.00783203125 0.009230046948356808
1 0.6990690104166667 0.47687323943661974 0.006360677083333333 0.008497652582159626
1 0.7466796875 0.4291549295774648 0.004479166666666667 0.006422535211267606
1 0.74123046875 0.41914553990610326 0.00732421875 0.009032863849765257
1 0.7056770833333333 0.45143661971830984 0.006829427083333333 0.007136150234741784
1 0.7079296875000001 0.4638215962441315 0.010358072916666667 0.004873239436619718
1 0.71048828125 0.4736056338028169 0.010032552083333333 0.009352112676056339
1 0.7135807291666666 0.492075117370892 0.007916666666666667 0.01060093896713615
1 0.7476367187499999 0.4470892018779343 0.0073828125 0.011173708920187793
1 0.7557877604166667 0.4108356807511737 0.00798828125 0.009389671361502348
1 0.74857421875 0.43798122065727696 0.006315104166666666 0.008507042253521127
1 0.755703125 0.5063849765258216 0.0048828125 0.006694835680751174
1 0.7662369791666667 0.5206478873239436 0.006334635416666667 0.008347417840375588
1 0.7422005208333333 0.5182629107981221 0.00533203125 0.004995305164319249
1 0.7479557291666666 0.527793427230047 0.005084635416666666 0.005671361502347418
1 0.7272721354166666 0.5291455399061032 0.007838541666666666 0.00412206572769953
1 0.7309309895833334 0.5462159624413145 0.0053515625 0.007136150234741784
1 0.7299934895833333 0.5671455399061033 0.006419270833333333 0.009389671361502348
1 0.7514192708333334 0.5695962441314554 0.00419921875 0.005220657276995304
1 0.7333138020833333 0.5773802816901408 0.006204427083333333 0.008647887323943663
1 0.7624934895833334 0.6660187793427229 0.005221354166666667 0.007953051643192488
1 0.7485221354166667 0.6882065727699531 0.005279947916666666 0.006178403755868545
1 0.7329817708333333 0.6979906103286385 0.0051888020833333335 0.00555868544600939
1 0.7148697916666666 0.716037558685446 0.006959635416666666 0.008497652582159626
1 0.7107747395833334 0.7524507042253521 0.0077734375 0.014976525821596243
1 0.7010611979166667 0.7027511737089202 0.008333333333333333 0.007868544600938969
1 0.6357096354166667 0.7115117370892019 0.00861328125 0.008093896713615023
1 0.62806640625 0.7212957746478873 0.0083203125 0.0074647887323943665
1 0.7118880208333334 0.684206572769953 0.008001302083333333 0.008272300469483568
1 0.6219466145833333 0.6868262910798122 0.009082031249999999 0.007755868544600939
1 0.6626236979166666 0.6111737089201877 0.006458333333333333 0.006413145539906104
1 0.6615559895833333 0.6232206572769953 0.005319010416666666 0.005990610328638498
1 0.64365234375 0.6101596244131456 0.0075 0.007258215962441315
1 0.6272460937500001 0.6273239436619719 0.0066796875 0.008431924882629109
1 0.6227864583333333 0.6452112676056337 0.0057617187499999995 0.008150234741784038
1 0.5936848958333333 0.643737089201878 0.006549479166666667 0.0051924882629107985
1 0.5745703125 0.6440657276995305 0.010319010416666666 0.01163380281690141
1 0.5881770833333334 0.6793802816901409 0.00853515625 0.007267605633802817
1 0.5873111979166666 0.6882629107981221 0.007805989583333333 0.008131455399061033
1 0.6182356770833334 0.7056713615023474 0.00666015625 0.007943661971830987
1 0.6285221354166667 0.750112676056338 0.008235677083333334 0.01608450704225352
1 0.57759765625 0.7263474178403755 0.008372395833333332 0.01036619718309859
1 0.6007096354166667 0.7296995305164319 0.005611979166666666 0.0084037558685446
1 0.5429296875 0.6500938967136151 0.0070182291666666665 0.009267605633802816
1 0.5097721354166667 0.6750704225352113 0.007701822916666667 0.010187793427230047
1 0.49762369791666666 0.6670328638497652 0.007395833333333333 0.008525821596244132
1 0.4912565104166667 0.6565258215962442 0.00865234375 0.010591549295774647
1 0.4595833333333333 0.6316525821596245 0.011302083333333332 0.014197183098591548
1 0.4813346354166667 0.5822253521126761 0.00880859375 0.01483568075117371
1 0.46376953125000003 0.6033896713615023 0.008671875 0.01391549295774648
1 0.4749869791666667 0.5356338028169014 0.008118489583333334 0.009624413145539907
1 0.4962369791666667 0.5461408450704225 0.006627604166666666 0.007558685446009391
1 0.49901692708333334 0.5544319248826292 0.00517578125 0.009023474178403755
1 0.5249544270833334 0.5729577464788733 0.009069010416666667 0.01072300469483568
1 0.5825911458333334 0.5692112676056338 0.005358072916666667 0.007558685446009391
1 0.60072265625 0.5739718309859154 0.00763671875 0.009877934272300468
1 0.6034570312499999 0.5890046948356807 0.007096354166666667 0.008215962441314555
1 0.6690104166666666 0.5571643192488263 0.0072265624999999995 0.007981220657276996
1 0.6286197916666666 0.5729577464788733 0.0084375 0.01072300469483568
1 0.6197005208333334 0.5566760563380282 0.006595052083333334 0.011333333333333334
1 0.6160156250000001 0.5271079812206573 0.00822265625 0.011305164319248825
1 0.59904296875 0.5081596244131455 0.0052669270833333335 0.006591549295774647
1 0.70111328125 0.5417089201877934 0.009453125 0.01168075117370892
1 0.6962890625 0.5625164319248827 0.006796875 0.011483568075117372
1 0.6948372395833333 0.5930422535211268 0.00888671875 0.011962441314553991
1 0.7105598958333333 0.5095211267605634 0.008541666666666666 0.01579342723004695
1 0.6329427083333333 0.6910892018779342 0.0062890625 0.0112018779342723
1 0.6455013020833333 0.6704882629107982 0.007682291666666667 0.007943661971830987
1 0.6313932291666667 0.8473896713615023 0.006595052083333334 0.012450704225352112
1 0.43631510416666663 0.8552018779342723 0.009088541666666667 0.010910798122065727
1 0.6635807291666667 0.7658028169014085 0.0063671875 0.008638497652582159
1 0.70546875 0.5916525821596245 0.003463541666666667 0.010901408450704225
1 0.7220182291666667 0.600075117370892 0.005930989583333333 0.008140845070422535
1 0.9093749999999999 0.6976713615023474 0.00841796875 0.012112676056338029
1 0.31964192708333333 0.7906197183098591 0.006914062499999999 0.006779342723004695
1 0.537265625 0.5004600938967136 0.0070182291666666665 0.009924882629107982