0 0.7375866666666667 0.5390100824931255 0.029400000000000003 0.046443629697525204
0 0.7954133333333333 0.5337121906507791 0.02655333333333333 0.035352887259395054
1 0.8208000000000001 0.3022639780018332 0.01744 0.01763519706691109
0 0.62842 0.5162511457378552 0.03038 0.03978001833180568
0 0.4802266666666667 0.46053162236480294 0.03247333333333333 0.037928505957836846
0 0.4663066666666667 0.9338221814848762 0.027526666666666665 0.04210815765352887
1 0.4831533333333333 0.342878093492209 0.010693333333333332 0.014922089825847846
1 0.019353333333333333 0.3322456461961503 0.014253333333333333 0.021338221814848762
1 0.9550799999999999 0.4655637030247479 0.007933333333333334 0.010412465627864345
1 0.8715799999999999 0.5659303391384051 0.009453333333333333 0.011090742438130156
1 0.7905266666666666 0.7599450045829514 0.00902 0.01670027497708524
1 0.9521466666666667 0.5337121906507791 0.011073333333333333 0.01074243813015582
1 0.41015333333333337 0.3069660861594867 0.008986666666666667 0.012740604949587534
1 0.8115266666666666 0.566269477543538 0.005753333333333334 0.010999083409715857
1 0.35058666666666666 0.6286984417965169 0.011033333333333334 0.017424381301558205
1 0.7863866666666666 0.5777451879010083 0.00744 0.006544454628780934
1 0.5415066666666667 0.556865261228231 0.0161 0.014876260311640696
1 0.7592800000000001 0.3158570119156737 0.007373333333333333 0.01077910174152154
1 0.3859866666666667 0.2952153987167736 0.009893333333333334 0.010577451879010082
1 0.27612000000000003 0.45784601283226395 0.008713333333333333 0.015050412465627865
1 0.14014000000000001 0.3799725022914757 0.0112 0.010953253895508707
1 0.11902 0.7290650779101742 0.008513333333333333 0.01147571035747021
1 0.91406 0.3237488542621448 0.007753333333333333 0.010183318056828598
1 0.7924800000000001 0.3309624197983501 0.00704 0.007974335472043995
1 0.4711933333333333 0.1301558203483043 0.008613333333333334 0.011209899175068745
1 0.21582 0.5249770852428964 0.00704 0.013932172318973418
1 0.6088866666666667 0.6464894592117324 0.007966666666666667 0.010458295142071495
1 0.1829866666666667 0.4894042163153071 0.010566666666666667 0.00927589367552704
1 0.01942666666666667 0.08853345554537122 0.010613333333333334 0.010540788267644362
1 0.1958 0.6696516956920257 0.009193333333333333 0.009789184234647112
1 0.6704133333333333 0.6535380384967919 0.009973333333333334 0.012447296058661779
1 0.26636000000000004 0.08353803849679194 0.007906666666666666 0.010219981668194317
1 0.004773333333333333 0.6109074243813015 0.009413333333333333 0.012639780018331805
1 0.18420666666666666 0.7847846012832265 0.013953333333333333 0.014087992667277727
1 0.40112 0.6646196150320807 0.009633333333333332 0.011787351054078826
1 0.3569333333333333 0.4387167736021998 0.00838 0.010577451879010082
1 0.18823333333333334 0.4313290559120073 0.0064133333333333325 0.012548120989917507
1 0.67676 0.8297616865261228 0.00672 0.010659945004582953
1 0.7294933333333333 0.662942254812099 0.007373333333333333 0.0068469294225481205
1 0.8891600000000001 0.9177085242896426 0.00634 0.012639780018331805
1 0.08929333333333334 0.8351329055912007 0.011733333333333333 0.015765352887259394
1 0.04037333333333334 0.9640329972502292 0.009673333333333332 0.011301558203483043
1 0.03955333333333333 0.482685609532539 0.008153333333333334 0.013391384051329055
1 0.01924 0.7102658111824014 0.008286666666666666 0.011173235563703024
1 0.4169933333333333 0.10967919340054995 0.00726 0.010623281393217231
1 0.046906666666666666 0.24403299725022914 0.007233333333333333 0.011924839596700276
1 0.4201666666666667 0.33566452795600366 0.006193333333333333 0.00923923006416132
1 0.9707 0.9754445462878094 0.00916 0.009715857011915673
1 0.4521466666666667 0.6887809349220898 0.009519999999999999 0.012593950504124657
1 0.26953333333333335 0.11781851512373968 0.006166666666666667 0.008615948670944088
1 0.44702 0.09768102658111823 0.00752 0.010458295142071495
1 0.7246066666666667 0.7921723189734189 0.00644 0.011255728689275893
1 0.3613266666666667 0.5921173235563703 0.008413333333333333 0.011613198900091659
1 0.6689466666666667 0.33650779101741524 0.0058200000000000005 0.007846012832263978
1 0.09204 0.883473877176902 0.007546666666666667 0.0123006416131989
1 0.18139333333333332 0.37359303391384047 0.006586666666666667 0.007543538038496792
1 0.41484666666666664 0.9123556370302475 0.009786666666666666 0.018029330889092577
1 0.33276666666666666 0.013198900091659029 0.007606666666666667 0.01082493125572869
1 0.5581066666666666 0.7861319890009165 0.0064133333333333325 0.011255728689275893
1 0.11102000000000001 0.37661778185151235 0.0061466666666666675 0.008065994500458296
1 0.7578133333333333 0.26786434463794684 0.006193333333333333 0.006461961503208066
1 0.8457 0.7283959670027498 0.00532 0.007846012832263978
1 0.6499 0.8391659028414299 0.00622 0.007791017415215398
1 0.8256866666666667 0.7357745187901008 0.005913333333333333 0.007974335472043995
1 0.5380866666666667 0.6696516956920257 0.007346666666666666 0.010375802016498625
1 0.06408666666666667 0.7142988084326306 0.010406666666666666 0.007039413382218148
1 0.06311333333333334 0.8297616865261228 0.010246666666666666 0.011090742438130156
1 0.08880666666666667 0.4011182401466544 0.00746 0.009129239230064163
1 0.9462866666666667 0.28934005499541704 0.006313333333333334 0.009055912007332722
1 0.16382 0.5014848762603117 0.005846666666666667 0.0107057745187901
1 0.9145533333333333 0.19149404216315305 0.008093333333333334 0.00845096241979835
1 0.18481333333333336 0.04170485792850596 0.00696 0.009459211732355637
1 0.35132 0.838487626031164 0.007486666666666667 0.01304307974335472
1 0.39892666666666665 0.47529789184234644 0.00508 0.008991750687442714
1 0.13684 0.30847846012832264 0.00784 0.009312557286892759
1 0.8212866666666667 0.5196058661778185 0.0039 0.006241979835013748
1 0.3044466666666667 0.5897616865261228 0.005553333333333334 0.010623281393217231
1 0.9560533333333333 0.44978918423464714 0.005 0.0059761686526122815
1 0.05072 0.7834463794683777 0.009086666666666667 0.007635197066911091
1 0.20727333333333334 0.8405041246562787 0.008066666666666666 0.009422548120989917
1 0.9545866666666667 0.06680109990834096 0.007066666666666666 0.014207149404216315
1 0.3107933333333333 0.9667186067827681 0.008946666666666667 0.014427131072410632
1 0.16198666666666667 0.5256553620531622 0.00514 0.011750687442713107
1 0.19555333333333333 0.07087076076993583 0.0044666666666666665 0.007635197066911091
1 0.7197266666666666 0.4655637030247479 0.0044533333333333334 0.007011915673693859
1 0.7675799999999999 0.9640329972502292 0.004246666666666667 0.008130155820348303
1 0.8613266666666667 0.9197250229147571 0.00498 0.00835013748854262
1 0.09844666666666665 0.9754445462878094 0.005866666666666667 0.007818515123739688
1 0.7280266666666666 0.16842346471127406 0.004506666666666667 0.007937671860678277
1 0.7119133333333333 0.9553070577451879 0.004520000000000001 0.007039413382218148
1 0.06982666666666666 0.8794408799266727 0.0093 0.006260311640696609
1 0.6411133333333333 0.4427406049495875 0.004886666666666667 0.007039413382218148
1 0.8295866666666667 0.012694775435380385 0.0064133333333333325 0.007543538038496792
1 0.9794933333333333 0.33230980751604033 0.0051 0.0056553620531622365
1 0.23303333333333334 0.951943171402383 0.005846666666666667 0.008615948670944088
1 0.4072266666666667 0.761961503208066 0.0056 0.009055912007332722
1 0.9982333333333333 0.17152153987167737 0.003533333333333333 0.007314390467461045
1 0.8452133333333333 0.21683776351970668 0.0041533333333333335 0.006516956920256645
1 0.9072266666666666 0.6669660861594867 0.004866666666666667 0.005600366636113657
1 0.46142666666666665 0.035563703024747935 0.00468 0.008716773602199817
1 0.02258 0.28984417965169573 0.006313333333333334 0.005572868927589367
1 0.9487333333333333 0.90025664527956 0.00524 0.007525206232813933
1 0.5541999999999999 0.9640329972502292 0.00612 0.007818515123739688
1 0.9755866666666667 0.8123098075160403 0.00532 0.0060769935838680105
1 0.6958000000000001 0.034087992667277724 0.00442 0.006819431714023831
1 0.05907333333333333 0.9846104491292392 0.006133333333333333 0.007946837763519706
1 0.10322 0.9495692025664528 0.00486 0.007552703941338222
1 0.14249333333333333 0.9470210815765353 0.005606666666666667 0.007323556370302475
1 0.13957333333333335 0.9705499541704857 0.005653333333333334 0.004142988084326306
1 0.12500666666666665 0.9864894592117324 0.0048066666666666666 0.0068469294225481205
1 0.17836000000000002 0.9704857928505958 0.005433333333333333 0.005618698441796517
1 0.19906666666666667 0.8934280476626948 0.0056 0.005462878093492209
1 0.16529333333333332 0.8897341888175986 0.00642 0.00618698441796517
1 0.21534666666666666 0.882218148487626 0.00398 0.010595783684692942
1 0.19268 0.8389459211732355 0.005793333333333333 0.0067002749770852426
1 0.1518 0.841897341888176 0.005366666666666667 0.00612282309807516
1 0.06526666666666667 0.8656828597616866 0.00438 0.005087076076993584
1 0.018186666666666667 0.9310174152153987 0.0057 0.006095325389550871
1 0.13806666666666667 0.9127222731439046 0.003826666666666667 0.0067736021998166815
1 0.1794333333333333 0.9371769019248396 0.00522 0.007066911090742438
1 0.18777333333333335 0.9346287809349221 0.0030466666666666667 0.006837763519706691
1 0.21197333333333332 0.8091842346471128 0.007833333333333333 0.010375802016498625
1 0.19756666666666667 0.8013565536205316 0.003766666666666667 0.0060769935838680105
1 0.06044 0.7689734188817599 0.005333333333333333 0.010989917506874428
1 0.11891333333333334 0.7870119156736939 0.00442 0.008166819431714024
1 0.22490000000000002 0.7337488542621448 0.00422 0.0069752520623281395
1 0.25282 0.6905132905591201 0.003486666666666667 0.009651695692025664
1 0.27640000000000003 0.6513382218148488 0.00468 0.004225481209899175
1 0.17095333333333335 0.6625939505041246 0.004773333333333333 0.0056553620531622365
1 0.13235333333333332 0.6163428047662695 0.006546666666666667 0.010384967919340056
1 0.08348 0.6274793767186069 0.006626666666666666 0.006736938588450962
1 0.16223333333333334 0.5518240146654445 0.003833333333333333 0.007763519706691109
1 0.19619333333333336 0.6143446379468378 0.004573333333333334 0.006397800183318057
1 0.3311733333333333 0.588890925756187 0.0034266666666666664 0.004106324472960587
1 0.3296466666666667 0.6840971585701192 0.0074466666666666665 0.006535288725939505
1 0.31583333333333335 0.7425206232813932 0.0022066666666666667 0.006709440879926673
1 0.2745533333333333 0.8355912007332722 0.004513333333333333 0.008093492208982585
1 0.35247333333333336 0.9649862511457378 0.0024133333333333333 0.0059761686526122815
1 0.3865733333333333 0.9814023831347388 0.0057799999999999995 0.006388634280476627
1 0.4368666666666666 0.961558203483043 0.0038200000000000005 0.008845096241979836
1 0.40446000000000004 0.9667186067827681 0.0038399999999999997 0.007827681026581117
1 0.44308000000000003 0.9595600366636114 0.00378 0.004848762603116407
1 0.44748000000000004 0.9682676443629699 0.0067733333333333335 0.006058661778185152
1 0.46008666666666664 0.9611365719523373 0.003953333333333333 0.0049587534372135655
1 0.4625333333333333 0.9793675527039414 0.00496 0.004161319890009166
1 0.44976 0.8987626031164069 0.004566666666666667 0.006544454628780934
1 0.3768266666666667 0.7970394133822182 0.006640000000000001 0.0025664527956003663
1 0.38125333333333333 0.7388267644362969 0.00486 0.007167736021998167
1 0.36430666666666667 0.7198075160403299 0.00486 0.008267644362969753
1 0.37975333333333333 0.7208707607699358 0.003933333333333334 0.008780934922089825
1 0.46546000000000004 0.6607057745187901 0.005613333333333333 0.006764436296975252
1 0.5188133333333333 0.5783776351970669 0.00624 0.002529789184234647
1 0.5135066666666667 0.8155637030247479 0.006226666666666667 0.00692942254812099
1 0.5034733333333333 0.7052703941338222 0.00502 0.006746104491292392
1 0.5542466666666667 0.7206141154903759 0.004026666666666667 0.006645279560036663
1 0.5061533333333333 0.8609257561869844 0.004486666666666667 0.005297891842346471
1 0.4760333333333333 0.8748670944087993 0.006713333333333333 0.004005499541704858
1 0.4588333333333333 0.85019248395967 0.005326666666666667 0.008139321723189735
1 0.5370533333333334 0.8780843263061412 0.00264 0.005563703024747938
1 0.5327066666666667 0.9100274977085243 0.00456 0.009495875343721356
1 0.5500133333333334 0.9097708524289642 0.0038 0.007360219981668194
1 0.5664266666666666 0.9396425297891843 0.0048133333333333335 0.008771769019248397
1 0.5088333333333334 0.9763794683776352 0.00396 0.004454628780934922
1 0.25565333333333334 0.9817323556370302 0.005613333333333333 0.005435380384967919
1 0.56548 0.5613840513290559 0.0041 0.0074427131072410625
1 0.6181133333333333 0.586654445462878 0.0032733333333333334 0.006113657195233731
1 0.62332 0.6141338221814848 0.005433333333333333 0.004353803849679193
1 0.7008933333333333 0.6335655362053162 0.005 0.0027131072410632446
1 0.7813933333333333 0.6754353803849679 0.004520000000000001 0.00541704857928506
1 0.74314 0.6769844179651696 0.004626666666666667 0.0036571952337305226
1 0.7769133333333332 0.6970119156736939 0.0038066666666666665 0.004821264894592117
1 0.7805599999999999 0.7243446379468378 0.005213333333333334 0.006012832263978002
1 0.71522 0.8292117323556369 0.005359999999999999 0.005068744271310724
1 0.6163933333333333 0.8652520623281393 0.0057399999999999994 0.007461044912923923
1 0.6456866666666666 0.8283318056828598 0.004206666666666667 0.008166819431714024
1 0.6339933333333333 0.7612007332722274 0.004393333333333333 0.006782768102658112
1 0.6594733333333334 0.8714848762603116 0.004673333333333333 0.006966086159486709
1 0.7316333333333334 0.8555178735105408 0.006366666666666667 0.0123006416131989
1 0.7213066666666667 0.8704216315307057 0.005753333333333334 0.006443629697525206
1 0.7294866666666667 0.8814115490375802 0.006793333333333333 0.005737855178735105
1 0.6945066666666666 0.9039138405132905 0.005193333333333334 0.008615948670944088
1 0.7405133333333334 0.9529697525206233 0.004086666666666666 0.006251145737855179
1 0.7928466666666667 0.9412373968835931 0.0038533333333333336 0.007103574702108158
1 0.8210133333333334 0.9667644362969753 0.003606666666666667 0.007919340054995418
1 0.8378533333333333 0.9645462878093491 0.003966666666666667 0.006260311640696609
1 0.9741533333333333 0.7981209899175069 0.0057866666666666665 0.006086159486709441
1 0.898 0.7970485792850596 0.004346666666666666 0.005563703024747938
1 0.8827933333333333 0.776801099908341 0.005753333333333334 0.008817598533455545
1 0.9801066666666667 0.6318698441796518 0.0035466666666666667 0.007424381301558203
1 0.86466 0.7648579285059579 0.007206666666666667 0.014097158570119157
1 0.9686 0.531833180568286 0.005286666666666666 0.006691109074243813
1 0.9717066666666666 0.5426764436296975 0.003826666666666667 0.005673693858845096
1 0.9307733333333333 0.5736938588450963 0.0031866666666666666 0.005215398716773603
1 0.8823599999999999 0.49210815765352883 0.0037133333333333337 0.005022914757103575
1 0.8218 0.9516315307057746 0.00518 0.005206232813932172
1 0.8347600000000001 0.9412282309807517 0.00634 0.005893675527039413
1 0.8816466666666667 0.954436296975252 0.0034600000000000004 0.0075710357470210815
1 0.8611266666666667 0.9548487626031165 0.004853333333333334 0.006764436296975252
1 0.9346533333333333 0.924967919340055 0.005753333333333334 0.005343721356553621
1 0.9347066666666667 0.9642896425297891 0.00468 0.007827681026581117
1 0.8865533333333333 0.9697891842346471 0.006213333333333334 0.007470210815765353
1 0.9541000000000001 0.8743629697525206 0.004566666666666667 0.009468377635197067
1 0.9432866666666667 0.8767186067827681 0.002986666666666667 0.006086159486709441
1 0.9822733333333334 0.4612557286892759 0.00434 0.008139321723189735
1 0.9148333333333334 0.4692942254812099 0.0038399999999999997 0.008010999083409716
1 0.9831066666666667 0.5219706691109075 0.0036466666666666665 0.006397800183318057
1 0.9029533333333334 0.3068835930339138 0.002466666666666667 0.0056828597616865265
1 0.89174 0.29368469294225485 0.0036133333333333334 0.006819431714023831
1 0.8447133333333333 0.32517873510540785 0.0038666666666666667 0.004995417048579285
1 0.8346333333333333 0.37978001833180564 0.0037333333333333333 0.008854262144821264
1 0.7596866666666666 0.4748670944087993 0.004706666666666666 0.00618698441796517
1 0.6752400000000001 0.44753437213565533 0.004373333333333333 0.004995417048579285
1 0.6485266666666667 0.45837763519706687 0.007526666666666666 0.007241063244729606
1 0.6976133333333334 0.36992667277726854 0.0031466666666666665 0.00859761686526123
1 0.6286999999999999 0.3375068744271311 0.005593333333333334 0.00695692025664528
1 0.60512 0.37287809349220896 0.004399999999999999 0.008020164986251146
1 0.5314866666666667 0.474647112740605 0.005653333333333334 0.010614115490375803
1 0.5449266666666667 0.3824656278643446 0.00778 0.006131989000916591
1 0.5543933333333334 0.3042713107241063 0.00432 0.00692942254812099
1 0.9731866666666666 0.2375160403299725 0.0038533333333333336 0.006315307057745188
1 0.98816 0.17131072410632447 0.001966666666666667 0.0084051329055912
1 0.86112 0.1279651695692026 0.00366 0.005985334555453713
1 0.8669133333333333 0.1692392300641613 0.00464 0.005893675527039413
1 0.81082 0.17071494042163152 0.00562 0.005600366636113657
1 0.7605 0.234967919340055 0.0028 0.006086159486709441
1 0.7694066666666666 0.30801099908340973 0.005293333333333334 0.006306141154903758
1 0.6371600000000001 0.18532538955087074 0.004833333333333334 0.005646196150320807
1 0.67458 0.0631622364802933 0.0054133333333333325 0.009257561869844179
1 0.4275 0.3596608615948671 0.006306666666666667 0.005893675527039413
1 0.42175999999999997 0.34867094408799265 0.004253333333333333 0.006599450045829514
1 0.43577999999999995 0.33766269477543537 0.00542 0.007305224564619615
1 0.3517733333333333 0.3527589367552704 0.006913333333333333 0.005059578368469294
1 0.37648000000000004 0.3935563703024748 0.006813333333333334 0.007250229147571036
1 0.39211999999999997 0.4041429880843263 0.0074466666666666665 0.007351054078826764
1 0.5505466666666667 0.25405132905591205 0.004866666666666667 0.0069752520623281395
1 0.4315 0.11602199816681943 0.006053333333333333 0.006416131989000917
1 0.41162 0.12848762603116406 0.005193333333333334 0.00541704857928506
1 0.4369133333333333 0.04232813932172319 0.00392 0.004867094408799267
1 0.49314 0.0842621448212649 0.005573333333333333 0.006095325389550871
1 0.5824600000000001 0.019450045829514206 0.0067399999999999995 0.005233730522456462
1 0.50198 0.46325389550870766 0.005039999999999999 0.008945921173235564
1 0.45836 0.506736938588451 0.0038733333333333332 0.009477543538038497
1 0.3345933333333333 0.5128964252978919 0.00388 0.008505957836846928
1 0.38512666666666673 0.45204399633363884 0.005353333333333333 0.0038130155820348304
1 0.26345999999999997 0.38392300641613203 0.005906666666666666 0.007415215398716773
1 0.3102933333333333 0.277653528872594 0.0041 0.007167736021998167
1 0.24913333333333332 0.29782768102658114 0.005546666666666667 0.00538955087076077
1 0.17276666666666665 0.301109074243813 0.0084 0.005472043996333638
1 0.11649333333333334 0.4206966086159487 0.00782 0.009660861594867093
1 0.14237333333333332 0.4292850595783685 0.005366666666666667 0.005783684692942255
1 0.06504 0.3763519706691109 0.006286666666666666 0.005252062328139322
1 0.05846666666666667 0.36536205316223647 0.004926666666666667 0.005957836846929423
1 0.10908666666666667 0.3167827681026581 0.0071600000000000006 0.006031164069660862
1 0.11558 0.3492850595783685 0.0048133333333333335 0.006205316223648029
1 0.14398666666666665 0.27001833180568285 0.005053333333333333 0.006480293308890926
1 0.20884 0.2452978918423465 0.006686666666666666 0.004051329055912007
1 0.17829333333333333 0.24032080659945004 0.0041199999999999995 0.008680109990834097
1 0.060906666666666665 0.21231897341888176 0.003913333333333334 0.00616865261228231
1 0.03191333333333333 0.2506507791017415 0.00486 0.006645279560036663
1 0.035026666666666664 0.288826764436297 0.006366666666666667 0.01008249312557287
1 0.4843866666666667 0.4435288725939505 0.006926666666666667 0.013198900091659029
1 0.14642666666666665 0.16076076993583865 0.004046666666666667 0.006764436296975252
1 0.23726 0.06589367552703941 0.004186666666666667 0.005004582951420715
1 0.24125333333333332 0.0826397800183318 0.003926666666666667 0.006086159486709441
1 0.15354 0.1354262144821265 0.0053 0.009569202566452795
1 0.2967 0.2028505957836847 0.0052 0.005050412465627864
1 0.38441333333333333 0.21833180568285976 0.004433333333333333 0.00918423464711274
1 0.33070666666666665 0.2153070577451879 0.00298 0.005957836846929423
1 0.34623333333333334 0.48380384967919343 0.0037866666666666665 0.007305224564619615
1 0.1876 0.060733272227314394 0.0048200000000000005 0.005279560036663611
1 0.28484 0.10810265811182401 0.005793333333333333 0.005618698441796517