0 0.8338643844634629 0.7151669758812617 0.013943383805134957 0.030593692022263447
0 0.4707044107965767 0.7657792207792208 0.021165240289664253 0.024294990723562154
0 0.4086899275839368 0.5655658627087198 0.02323897300855826 0.02909090909090909
0 0.5947267939433838 0.6825324675324675 0.01998683344305464 0.030686456400742114
1 0.9677748518762344 0.4183209647495362 0.028979591836734694 0.0337569573283859
1 0.03253456221198157 0.9673747680890538 0.013331138907175773 0.015426716141001854
1 0.7495128373930218 0.38976808905380333 0.011553653719552338 0.0137847866419295
0 0.2983410138248848 0.7169294990723563 0.018979591836734692 0.02719851576994434
1 0.4811981566820277 0.3149443413729128 0.010454246214614878 0.015602968460111317
1 0.38842659644502964 0.9192115027829313 0.00978275181040158 0.0187847866419295
1 0.0661026991441738 0.42898886827458255 0.011033574720210666 0.012708719851576993
1 0.7104476629361423 0.48196660482374765 0.010697827518104016 0.017931354359925787
1 0.7138643844634628 0.5476716141001855 0.009084924292297564 0.017931354359925787
1 0.8066425279789334 0.9481076066790352 0.010092165898617512 0.01222634508348794
1 0.08416721527320606 0.5383858998144713 0.008446346280447664 0.015074211502782932
1 0.869137590520079 0.6089053803339517 0.007373271889400921 0.010760667903525046
0 0.9300789993416722 0.9665027829313545 0.0186899275839368 0.02806122448979592
1 0.36132982225148125 0.3352411873840445 0.009598420013166556 0.01461038961038961
1 0.3405793285055958 0.9384786641929499 0.010368663594470046 0.013061224489795919
1 0.6787096774193548 0.760278293135436 0.010901909150757077 0.0125139146567718
1 0.33496379196840026 0.6639517625231911 0.00955892034233048 0.0187012987012987
1 0.21350230414746543 0.6302411873840446 0.050506912442396315 0.08174397031539889
1 0.18042132982225148 0.4823098330241187 0.008880842659644504 0.012764378478664193
1 0.2792955892034233 0.7189981447124305 0.008676761026991442 0.009461966604823747
1 0.07196181698485846 0.49022263450834885 0.007123107307439105 0.009461966604823747
1 0.9785187623436471 0.9398515769944341 0.00825543120473996 0.01422077922077922
1 0.45678736010533244 0.7699072356215214 0.005404871626069783 0.016280148423005566
1 0.2160631994733377 0.12246753246753248 0.0068005266622778145 0.013005565862708719
1 0.9033179723502305 0.9013265306122449 0.007755102040816326 0.011679035250463822
1 0.07397630019749836 0.9295361781076067 0.019302172481895984 0.017717996289424862
1 0.659670836076366 0.9350371057513915 0.010816326530612244 0.014434137291280149
1 0.23828176431863068 0.8393970315398886 0.00815668202764977 0.01217996289424861
1 0.1960434496379197 0.3140909090909091 0.00870967741935484 0.015426716141001854
1 0.10156023699802502 0.9556771799628943 0.00815668202764977 0.01461038961038961
1 0.92724818959842 0.9302226345083487 0.00901909150757077 0.014434137291280149
1 0.21838051349572088 0.41384972170686457 0.010171165240289664 0.014888682745825603
1 0.5834957208689928 0.9033858998144713 0.007788018433179724 0.010844155844155844
1 0.6552732060566162 0.47508348794063077 0.007458854509545754 0.017717996289424862
1 0.5292955892034233 0.34504638218923933 0.010454246214614878 0.018070500927643784
1 0.10760368663594469 0.8627922077922078 0.00922975641869651 0.012421150278293136
1 0.7441408821593153 0.37669758812615955 0.011639236339697169 0.010640074211502783
1 0.8637722185648452 0.492634508348794 0.010092165898617512 0.01038961038961039
1 0.6674786043449638 0.9494805194805195 0.007037524687294273 0.012606679035250463
1 0.2888215931533904 0.6808070500927643 0.010947992100065832 0.010435992578849721
1 0.7421856484529297 0.952922077922078 0.009934167215273206 0.01352504638218924
1 0.6928703094140882 0.11025974025974027 0.007485187623436471 0.014777365491651206
1 0.398439763001975 0.984573283858998 0.005404871626069783 0.017115027829313543
1 0.17700460829493087 0.6474397031539889 0.009486504279131008 0.012374768089053804
1 0.6855497037524687 0.446530612244898 0.008189598420013166 0.010760667903525046
1 0.9414088215931534 0.28622448979591836 0.0066161948650427915 0.01
1 0.37988150098749174 0.6890630797773655 0.008413429888084266 0.013998144712430426
1 0.6811520737327189 0.7052319109461966 0.008314680710994076 0.010269016697588127
1 0.020796576695194205 0.33197588126159555 0.008097432521395656 0.012272727272727274
1 0.3276366030283081 0.5631539888682746 0.00892034233048058 0.008766233766233766
1 0.796385780118499 0.5989332096474953 0.0068005266622778145 0.008896103896103897
1 0.6972679394338381 0.42761595547309833 0.00847926267281106 0.010194805194805196
1 0.8579131007241607 0.9357235621521336 0.006096115865701119 0.013998144712430426
1 0.6074193548387097 0.5669387755102041 0.009519420671494404 0.010974025974025975
1 0.5454114549045425 0.917152133580705 0.00892034233048058 0.014332096474953617
1 0.6386701777485188 0.5115491651205938 0.00586570111915734 0.01023191094619666
1 0.6704081632653062 0.5129313543599259 0.010566161948650428 0.009805194805194805
1 0.3454575378538512 0.28175324675324676 0.00955892034233048 0.015602968460111317
1 0.4338380513495721 0.9102690166975881 0.005938117182356813 0.011716141001855288
1 0.31470046082949305 0.9040723562152134 0.0068531928900592495 0.008525046382189238
1 0.45190256747860436 0.8765491651205937 0.007261356155365372 0.010157699443413729
1 0.5859381171823568 0.8538497217068646 0.007208689927583937 0.009146567717996289
1 0.3156747860434496 0.5074211502782932 0.0067412771560236995 0.009211502782931353
1 0.7192363396971692 0.9508627087198516 0.009163923633969716 0.009146567717996289
1 0.44970375246872946 0.6684230055658626 0.005622119815668202 0.012857142857142857
1 0.4101579986833443 0.9494805194805195 0.005602369980250164 0.010640074211502783
1 0.04510204081632654 0.6763358070500928 0.007669519420671495 0.008460111317254174
1 0.5332060566161949 0.7416975881261595 0.008512179065174456 0.007857142857142858
1 0.050506912442396315 0.9384786641929499 0.006668861092824227 0.006679035250463822
1 0.7802764976958525 0.11464749536178108 0.007235023041474655 0.00984230055658627
1 0.3044437129690586 0.9625602968460112 0.008288347597103358 0.01536178107606679
1 0.34643844634628046 0.9116419294990723 0.005365371955233706 0.010352504638218924
1 0.11163265306122448 0.6966326530612245 0.005602369980250164 0.007161410018552875
1 0.6313495720868992 0.8896289424860854 0.008097432521395656 0.01023191094619666
1 0.6332982225148124 0.6952597402597402 0.006240947992100066 0.008135435992578849
1 0.9575181040157998 0.5676252319109462 0.008545095457537854 0.006595547309833024
1 0.7402369980250165 0.8510946196660483 0.004963791968400263 0.007272727272727273
1 0.9809545753785385 0.32269016697588127 0.005345622119815667 0.00917439703153989
1 0.6943383805134957 0.7836734693877551 0.004759710335747202 0.00699443413729128
1 0.45678736010533244 0.7114285714285714 0.005892034233048057 0.006855287569573283
1 0.00857801184990125 0.5597124304267161 0.006050032916392363 0.00836734693877551
1 0.22643844634628044 0.23961038961038963 0.004739960500329164 0.010974025974025975
1 0.3305661619486504 0.7014471243042671 0.0065371955233706385 0.008135435992578849
1 0.6948255431204741 0.37291280148423006 0.005220539828834759 0.009285714285714286
1 0.6967741935483872 0.5366697588126159 0.004739960500329164 0.007949907235621521
1 0.5385714285714286 0.8696753246753247 0.005220539828834759 0.00917439703153989
1 0.9374983541803817 0.820139146567718 0.004832126398946675 0.006706864564007421
1 0.24096774193548384 0.30978664192949906 0.008288347597103358 0.00839517625231911
1 0.6528308097432521 0.7355102040816327 0.004865042791310072 0.006400742115027829
1 0.9755892034233049 0.6973191094619666 0.005707702435813035 0.005992578849721707
1 0.42700460829493087 0.2607606679035251 0.005819618169848584 0.012662337662337663
1 0.7768531928900593 0.9721892393320964 0.00466754443712969 0.007300556586270872
1 0.5395523370638579 0.6839053803339518 0.004647794601711652 0.008552875695732839
1 0.9775378538512179 0.5315027829313544 0.005385121790651744 0.008933209647495362
1 0.19677419354838707 0.5136178107606678 0.008413429888084266 0.006883116883116883
1 0.33545095457537855 0.625074211502783 0.004101382488479263 0.007050092764378478
1 0.44042791310072416 0.1258256029684601 0.0068005266622778145 0.011447124304267161
1 0.5932587228439763 0.8180705009276438 0.005023041474654378 0.0074953617810760665
1 0.8393548387096774 0.8063729128014843 0.00510204081632653 0.007161410018552875
1 0.33569453587886766 0.271948051948052 0.004555628703094141 0.007439703153988868
1 0.9277353522053983 0.7038589981447124 0.005220539828834759 0.007467532467532468
1 0.6074193548387097 0.28329313543599255 0.005260039499670836 0.01320964749536178
1 0.11694535878867675 0.7203710575139146 0.005957867017774852 0.006270871985157699
1 0.491211323238973 0.18731910946196662 0.006366030283080974 0.009805194805194805
1 0.8549835418038183 0.23771799628942486 0.00423304805793285 0.009879406307977737
1 0.34204081632653055 0.1852504638218924 0.005641869651086241 0.01030612244897959
1 0.043212639894667546 0.811187384044527 0.005892034233048057 0.006706864564007421
1 0.38036866359447 0.14113172541743968 0.007346938775510205 0.008719851576994434
1 0.09173798551678736 0.44274582560296843 0.005622119815668202 0.006474953617810761
1 0.8354509545753785 0.6264564007421151 0.004812376563528637 0.005732838589981447
1 0.8745095457537855 0.4052504638218924 0.004430546412113233 0.0061502782931354355
1 0.19189598420013168 0.8380241187384044 0.005023041474654378 0.0069109461966604824
1 0.8789071757735352 0.22051020408163266 0.004384463462804477 0.006493506493506494
1 0.11218564845292955 0.7582096474953618 0.0037985516787360104 0.006595547309833024
1 0.6420868992758394 0.4348330241187384 0.005279789335088874 0.00637291280148423
1 0.7548847926267281 0.8338961038961039 0.004331797235023042 0.004851576994434137
1 0.9262672811059908 0.7547680890538033 0.003956550362080316 0.007588126159554731
1 0.44653061224489793 0.25250463821892394 0.0036932192231731403 0.010037105751391466
1 0.4853522053982883 0.8490352504638219 0.004502962475312706 0.006753246753246753
1 0.2193614219881501 0.9439795918367347 0.005082290980908492 0.006938775510204082
1 0.639157340355497 0.7011038961038961 0.005576036866359447 0.0068089053803339515
1 0.15014483212639895 0.7107421150278292 0.00423304805793285 0.007764378478664192
1 0.6455102040816326 0.8504081632653061 0.004904542462146149 0.005454545454545454
1 0.4326201448321264 0.7011038961038961 0.004865042791310072 0.007328385899814472
1 0.13745227123107306 0.48678107606679033 0.004595128373930218 0.006725417439703154
1 0.5805661619486504 0.9666883116883116 0.004647794601711652 0.00634508348794063
1 0.5507834101382488 0.9900834879406307 0.005260039499670836 0.0076716141001855285
1 0.2653785385121791 0.17338589981447125 0.005082290980908492 0.006493506493506494
1 0.6645490454246215 0.5297866419294991 0.004792626728110599 0.005473098330241188
1 0.18786701777485187 0.3491743970315399 0.0038578011849901253 0.007161410018552875
1 0.6440421329822251 0.036512059369202224 0.00423304805793285 0.00865491651205937
1 0.7407241606319948 0.29103896103896104 0.0034562211981566822 0.007077922077922078
1 0.15441737985516787 0.9412244897959183 0.004147465437788018 0.006029684601113173
1 0.6494140882159316 0.16942486085343228 0.005240289664252798 0.009359925788497217
1 0.0619815668202765 0.6267996289424861 0.004364713627386438 0.005760667903525046
1 0.7900394996708361 0.07482374768089053 0.004792626728110599 0.006938775510204082
1 0.7744107965766951 0.03212430426716141 0.0033640552995391707 0.00865491651205937
1 0.971191573403555 0.07692949907235622 0.007314022383146807 0.007532467532467532
1 0.18969716919025673 0.17320964749536177 0.005984200131665569 0.005825602968460112
1 0.8759776168531929 0.035222634508348796 0.00435154707044108 0.00577922077922078
1 0.8295918367346939 0.28260667903525044 0.004167215273206057 0.006317254174397031
1 0.12084924292297564 0.023562152133580705 0.00466754443712969 0.006447124304267161
1 0.5849637919684002 0.03474953617810761 0.00488479262672811 0.007050092764378478
1 0.12902567478604346 0.05852504638218924 0.004430546412113233 0.006029684601113173
1 0.1430678077682686 0.7912337662337663 0.014009216589861751 0.00924860853432282
1 0.9399407504937459 0.08205009276437848 0.004700460829493087 0.00562152133580705
1 0.06572745227123107 0.8206122448979591 0.004832126398946675 0.006474953617810761
1 0.04599078341013825 0.722847866419295 0.00641211323238973 0.006187384044526902
1 0.2275181040157999 0.9623283858998145 0.0068202764976958525 0.007894248608534323
1 0.21903225806451612 0.9210667903525046 0.00695852534562212 0.007328385899814472
1 0.21903225806451612 0.8400371057513915 0.00695852534562212 0.00917439703153989
1 0.3103949967083608 0.8552875695732839 0.0066556945358788675 0.00833951762523191
1 0.25772218564845295 0.680278293135436 0.003943383805134957 0.01023191094619666
1 0.2550362080315997 0.5234322820037106 0.003706385780118499 0.0074582560296846
1 0.28493745885450955 0.5358812615955473 0.0070572745227123115 0.008256029684601113
1 0.3428571428571428 0.5564007421150278 0.004871626069782752 0.010732838589981447
1 0.3165437788018433 0.45315398886827457 0.006984858459512837 0.011521335807050092
1 0.13587886767610272 0.42676252319109464 0.004865042791310072 0.006948051948051948
1 0.03481895984200132 0.42335807050092766 0.0063067807768268595 0.009786641929499074
1 0.0029690585911784067 0.5679128014842301 0.004364713627386438 0.0023933209647495363
1 0.38252797893350887 0.5766419294990723 0.005523370638578012 0.007829313543599257
1 0.4302435813034891 0.5799814471243043 0.008518762343647136 0.004777365491651206
1 0.695707702435813 0.9487755102040816 0.009242922975641868 0.007300556586270872
1 0.6782488479262673 0.7774768089053803 0.005115207373271889 0.01179035250463822
1 0.5583870967741936 0.778404452690167 0.004871626069782752 0.004007421150278293
1 0.563410138248848 0.8015027829313544 0.004654377880184332 0.009230055658627086
1 0.8946938775510204 0.13503710575139147 0.00695852534562212 0.014016697588126159
1 0.7005200789993417 0.01554730983302412 0.005187623436471362 0.01365491651205937
1 0.770164581961817 0.0536178107606679 0.007636603028308097 0.01267161410018553
1 0.473100724160632 0.04006493506493506 0.005358788676761027 0.012087198515769945
1 0.4869585253456222 0.16525974025974027 0.005707702435813035 0.006975881261595547
1 0.5338314680710994 0.30318181818181816 0.00879526003949967 0.008042671614100185
1 0.5747860434496379 0.23531539888682745 0.006879526003949967 0.0072912801484230055
1 0.4982093482554312 0.36139146567717995 0.004259381171823568 0.006354359925788497
1 0.5182225148123766 0.3633673469387755 0.004937458854509546 0.01030612244897959
1 0.26323897300855825 0.09085343228200371 0.0030019749835418037 0.007606679035250463
1 0.1817643186306781 0.22 0.00597761685319289 0.010408163265306122
1 0.23968400263331138 0.16470315398886828 0.0037985516787360104 0.008274582560296846
1 0.2850032916392363 0.20535250463821894 0.007188940092165899 0.010037105751391466
1 0.15700460829493088 0.39342300556586274 0.007781435154707045 0.0077458256029684595
1 0.11238973008558262 0.35545454545454547 0.005793285055957867 0.006539888682745826
1 0.3224884792626728 0.5008441558441559 0.005187623436471362 0.010482374768089055
1 0.35604344963791973 0.6859369202226345 0.005582620144832126 0.007068645640074212