0 0.6288984168865435 0.0792029657089898 0.01762532981530343 0.024096385542168676
0 0.3369129287598944 0.3560518999073216 0.01633905013192612 0.029351251158480075
1 0.37451187335092345 0.25331788693234475 0.012236147757255938 0.017599629286376272
0 0.6518535620052771 0.7161909175162187 0.018693931398416887 0.030250231696014828
0 0.7163060686015832 0.8801853568118628 0.025560686015831134 0.028452270620945318
0 0.4687532981530343 0.5258480074142725 0.022981530343007917 0.03444856348470807
0 0.18213060686015833 0.4572474513438369 0.024887862796833773 0.03340129749768304
0 0.9316424802110818 0.47885078776645035 0.016523746701846965 0.030315106580166822
1 0.7822295514511872 0.0458758109360519 0.025956464379947232 0.03228915662650603
1 0.8774406332453826 0.10873957367933271 0.012968337730870713 0.013484708063021317
1 0.8823218997361477 0.5467747914735867 0.009934036939313984 0.013595922150139017
1 0.30859498680738784 0.3220945319740501 0.013067282321899736 0.016682113067655237
1 0.949221635883905 0.8836144578313253 0.017777044854881265 0.026413345690454126
1 0.6933575197889182 0.6078313253012049 0.013535620052770448 0.017599629286376272
0 0.5068337730870712 0.9254680259499537 0.017579155672823216 0.023493975903614458
1 0.3229419525065963 0.2458572752548656 0.011174142480211082 0.010370713623725672
1 0.39892480211081793 0.03957367933271548 0.008878627968337731 0.014569045412418907
1 0.13745382585751978 0.4414643188137164 0.02970976253298153 0.024782205746061166
1 0.45141820580474934 0.5484893419833179 0.02391160949868074 0.030481927710843373
1 0.07250659630606861 0.45175162187210377 0.020890501319261214 0.03867469879518072
1 0.04672163588390501 0.432548656163114 0.029419525065963063 0.03772937905468026
1 0.4596833773087071 0.9537071362372567 0.02524406332453826 0.025755329008341057
1 0.0837401055408971 0.3279240037071362 0.010244063324538259 0.009258572752548657
1 0.4733905013192612 0.46959221501390175 0.010778364116094986 0.01479147358665431
1 0.32177440633245386 0.2452548656163114 0.010699208443271766 0.011195551436515292
1 0.5356464379947229 0.6335588507877664 0.01784960422163588 0.015078776645041704
1 0.12914907651715038 0.43872103799814643 0.010699208443271766 0.01468952734012975
1 0.5869129287598944 0.4960055607043559 0.011332453825857519 0.018730305838739573
1 0.5659168865435356 0.9014550509731232 0.009894459102902375 0.01622798887859129
1 0.6557585751978892 0.5347636700648749 0.01379287598944591 0.012669138090824837
1 0.45849604221635887 0.9254680259499537 0.008852242744063325 0.01655236329935125
1 0.4670382585751979 0.3058016682113067 0.010006596306068602 0.011417979610750695
1 0.3166490765171504 0.29962928637627434 0.010857519788918206 0.012187210379981465
1 0.19604221635883903 0.6448748841519927 0.009267810026385225 0.008368860055607044
1 0.6191424802110818 0.17493975903614456 0.007691292875989446 0.010046339202965708
1 0.5551781002638523 0.9316404077849861 0.01554089709762533 0.02045412418906395
1 0.07879947229551451 0.6479610750695087 0.007064643799472296 0.011241890639481002
1 0.4387203166226913 0.6983873957367933 0.009267810026385225 0.011825764596848934
1 0.48412928759894464 0.6719740500463391 0.006563324538258575 0.015384615384615385
1 0.8549802110817942 0.21764596848934198 0.006827176781002638 0.010481927710843374
1 0.6943337730870712 0.45209453197405003 0.006688654353562006 0.012140871177015755
1 0.8207981530343007 0.3330676552363299 0.008186015831134565 0.015495829471733086
1 0.7753891820580475 0.920658016682113 0.006339050131926121 0.011547729379054681
1 0.8759762532981531 0.7985449490268768 0.007315303430079156 0.009221501390176088
1 0.8852506596306068 0.8664689527340129 0.009973614775725594 0.008767377201112142
1 0.368410290237467 0.9144856348470807 0.007810026385224275 0.012048192771084338
1 0.13843007915567282 0.65790546802595 0.007176781002638523 0.006997219647822057
1 0.31225593667546175 0.46719184430027805 0.0066688654353562 0.01159406858202039
1 0.475098944591029 0.6815755329008341 0.008713720316622691 0.009925857275254867
1 0.014063324538258575 0.9041983317886932 0.009637203166226913 0.010732159406858201
1 0.13232189973614775 0.5896478220574606 0.011642480211081793 0.008239110287303059
1 0.35253957783641166 0.3704633920296571 0.016094986807387864 0.013067655236329934
1 0.8183575197889182 0.4901760889712697 0.00728891820580475 0.008016682113067655
1 0.600098944591029 0.6263484708063022 0.007638522427440633 0.010685820203892492
1 0.10614116094986807 0.5265338276181649 0.008186015831134565 0.012381835032437442
1 0.7363258575197889 0.7944300278035218 0.005910290237467019 0.008980537534754402
1 0.1324472295514512 0.2421686746987952 0.006589709762532982 0.009508804448563484
1 0.637697889182058 0.9378127896200185 0.006688654353562006 0.013327154772937905
1 0.2778298153034301 0.43323447636700646 0.008812664907651716 0.011102873030583875
1 0.12512532981530342 0.9487859128822984 0.006075197889182059 0.013688600556070435
1 0.7885751978891821 0.5642632066728452 0.005798153034300791 0.008841519925857274
1 0.2790501319261214 0.7326876737720112 0.010211081794195252 0.018572752548656164
1 0.009017150395778365 0.44180722891566265 0.009267810026385225 0.010046339202965708
1 0.948245382585752 0.48880444856348465 0.011068601583113458 0.008943466172381835
1 0.01738126649076517 0.7237720111214088 0.009452506596306068 0.008368860055607044
1 0.7915039577836412 0.6057738646895273 0.005573878627968337 0.007803521779425394
1 0.12475593667546174 0.7621872103799815 0.005890501319261213 0.008405931417979611
1 0.636721635883905 0.8548007414272475 0.007176781002638523 0.010806302131603336
1 0.9663390501319261 0.9855792400370714 0.005191292875989446 0.009481000926784059
1 0.43920844327176783 0.7189712696941613 0.008034300791556728 0.009740500463392029
1 0.5966820580474934 0.8596014828544949 0.004313984168865435 0.009740500463392029
1 0.26611477572559367 0.7717886932344764 0.007038258575197889 0.010898980537534754
1 0.3498548812664908 0.6658016682113067 0.007401055408970977 0.009592215013901761
1 0.9213852242744063 0.6685449490268768 0.0066424802110817945 0.009184430027803522
1 0.8237335092348285 0.5718164967562558 0.006536939313984169 0.006867469879518072
1 0.13427440633245383 0.8829286376274328 0.006510554089709762 0.008767377201112142
1 0.2841820580474934 0.3044300278035218 0.007203166226912929 0.008276181649675625
1 0.4050263852242744 0.6297868396663577 0.005158311345646438 0.01056533827618165
1 0.6523416886543536 0.7958016682113067 0.007064643799472296 0.006756255792400371
1 0.3359366754617414 0.7155329008341056 0.004755936675461742 0.010602409638554217
1 0.14135883905013194 0.3522798887859129 0.006906332453825858 0.008053753475440222
1 0.8320316622691292 0.7210287303058387 0.005817941952506596 0.00613531047265987
1 0.8779287598944592 0.9570250231696016 0.00424802110817942 0.008804448563484708
1 0.9824208443271767 0.7210287303058387 0.005982849604221636 0.006969416126042632
1 0.5727506596306068 0.37114921223354963 0.0068007915567282326 0.013595922150139017
1 0.07610817941952507 0.13446709916589436 0.004366754617414248 0.00911955514365153
1 0.426754617414248 0.6116033364226134 0.0066424802110817945 0.012103799814643188
1 0.22339050131926122 0.4922335495829472 0.006510554089709762 0.012048192771084338
1 0.19641160949868072 0.10582020389249305 0.006959102902374671 0.008174235403151067
1 0.8315435356200527 0.40304911955514366 0.006075197889182059 0.007534754402224283
1 0.3718271767810027 0.39653382761816497 0.00908970976253298 0.013169601482854495
1 0.3681662269129288 0.9700556070435589 0.008153034300791557 0.008433734939759036
1 0.07263192612137204 0.558433734939759 0.004828496042216359 0.006626506024096386
1 0.5859366754617414 0.9618257645968489 0.005936675461741424 0.007506950880444856
1 0.48924802110817944 0.8580630213160334 0.007671503957783642 0.007534754402224283
1 0.09222295514511873 0.5896478220574606 0.0066424802110817945 0.007108433734939759
1 0.862302110817942 0.08952734012974976 0.005343007915567282 0.014457831325301205
1 0.9726583113456464 0.8383410565338276 0.005936675461741424 0.005227062094531974
1 0.4060554089709763 0.6294161260426321 0.0083311345646438 0.01257645968489342
1 0.08885883905013194 0.9293883225208526 0.00579155672823219 0.007265987025023169
1 0.08209102902374671 0.8658943466172382 0.006662269129287599 0.006088971269694161
1 0.028232189973614773 0.8456811862835959 0.002908970976253298 0.006163113994439296
1 0.020996042216358837 0.8234939759036144 0.0038786279683377307 0.006626506024096386
1 0.05311345646437995 0.8219462465245597 0.006352242744063325 0.004976830398517145
1 0.0791622691292876 0.7813901760889713 0.004920844327176781 0.007747914735866543
1 0.06686015831134565 0.7610101946246525 0.005026385224274407 0.004596848934198332
1 0.026523746701846967 0.6513345690454124 0.004637203166226913 0.007951807228915662
1 0.0975 0.7208248378127896 0.0045514511873350925 0.006645041705282669
1 0.14873350923482848 0.6585078776645041 0.005105540897097626 0.007840593141797962
1 0.18928100263852243 0.6914550509731233 0.005916886543535621 0.00721964782205746
1 0.20230870712401056 0.7027525486561631 0.0052044854881266485 0.009555143651529194
1 0.1462269129287599 0.7606487488415199 0.00420844327176781 0.005319740500463392
1 0.1550791556728232 0.8092029657089898 0.0033905013192612136 0.0055236329935125115
1 0.16916226912928758 0.8092029657089898 0.00478891820580475 0.0055236329935125115
1 0.15950527704485487 0.8412048192771084 0.002981530343007915 0.004439295644114921
1 0.10600923482849604 0.9142168674698796 0.006114775725593667 0.004392956441149213
1 0.16822559366754616 0.8779054680259499 0.0049736147757255935 0.006987951807228916
1 0.17724274406332452 0.8446617238183504 0.005514511873350923 0.007015755329008342
1 0.1895844327176781 0.8675069508804448 0.004465699208443271 0.006422613531047266
1 0.2095448548812665 0.8985449490268768 0.004241424802110818 0.0048748841519925855
1 0.18426781002638523 0.8505838739573679 0.0041226912928759895 0.0058480074142724745
1 0.21736807387862794 0.9584615384615385 0.0054815303430079156 0.006107506950880445
1 0.22737467018469656 0.9489990732159407 0.004894459102902374 0.007025023169601483
1 0.2494920844327177 0.991112140871177 0.00795514511873351 0.004884151992585727
1 0.24843667546174142 0.932613531047266 0.005844327176781002 0.007942539388322522
1 0.274221635883905 0.8883132530120482 0.004927440633245382 0.007544022242817424
1 0.22648416886543538 0.8418628359592215 0.004142480211081794 0.0043095458758109365
1 0.25431398416886547 0.8460426320667285 0.004221635883905013 0.005440222428174235
1 0.24383905013192614 0.8307970342910102 0.004894459102902374 0.0038832252085264137
1 0.2644788918205805 0.8427525486561631 0.004993403693931399 0.006088971269694161
1 0.2600065963060686 0.819017608897127 0.006345646437994722 0.0049026876737720115
1 0.2832915567282322 0.8202038924930491 0.004531662269129288 0.007275254865616311
1 0.2387335092348285 0.7293141797961075 0.0049736147757255935 0.006274328081556996
1 0.29865435356200526 0.7547914735866543 0.003350923482849604 0.0051714550509731234
1 0.2889841688654354 0.7973586654309546 0.006655672823218997 0.007859128822984245
1 0.32107519788918204 0.8039388322520853 0.00496042216358839 0.006561631139944393
1 0.3308641160949868 0.8405468025949954 0.00395778364116095 0.004569045412418906
1 0.29835092348284964 0.8860426320667284 0.004808707124010554 0.007340129749768304
1 0.30319920844327175 0.9131325301204819 0.005237467018469657 0.006561631139944393
1 0.33852902374670185 0.932678405931418 0.0038324538258575195 0.006617238183503243
1 0.3544327176781003 0.9655699721964781 0.005798153034300791 0.007312326227988879
1 0.40107519788918206 0.9408804448563485 0.005408970976253298 0.005662650602409639
1 0.3774142480211082 0.9531232622798889 0.0054419525065963065 0.008461538461538463
1 0.3721437994722955 0.9385449490268768 0.0041622691292875985 0.006774791473586654
1 0.32102902374670184 0.873660797034291 0.005897097625329815 0.007173308619091752
1 0.3465171503957784 0.891177015755329 0.006431398416886543 0.008934198331788695
1 0.3606860158311345 0.8436793327154773 0.004920844327176781 0.005060240963855421
1 0.41119393139841687 0.8699814643188137 0.006088390501319261 0.007043558850787766
1 0.4205145118733509 0.827516218721038 0.005178100263852243 0.008897126969416125
1 0.3731926121372032 0.8187951807228916 0.005237467018469657 0.007349397590361445
1 0.3939973614775725 0.7689249304911955 0.006695250659630607 0.007405004633920297
1 0.38544854881266494 0.8116867469879517 0.006068601583113456 0.006144578313253012
1 0.4665963060686016 0.8285449490268767 0.00674802110817942 0.00804448563484708
1 0.4514841688654354 0.8040871177015756 0.0074142480211081795 0.008294717330861909
1 0.4802968337730871 0.8686654309545876 0.006365435356200528 0.0073030583873957364
1 0.3431134564643799 0.8293975903614458 0.003746701846965699 0.00396663577386469
1 0.24358179419525064 0.8195829471733087 0.00437335092348285 0.00458758109360519
1 0.4571503957783641 0.9068211306765523 0.005369393139841689 0.00696014828544949
1 0.10897757255936676 0.8775903614457831 0.005883905013192612 0.004893419833178869
1 0.619221635883905 0.7671084337349398 0.006286279683377308 0.008109360518999072
1 0.5532255936675462 0.8423911028730307 0.004003957783641161 0.008266913809082484
1 0.6009234828496042 0.9255792400370714 0.005725593667546174 0.006867469879518072
1 0.5756926121372031 0.932817423540315 0.004670184696569921 0.005440222428174235
1 0.5468799472295515 0.9129008341056534 0.005718997361477573 0.006107506950880445
1 0.65032981530343 0.9232993512511585 0.0057124010554089714 0.006663577386468953
1 0.6547097625329815 0.977590361445783 0.006240105540897098 0.009657089898053754
1 0.6612203166226913 0.8717516218721038 0.005883905013192612 0.007692307692307693
1 0.7407519788918205 0.9626413345690454 0.006424802110817942 0.008693234476367008
1 0.6883707124010554 0.702882298424467 0.00562664907651715 0.008378127896200184
1 0.6330870712401055 0.6901482854494903 0.007262532981530343 0.008924930491195552
1 0.5850395778364116 0.6502131603336423 0.007928759894459103 0.00571825764596849
1 0.6307915567282322 0.615227062094532 0.006787598944591028 0.00804448563484708
1 0.6065435356200528 0.6055421686746988 0.004610817941952507 0.006042632066728452
1 0.7470976253298153 0.6729286376274328 0.00470976253298153 0.007757182576459684
1 0.7800593667546174 0.7205282669138091 0.00887203166226913 0.007506950880444856
1 0.8571767810026385 0.9293975903614459 0.0066424802110817945 0.008721037998146433
1 0.9070646437994723 0.9620389249304911 0.005547493403693931 0.007488415199258573
1 0.9761213720316623 0.9780074142724745 0.006761213720316623 0.0075996292863762735
1 0.913014511873351 0.9096014828544949 0.007156992084432718 0.0067377201112140865
1 0.8849076517150396 0.7522520852641335 0.004465699208443271 0.007312326227988879
1 0.8400527704485488 0.6912511584800741 0.006358839050131926 0.008248378127896201
1 0.8457915567282323 0.6253475440222428 0.007546174142480211 0.009499536607970344
1 0.8020514511873351 0.6162001853568119 0.005507915567282321 0.009999999999999998
1 0.810395778364116 0.5638924930491196 0.005718997361477573 0.006617238183503243
1 0.9354155672823219 0.5587951807228916 0.0056332453825857515 0.01088044485634847
1 0.8206068601583113 0.5515106580166822 0.005560686015831135 0.006450417052826692
1 0.9805606860158311 0.42630213160333646 0.004313984168865435 0.007673772011121408
1 0.9313654353562005 0.42008341056533827 0.0047427440633245384 0.008248378127896201
1 0.7527704485488127 0.3661631139944393 0.004736147757255936 0.004531974050046339
1 0.7755408970976253 0.350129749768304 0.003951187335092348 0.005736793327154773
1 0.6755408970976252 0.35886005560704354 0.004670184696569921 0.007275254865616311
1 0.7274472295514511 0.28835032437442076 0.0055540897097625325 0.00943466172381835
1 0.8420910290237467 0.3289620018535681 0.004267810026385224 0.005347544022242817
1 0.9334498680738785 0.3285356811862836 0.004795514511873351 0.0073864689527340125
1 0.9543007915567282 0.26862835959221504 0.0053232189973614775 0.006153846153846154
1 0.9241424802110818 0.36349397590361443 0.00779023746701847 0.007877664504170528
1 0.7901912928759894 0.4756811862835959 0.00546174142480211 0.006635773864689528
1 0.6749604221635884 0.5479703429101019 0.00454485488126649 0.00803521779425394
1 0.7066622691292875 0.5691380908248378 0.006180738786279683 0.008433734939759036
1 0.6501121372031663 0.5972474513438368 0.005277044854881266 0.00680259499536608
1 0.6163522427440633 0.5673308619091751 0.0077638522427440635 0.012048192771084338
1 0.6401055408970976 0.5270991658943466 0.005857519788918206 0.008239110287303059
1 0.5528693931398416 0.5268025949953661 0.006378627968337731 0.007645968489341983
1 0.5204485488126649 0.5157460611677479 0.005349604221635883 0.00721964782205746
1 0.6205738786279683 0.46844300278035217 0.006932717678100264 0.008063021316033363
1 0.6366160949868074 0.4012882298424467 0.00608179419525066 0.008257645968489342
1 0.6368271767810026 0.33659870250231694 0.006503957783641161 0.004708063021316033
1 0.6060224274406333 0.33090824837812793 0.00562664907651715 0.00778498609823911
1 0.5241688654353562 0.3296385542168675 0.004558047493403694 0.008137164040778497
1 0.5165369393139843 0.33214087117701574 0.008845646437994722 0.01025023169601483
1 0.4878627968337731 0.4127525486561631 0.0070844327176781 0.008053753475440222
1 0.4922427440633245 0.4507784986098239 0.007612137203166227 0.010342910101946247
1 0.48420844327176776 0.4451807228915663 0.005949868073878628 0.0049304911955514365
1 0.4258311345646438 0.3863855421686747 0.004478891820580475 0.0073864689527340125
1 0.4203693931398417 0.384050046339203 0.006952506596306068 0.008498609823911029
1 0.4076055408970976 0.4244763670064875 0.007150395778364116 0.00835032437442076
1 0.38576517150395784 0.4521686746987952 0.006695250659630607 0.005894346617238184
1 0.3695514511873351 0.4817701575532901 0.006180738786279683 0.007238183503243744
1 0.32150395778364116 0.5541241890639481 0.006853562005277045 0.007321594068582021
1 0.2982981530343008 0.5026413345690455 0.004696569920844327 0.007043558850787766
1 0.2866358839050132 0.5071825764596849 0.006068601583113456 0.007451343836886005
1 0.2820382585751979 0.5713994439295644 0.005118733509234828 0.007182576459684893
1 0.33008575197889184 0.5739759036144578 0.004452506596306069 0.007979610750695088
1 0.33425461741424806 0.6013623725671918 0.004558047493403694 0.0077942539388322525
1 0.33868073878627974 0.6358572752548657 0.004149076517150396 0.00882298424467099
1 0.2207585751978892 0.5404911955514365 0.00608179419525066 0.006098239110287303
1 0.2161741424802111 0.581631139944393 0.007196569920844327 0.0073864689527340125
1 0.1524274406332454 0.5666172381835033 0.006325857519788918 0.007738646895273401
1 0.1384696569920844 0.5593790546802595 0.007222955145118733 0.00916589434661724
1 0.1262598944591029 0.5887395736793327 0.005455145118733509 0.008591288229842446
1 0.11532321899736149 0.5809082483781278 0.006226912928759894 0.008832252085264133
1 0.0966754617414248 0.5650046339202965 0.008047493403693932 0.007405004633920297
1 0.038812664907651714 0.5346895273401298 0.005547493403693931 0.007506950880444856
1 0.09651055408970977 0.4618443002780352 0.006688654353562006 0.010778498609823911
1 0.15060026385224273 0.48123262279888784 0.005758575197889183 0.007608897126969417
1 0.27021108179419523 0.455097312326228 0.007203166226912929 0.008850787766450418
1 0.1754089709762533 0.4251992585727526 0.00596306068601583 0.006923076923076922
1 0.16429419525065964 0.39501390176088974 0.004320580474934037 0.007293790546802595
1 0.17561345646437995 0.25238183503243744 0.005336411609498681 0.011269694161260427
1 0.140844327176781 0.38938832252085265 0.004775725593667546 0.009054680259499535
1 0.16029023746701848 0.3128544949026877 0.005573878627968337 0.007831325301204818
1 0.0758641160949868 0.2769786839666358 0.005534300791556729 0.008387395736793328
1 0.009736147757255937 0.2858294717330862 0.006062005277044855 0.007293790546802595
1 0.08896437994722955 0.21706209453197406 0.008054089709762534 0.007154772937905468
1 0.18828496042216358 0.20257645968489343 0.007011873350923483 0.010009267840593142
1 0.23881266490765174 0.26657089898053754 0.003067282321899736 0.007822057460611678
1 0.2321635883905013 0.27045412418906395 0.006233509234828496 0.008368860055607044
1 0.20756596306068603 0.17107506950880444 0.006451187335092348 0.007738646895273401
1 0.1471042216358839 0.11594068582020389 0.004934036939313984 0.00882298424467099
1 0.214122691292876 0.08634847080630213 0.005158311345646438 0.007488415199258573
1 0.2444591029023747 0.11797961075069509 0.00612796833773087 0.007117701575532901
1 0.2972889182058048 0.07413345690454123 0.006794195250659631 0.010546802594995366
1 0.34188654353562004 0.06761816496756255 0.005415567282321901 0.010528266913809082
1 0.3551253298153034 0.062122335495829475 0.005118733509234828 0.009657089898053754
1 0.3330343007915567 0.10518072289156626 0.006233509234828496 0.008989805375347543
1 0.19133245382585753 0.05537534754402224 0.005897097625329815 0.007729379054680259
1 0.134221635883905 0.06577386468952734 0.006965699208443272 0.008285449490268767
1 0.11686675461741423 0.034272474513438365 0.0062137203166226914 0.006014828544949027
1 0.19201187335092346 0.04329008341056534 0.006226912928759894 0.00814643188137164
1 0.1857585751978892 0.025708989805375348 0.006075197889182059 0.007701575532900834
1 0.06975593667546175 0.04526413345690455 0.006695250659630607 0.007757182576459684
1 0.3442744063324538 0.2877571825764597 0.005039577836411609 0.006811862835959221
1 0.27116754617414246 0.2664596848934198 0.006015831134564643 0.009054680259499535
1 0.3579353562005277 0.2177386468952734 0.0055936675461741425 0.005616311399443929
1 0.32616094986807387 0.26085264133456904 0.008548812664907653 0.009397590361445784
1 0.46883245382585753 0.13544949026876738 0.005046174142480211 0.008785912882298425
1 0.4555936675461741 0.07273401297497684 0.005343007915567282 0.0048470806302131604
1 0.5483311345646438 0.16253938832252085 0.005527704485488127 0.008007414272474514
1 0.7055606860158312 0.1500926784059314 0.00604221635883905 0.009156626506024097
1 0.8762598944591029 0.13661723818350324 0.006728232189973614 0.006793327154772938
1 0.6551451187335092 0.4633734939759036 0.0050527704485488125 0.006607970342910102
1 0.6268601583113457 0.739481000926784 0.005098944591029024 0.006367006487488416
1 0.8899472295514512 0.769610750695088 0.00424802110817942 0.007330861909175162
1 0.8564973614775726 0.7516682113067655 0.005277044854881266 0.007608897126969417
1 0.47455145118733505 0.6009823911028731 0.009281002638522428 0.00994439295644115
1 0.4265963060686016 0.5925579240037071 0.008073878627968338 0.008989805375347543
1 0.4939248021108179 0.5768489341983317 0.006853562005277045 0.0036144578313253013
1 0.45092348284960426 0.8906858202038924 0.006286279683377308 0.010843373493975903
1 0.48608839050131925 0.8712974976830399 0.007783641160949869 0.00912882298424467
1 0.38594327176781007 0.6563948100092678 0.0060224274406332455 0.007951807228915662
1 0.4157519788918206 0.627645968489342 0.010527704485488128 0.010500463392029657
1 0.34700527704485484 0.5929657089898053 0.005356200527704485 0.005458758109360519
1 0.29319261213720316 0.6671640407784987 0.005811345646437995 0.009240037071362374
1 0.2991029023746702 0.4371362372567192 0.0047823218997361475 0.0066543095458758104