0 0.6937705998681609 0.3164378478664193 0.02162162162162162 0.02719851576994434
1 0.3352076466710613 0.3088589981447124 0.024337508239947264 0.030538033395176255
0 0.1418457481872116 0.44354359925788495 0.015603164139749506 0.026085343228200372
1 0.8256822676334871 0.3107513914656772 0.02284113381674357 0.02307977736549165
0 0.5014634146341463 0.46861781076066794 0.0209228740936058 0.034378478664192955
0 0.23095583388266316 0.7032745825602968 0.0198681608437706 0.03289424860853432
0 0.7919907712590639 0.46105751391465677 0.02088991430454845 0.037022263450834876
1 0.35547132498352013 0.10658627087198516 0.014502307185234015 0.03836734693877551
1 0.24328938694792354 0.5304638218923934 0.02076466710613052 0.028172541743970315
0 0.058899143045484506 0.7084322820037107 0.01991430454845089 0.03214285714285714
0 0.5024390243902439 0.3056029684601113 0.023236651285431772 0.04324675324675324
0 0.6391628213579433 0.6939981447124304 0.026611733684904416 0.044489795918367346
0 0.20434410019775873 0.9097588126159555 0.018938694792353328 0.024740259740259743
1 0.026704021094264997 0.48751391465677174 0.025800922874093607 0.02877551020408163
0 0.1355570204350692 0.6990538033395176 0.023955174686882005 0.029860853432282
1 0.9443375082399472 0.14910946196660482 0.01698088332234674 0.0348886827458256
1 0.37524719841793014 0.3940630797773655 0.016222808174027686 0.02170686456400742
1 0.10412656558998024 0.3174489795918367 0.029037574159525376 0.03583487940630798
1 0.05410678971654581 0.33377551020408164 0.01744232036914964 0.0224582560296846
1 0.3352076466710613 0.4404452690166976 0.02123928806855636 0.04077922077922078
0 0.5117205009887936 0.547643784786642 0.019986816084377062 0.03695732838589982
1 0.6855438365194463 0.49541743970315394 0.02470665787738958 0.032569573283858996
0 0.7529268292682927 0.7091187384044526 0.014172709294660513 0.026196660482374765
1 0.6000988793671721 0.8582189239332096 0.014449571522742255 0.02707792207792208
1 0.47070533948582727 0.22641001855287568 0.0190112063282795 0.029721706864564008
1 0.831542518127884 0.6617068645640075 0.026611733684904416 0.04466604823747681
1 0.6987277521423864 0.8176808905380334 0.01991430454845089 0.03334879406307978
1 0.9824192485168094 0.1634508348794063 0.023862887277521425 0.034035250463821894
1 0.5541990771259064 0.041094619666048236 0.017851021753460778 0.028024118738404453
1 0.8227554383651944 0.13321892393320967 0.016526038233355307 0.025120593692022262
1 0.3061502966381015 0.5624118738404452 0.013632168754119973 0.024545454545454547
1 0.5146473302570864 0.9056307977736548 0.017514831905075808 0.02096474953617811
0 0.5981212920237311 0.6630797773654916 0.018160843770599868 0.02894248608534323
1 0.16845748187211604 0.5101948051948052 0.01036914963744232 0.013302411873840445
0 0.7055636123928807 0.7187384044526901 0.0200659195781147 0.03457328385899815
1 0.32641397495056035 0.37242115027829314 0.00955833882663151 0.010296846011131726
1 0.8198220171390903 0.8025602968460112 0.01081740276862228 0.015278293135435992
1 0.901852340145023 0.1760760667903525 0.007785102175346078 0.012940630797773654
0 0.3144561634805537 0.6867810760667904 0.01930125247198418 0.02862708719851577
0 0.5224588002636783 0.6438404452690166 0.021990771259063943 0.03036178107606679
1 0.5483388266315096 0.8513543599257885 0.0108569545154911 0.013246753246753246
1 0.9482399472643375 0.5641280148423006 0.01005273566249176 0.009944341372912802
1 0.7358404746209624 0.4112430426716141 0.01005273566249176 0.011883116883116884
1 0.4379894528675016 0.4222356215213358 0.00959789057350033 0.014870129870129872
1 0.6782201713909031 0.417430426716141 0.0099340804218853 0.01414656771799629
1 0.5620105471324984 0.47617810760667906 0.00948582729070534 0.013868274582560297
1 0.6108371786420567 0.4699907235621521 0.007574159525379038 0.013506493506493506
1 0.7314436387607118 0.4789239332096475 0.00837837837837838 0.012402597402597401
1 0.5820303230059328 0.6173840445269017 0.015669083717864206 0.022912801484230055
1 0.507811470006592 0.6929684601113172 0.01094924192485168 0.013664192949907237
1 0.7084970336189849 0.1645640074211503 0.009854976928147659 0.009564007421150279
1 0.222412656558998 0.26454545454545453 0.006071193144363877 0.012940630797773654
1 0.48510876730388924 0.5356122448979592 0.01040870138431114 0.016011131725417443
1 0.7221687541199736 0.4164007421150278 0.008813447593935398 0.007755102040816326
1 0.08465392221489781 0.7063636363636364 0.01036914963744232 0.016771799628942485
1 0.8242188529993407 0.17538961038961037 0.006315095583388266 0.00888682745825603
1 0.48803559657218193 0.9289981447124305 0.007870797626895187 0.013191094619666048
1 0.6596704021094265 0.4129591836734694 0.007145682267633487 0.007319109461966605
1 0.8461898483849704 0.35971243042671613 0.007145682267633487 0.008645640074211503
1 0.4240738299274885 0.7214842300556586 0.006585365853658536 0.012782931354359926
1 0.8095715227422544 0.6579220779220779 0.0066381015161502965 0.008645640074211503
1 0.6152340145023072 0.4122727272727273 0.006611733684904416 0.009749536178107606
1 0.6875016479894529 0.925556586270872 0.00967699406723797 0.008923933209647494
1 0.7036123928806857 0.34562152133580704 0.007066578773895847 0.01010204081632653
1 0.5219709953856295 0.008126159554730982 0.013586025049439683 0.015705009276437847
1 0.9516611733684905 0.6469294990723562 0.007317073170731707 0.008348794063079777
1 0.40038892551087674 0.38444341372912805 0.005847066578773896 0.009415584415584415
1 0.19518787079762692 0.47274582560296846 0.005978905735003297 0.01010204081632653
1 0.8310547132498353 0.8973840445269017 0.00912326961107449 0.009025974025974026
1 0.37695451549110087 0.9228107606679035 0.00982201713909031 0.00898886827458256
1 0.5014634146341463 0.7840074211502782 0.006671061305207646 0.012356215213358071
1 0.3696308503625577 0.7984415584415585 0.00955833882663151 0.011391465677179963
1 0.6206064601186553 0.6816326530612244 0.0076664469347396185 0.011391465677179963
1 0.5312524719841792 0.8046289424860853 0.005365853658536586 0.009675324675324675
1 0.5004878048780488 0.8815862708719852 0.0076664469347396185 0.009749536178107606
1 0.6508767303889255 0.6531168831168831 0.006361239288068556 0.009128014842300556
1 0.3195781147000659 0.46930426716141005 0.004963744232036915 0.008645640074211503
1 0.46752801582069875 0.8444805194805195 0.0072577455504284774 0.010213358070500927
1 0.831542518127884 0.8685250463821892 0.0067699406723796965 0.00888682745825603
1 0.7475609756097561 0.21884972170686456 0.0073500329597890575 0.008645640074211503
1 0.7724588002636783 0.9035714285714286 0.007402768622280818 0.013506493506493506
1 0.05779828609096902 0.9702226345083489 0.006901779828609097 0.01696660482374768
1 0.7851549110085695 0.9351762523191095 0.006051417270929466 0.012068645640074212
1 0.5781278839815425 0.6517439703153989 0.006216216216216216 0.009907235621521335
1 0.3630388925510877 0.9509833024118739 0.0067699406723796965 0.015890538033395175
1 0.9516611733684905 0.9901484230055659 0.007092946605141727 0.012458256029684601
1 0.8881806196440342 0.9743413729128014 0.007607119314436387 0.008228200371057513
1 0.8618193803559658 0.2812059369202226 0.005537244561634806 0.007940630797773655
1 0.2065458141067897 0.9399907235621521 0.009195781147000658 0.008580705009276438
1 0.07318391562294001 0.6661688311688312 0.006928147659854977 0.009564007421150279
1 0.30493078444297955 0.8808998144712431 0.004864864864864865 0.012838589981447124
1 0.9536123928806857 0.9008256029684601 0.006315095583388266 0.011521335807050092
1 0.5727554383651945 0.9715955473098331 0.0066381015161502965 0.014257884972170686
1 0.19591957811470007 0.6541465677179963 0.008002636783124588 0.008061224489795918
1 0.568358602504944 0.010380333951762523 0.006717205009887936 0.009090909090909092
1 0.7768556361239288 0.8527272727272728 0.006341463414634146 0.009341372912801484
1 0.96044825313118 0.12256957328385899 0.00922874093605801 0.01715213358070501
1 0.9682597231377719 0.736595547309833 0.005491100856954516 0.009267161410018553
1 0.6772445616348056 0.22280148423005566 0.005754779169413316 0.008348794063079777
1 0.3132300593276203 0.030946196660482376 0.006005273566249175 0.008580705009276438
1 0.9252933421226105 0.7228571428571429 0.0052999340804218845 0.009415584415584415
1 0.4623994726433751 0.7743877551020408 0.007488464073829927 0.007968460111317254
1 0.6118193803559657 0.9180055658627088 0.005688859591298616 0.008283858998144713
1 0.6337903757415952 0.8966975881261595 0.006796308503625577 0.007968460111317254
1 0.6499011206328279 0.45419294990723563 0.004963744232036915 0.007087198515769944
1 0.9375016479894529 0.29271799628942485 0.004904416611733685 0.007523191094619666
1 0.37524719841793014 0.7668367346938775 0.004574818721160185 0.008580705009276438
1 0.9248055372445617 0.46141001855287567 0.004884640738299275 0.006641929499072357
1 0.8129861568885959 0.2600742115027829 0.004884640738299275 0.006215213358070501
1 0.873533289386948 0.6414285714285715 0.005425181278839816 0.005723562152133581
1 0.8242188529993407 0.2525231910946197 0.004792353328938695 0.006001855287569573
1 0.33715886618325647 0.7977551020408163 0.0066381015161502965 0.007578849721706865
1 0.003052076466710613 0.2867068645640074 0.005774555042847726 0.00782003710575139
1 0.1713843111404087 0.5235899814471242 0.0064139749505603165 0.006697588126159554
1 0.7558602504943969 0.5551948051948052 0.0047725774555042845 0.006317254174397031
1 0.7475609756097561 0.14094619666048236 0.004383651944627555 0.006335807050092765
1 0.16894528675016482 0.8664656771799628 0.005847066578773896 0.006233766233766234
1 0.3200659195781147 0.8245547309833025 0.005023071852340145 0.006233766233766234
1 0.7363282794990113 0.08133580705009277 0.005062623599208965 0.007226345083487941
1 0.012379696769940673 0.019415584415584414 0.008253131179960448 0.007346938775510204
1 0.9619116677653263 0.8245547309833025 0.004983520105471324 0.006567717996289425
1 0.06109426499670403 0.9241836734693878 0.005847066578773896 0.008126159554730982
1 0.6777323665128543 0.07227272727272727 0.004667106130520765 0.007606679035250463
1 0.024139749505603162 0.36658627087198514 0.004851680949241925 0.006743970315398886
1 0.2315688859591299 0.9489239332096475 0.005708635464733026 0.006261595547309833
1 0.5273434410019776 0.34493506493506493 0.004489123269611074 0.006641929499072357
1 0.9575214238628872 0.06514842300556586 0.004963744232036915 0.006335807050092765
1 0.08789057350032961 0.8499721706864564 0.005102175346077785 0.006168831168831169
1 0.31860250494396836 0.9619758812615955 0.004627554383651944 0.006437847866419296
0 0.12477257745550428 0.7248794063079776 0.026163480553724455 0.024434137291280147
1 0.1641331575477917 0.7380890538033394 0.007415952537903757 0.008951762523191095
1 0.34142386288727755 0.6367996289424861 0.005978905735003297 0.008302411873840445
1 0.20421226104152934 0.6135621521335807 0.0049967040210942655 0.00945269016697588
1 0.45771259063941994 0.5685157699443414 0.004383651944627555 0.008877551020408164
1 0.49190507580751486 0.6222356215213358 0.003731048121292024 0.0077458256029684595
1 0.4799274884640738 0.6442115027829314 0.005491100856954516 0.005983302411873841
1 0.49437046802900464 0.6854081632653062 0.003249835201054713 0.006456400742115028
1 0.35334212261041525 0.8831632653061224 0.005458141067897165 0.009564007421150279
1 0.6033025708635466 0.7730241187384045 0.004535266974291364 0.006437847866419296
1 0.607897165458141 0.8834508348794063 0.0042386288727752144 0.0044248608534322815
1 0.7042584047462096 0.7820037105751392 0.004739617666446935 0.007244897959183673
1 0.769564930784443 0.5750927643784787 0.004054054054054054 0.006799628942486085
1 0.7790837178642056 0.5432653061224489 0.0027818061964403427 0.00792207792207792
1 0.7022083058668425 0.5080426716141001 0.004700065919578115 0.007959183673469388
1 0.7169940672379698 0.39999999999999997 0.0017864205669083717 0.005204081632653061
1 0.5640408701384311 0.3857328385899814 0.004515491100856955 0.007152133580705009
1 0.5500527356624917 0.4506400742115028 0.003618984838497034 0.005528756957328386
1 0.5064007910349374 0.4888404452690167 0.004297956493078444 0.005732838589981447
1 0.5658866183256428 0.3265027829313544 0.004152933421226104 0.0068089053803339515
1 0.8471852340145023 0.3101205936920223 0.00903098220171391 0.008320964749536178
1 0.883071852340145 0.31800556586270873 0.005003295978905735 0.005046382189239333
1 0.5185431773236652 0.27200371057513917 0.005563612392880685 0.006382189239332097
1 0.35715227422544493 0.33981447124304265 0.006301911667765327 0.00676252319109462
1 0.5427224785761371 0.20987012987012987 0.003843111404087014 0.004025974025974026
1 0.7982926829268293 0.0524860853432282 0.004653922214897825 0.005482374768089054
1 0.8274950560316413 0.11336734693877551 0.006209624258404746 0.007226345083487941
1 0.5923533289386949 0.05326530612244898 0.005642715886618326 0.0070408163265306125
1 0.5954976928147659 0.03523191094619666 0.0038035596572181937 0.007161410018552875
1 0.41059986816084376 0.02704081632653061 0.004911008569545155 0.00792207792207792
1 0.3456888595912986 0.044294990723562154 0.0036849044166117335 0.006233766233766234
1 0.3952603823335531 0.1000556586270872 0.006717205009887936 0.007272727272727273
1 0.32878048780487806 0.030120593692022263 0.0064139749505603165 0.006456400742115028
1 0.06843111404087014 0.32369202226345084 0.005524060646011866 0.010714285714285714
1 0.10659195781147 0.3386456400742115 0.007495056031641397 0.005111317254174397
1 0.11729070533948584 0.2576159554730983 0.004423203691496375 0.009990723562152134
1 0.23777191825972313 0.1761038961038961 0.004436387607119315 0.008877551020408164
1 0.20973632168754122 0.12806122448979593 0.003869479235332894 0.008042671614100185
1 0.08069215557020434 0.15893320964749538 0.004324324324324324 0.00883116883116883
1 0.06775214238628872 0.13365491651205938 0.006875411997363217 0.007801484230055659
1 0.30123269611074494 0.47588126159554733 0.004113381674357285 0.0064842300556586276