0 0.45953358208955225 0.385832241153342 0.023423507462686566 0.020583224115334208
1 0.33972014925373134 0.597653997378768 0.02041044776119403 0.013846657929226736
0 0.4358115671641791 0.8227522935779816 0.024347014925373136 0.033387942332896464
1 0.6103358208955224 0.2715399737876802 0.012341417910447761 0.016959370904325033
1 0.2868936567164179 0.5424836173001311 0.012695895522388059 0.01036697247706422
1 0.13362873134328357 0.8276343381389253 0.01978544776119403 0.012870249017038008
0 0.04085820895522388 0.024888597640891217 0.01569962686567164 0.01444954128440367
1 0.11016791044776118 0.4057601572739188 0.014477611940298507 0.019056356487549147
1 0.11503731343283581 0.0707994757536042 0.01240671641791045 0.008781127129750984
1 0.39027985074626864 0.6098623853211009 0.012024253731343285 0.01060943643512451
1 0.033470149253731346 0.1657732634338139 0.009057835820895524 0.006487549148099607
1 0.037014925373134326 0.17102228047182177 0.014309701492537314 0.016526867627785057
1 0.12736940298507463 0.11596985583224115 0.008917910447761194 0.008184796854521625
1 0.857714552238806 0.3347182175622542 0.02111940298507463 0.01785058977719528
1 0.4792537313432836 0.5346657929226737 0.00832089552238806 0.011245085190039318
1 0.49473880597014924 0.5353407601572738 0.006175373134328358 0.014410222804718216
1 0.4007089552238806 0.23937745740498034 0.013871268656716416 0.007667103538663171
1 0.6724813432835821 0.44115989515072085 0.013498134328358209 0.011690694626474443
1 0.06616604477611941 0.9169921363040628 0.007845149253731344 0.008184796854521625
1 0.23666977611940299 0.222653997378768 0.009598880597014924 0.006769331585845347
1 0.47125932835820894 0.8037090432503277 0.013199626865671643 0.012673656618610746
1 0.7346921641791045 0.375 0.008610074626865673 0.009233289646133683
1 0.36804104477611943 0.09387287024901704 0.011119402985074626 0.006959370904325032
1 0.05717350746268657 0.2276605504587156 0.014029850746268656 0.007844036697247706
1 0.8750932835820896 0.6450196592398427 0.013041044776119403 0.007149410222804718
1 0.7930783582089552 0.8188466579292267 0.008852611940298507 0.008034076015727391
1 0.34580223880597016 0.06427260812581913 0.016511194029850747 0.006461336828309305
1 0.17385261194029852 0.875 0.009981343283582089 0.012142857142857143
1 0.7944682835820895 0.27758846657929226 0.008880597014925372 0.00919397116644823
1 0.04973880597014926 0.7319331585845348 0.009869402985074627 0.006743119266055046
1 0.23875932835820896 0.37866317169069463 0.007611940298507463 0.005386631716906946
1 0.7180130597014925 0.3120117955439056 0.0115205223880597 0.006310615989515073
1 0.9612873134328358 0.19653342070773266 0.008852611940298507 0.006336828309305373
1 0.9508582089552239 0.47753604193971166 0.012257462686567164 0.006690694626474443
1 0.5376399253731343 0.38842726081258194 0.009496268656716418 0.006146788990825688
1 0.10400186567164178 0.4138204456094364 0.007397388059701492 0.005360419397116644
1 0.10191231343283583 0.4934076015727392 0.010578358208955224 0.00834862385321101
1 0.8452052238805969 0.1696788990825688 0.009272388059701491 0.006310615989515073
1 0.15521455223880595 0.7961795543905635 0.014524253731343284 0.005072083879423329
1 0.32303171641791045 0.06536697247706422 0.008880597014925372 0.006716906946264744
1 0.06290111940298508 0.5126933158584535 0.011613805970149252 0.005865006553079947
1 0.9557276119402984 0.6269528178243775 0.013871268656716416 0.005865006553079947
1 0.17863805970149255 0.23230013106159897 0.007630597014925373 0.005039318479685452
1 0.9883955223880596 0.6225557011795544 0.010298507462686566 0.007844036697247706
1 0.7096641791044777 0.022110091743119266 0.007490671641791044 0.008125819134993446
1 0.01683768656716418 0.6147444298820446 0.008852611940298507 0.007752293577981652
1 0.6509328358208955 0.3269069462647444 0.006044776119402986 0.00881389252948886
1 0.9591977611940299 0.6972673656618611 0.009496268656716418 0.006585845347313238
1 0.16508395522388059 0.7822280471821756 0.005485074626865672 0.007634338138925295
1 0.386464552238806 0.9135714285714285 0.008218283582089553 0.008741808650065531
1 0.9501679104477613 0.346435124508519 0.007462686567164179 0.005937090432503277
1 0.6412033582089552 0.6474639580602883 0.007033582089552239 0.006238532110091743
1 0.5783022388059702 0.7495085190039319 0.008152985074626865 0.006336828309305373
1 0.08871268656716418 0.7407208387942332 0.008097014925373134 0.004868938401048493
1 0.151875 0.10742463958060289 0.007201492537313433 0.005661861074705112
1 0.21356343283582088 0.247437745740498 0.006744402985074627 0.005727391874180865
1 0.49315298507462685 0.11065530799475755 0.006688432835820895 0.005445609436435125
1 0.7124533582089553 0.29248361730013106 0.009309701492537313 0.008256880733944955
1 0.8591044776119403 0.39428571428571424 0.007397388059701492 0.005891218872870249
1 0.5456343283582089 0.942870249017038 0.006902985074626866 0.005799475753604194
1 0.04674440298507462 0.9438466579292267 0.007462686567164179 0.006585845347313238
1 0.8187966417910447 0.894043250327654 0.006044776119402986 0.005688073394495413
1 0.668311567164179 0.7827129750982963 0.006986940298507463 0.005471821756225426
1 0.8187966417910447 0.9194364351245085 0.007425373134328358 0.006192660550458715
1 0.40661380597014923 0.2973656618610747 0.006585820895522388 0.007149410222804718
1 0.49315298507462685 0.22985583224115333 0.007882462686567164 0.004678899082568807
1 0.22311567164179105 0.3999017038007864 0.00708955223880597 0.00471821756225426
1 0.465 0.942870249017038 0.0065391791044776115 0.005661861074705112
1 0.6422481343283583 0.03149410222804718 0.006138059701492537 0.005707732634338139
1 0.9612873134328358 0.039187418086500656 0.006408582089552239 0.005301441677588467
1 0.06138059701492537 0.08868283093053736 0.0073787313432835825 0.0046264744429882045
1 0.2554384328358209 0.875 0.005792910447761194 0.005576671035386631
1 0.0715018656716418 0.46557667103538664 0.006361940298507463 0.005910878112712975
1 0.15457089552238804 0.7548820445609437 0.006194029850746269 0.004541284403669725
1 0.7187033582089553 0.130740498034076 0.007173507462686568 0.006238532110091743
1 0.789598880597015 0.7016579292267365 0.006557835820895522 0.005557011795543906
1 0.35448694029850747 0.9692398427260812 0.0059514925373134325 0.004960681520314548
1 0.558143656716418 0.03353866317169069 0.0055317164179104475 0.005137614678899082
1 0.3329384328358209 0.36694626474442993 0.006716417910447761 0.005406290956749673
1 0.9647574626865671 0.298826998689384 0.0055130597014925375 0.005799475753604194
1 0.04630597014925373 0.49243119266055047 0.007462686567164179 0.004541284403669725
1 0.1676865671641791 0.09350589777195281 0.005419776119402984 0.004521625163826999
1 0.49836753731343286 0.1633289646133683 0.005998134328358208 0.005281782437745741
1 0.40835820895522384 0.6943381389252948 0.0050746268656716425 0.008676277850589777
1 0.8090671641791045 0.9492201834862385 0.005774253731343284 0.005557011795543906
1 0.03694962686567164 0.33276539973787683 0.006958955223880597 0.0038269986893840102
1 0.6328638059701492 0.062228047182175616 0.006716417910447761 0.00471821756225426
1 0.9035914179104477 0.5791022280471823 0.007695895522388059 0.005845347313237222
1 0.21721082089552238 0.16321100917431192 0.005634328358208956 0.005039318479685452
1 0.19027985074626866 0.1455045871559633 0.005979477611940298 0.004849279161205767
1 0.3746455223880597 0.5126933158584535 0.006716417910447761 0.005281782437745741
1 0.029617537313432835 0.7595150720838794 0.013274253731343284 0.006055045871559633
1 0.10263059701492537 0.6944954128440367 0.015111940298507463 0.009528178243774573
1 0.0460634328358209 0.5087483617300131 0.010121268656716418 0.008663171690694627
1 0.09021455223880596 0.468872870249017 0.013218283582089553 0.0071821756225425954
1 0.14726679104477614 0.41024246395806024 0.009347014925373135 0.007319790301441678
1 0.1529384328358209 0.43774574049803405 0.014132462686567164 0.00709043250327654
1 0.21430970149253734 0.4335583224115334 0.012360074626865671 0.007916120576671036
1 0.13167910447761194 0.531697247706422 0.010942164179104479 0.006218872870249017
1 0.2756902985074627 0.48380733944954124 0.01058768656716418 0.009429882044560944
1 0.3274440298507463 0.4663040629095675 0.009235074626865672 0.006651376146788991
1 0.5572481343283582 0.3975491480996068 0.007957089552238806 0.009482306684141547
1 0.5083582089552239 0.4876146788990826 0.013824626865671642 0.008591087811271297
1 0.5819216417910448 0.4778505897771953 0.006875 0.008741808650065531
1 0.6032182835820895 0.45174311926605504 0.010251865671641791 0.007673656618610748
1 0.7901212686567164 0.4743577981651376 0.00871268656716418 0.0076539973787680205
1 0.8878544776119403 0.500386631716907 0.010886194029850747 0.010511140235910878
1 0.7129850746268657 0.5612516382699869 0.011305970149253731 0.008269986893840104
1 0.6663246268656716 0.5839580602883355 0.010419776119402984 0.006461336828309305
1 0.8733768656716417 0.5564613368283093 0.009953358208955224 0.00655307994757536
1 0.764179104477612 0.3940498034076016 0.010046641791044775 0.008401048492791613
1 0.9906902985074627 0.40714285714285714 0.009263059701492537 0.007031454783748362
1 0.939375 0.2633682830930537 0.013078358208955223 0.008754914809960681
1 0.7567350746268657 0.2674442988204456 0.006072761194029851 0.0038401048492791613
1 0.6954011194029851 0.22099606815203146 0.0069496268656716416 0.004685452162516383
1 0.6080690298507463 0.3217758846657929 0.011557835820895522 0.011435124508519004
1 0.6617164179104478 0.297653997378768 0.006343283582089552 0.006612057667103538
1 0.6921548507462687 0.3237418086500655 0.008852611940298507 0.007496723460026212
1 0.731865671641791 0.3347182175622542 0.009850746268656717 0.009770642201834863
1 0.42823694029850745 0.3252228047182176 0.010438432835820894 0.004547837483617301
1 0.44480410447761193 0.25283748361730013 0.004869402985074627 0.007208387942332897
1 0.1916417910447761 0.20812581913499345 0.01064365671641791 0.008453473132372215
1 0.3715951492537314 0.1487287024901704 0.009216417910447762 0.007739187418086501
1 0.4116417910447761 0.1664678899082569 0.01646455223880597 0.007791612057667104
1 0.10386194029850747 0.032634338138925294 0.011557835820895522 0.005779816513761468
1 0.4934235074626866 0.08136959370904324 0.00916044776119403 0.0068217562254259505
1 0.8991884328358208 0.06980996068152032 0.011138059701492536 0.0073263433813892526
1 0.8987313432835822 0.16695937090432503 0.007444029850746269 0.0068086500655308
1 0.6373973880597015 0.054737876802096984 0.008097014925373134 0.0067496723460026215
1 0.0664365671641791 0.02646788990825688 0.005718283582089552 0.004357798165137615
1 0.11757462686567165 0.14663171690694626 0.004636194029850746 0.005
1 0.7684888059701493 0.14269986893840103 0.004375 0.0035058977719528176
1 0.5620149253731344 0.17514416775884664 0.004020522388059701 0.004960681520314548
1 0.6188152985074626 0.25967234600262123 0.005876865671641791 0.006762778505897772
1 0.1524626865671642 0.7878374836173001 0.006455223880597015 0.005163826998689384
1 0.6137033582089552 0.5680340760157274 0.003638059701492537 0.004134993446920052