1 0.14350854139290406 0.5193401486988847 0.016254927726675427 0.019228624535315986
1 0.34033508541392904 0.6844609665427509 0.008127463863337714 0.011449814126394052
1 0.9570302233902759 0.1769888475836431 0.017779237844940867 0.03213754646840149
0 0.43164257555847574 0.8730111524163569 0.020019710906701706 0.02320631970260223
1 0.05697766097240473 0.9213568773234201 0.009520367936925098 0.010678438661710038
1 0.5981471747700394 0.5238754646840149 0.010006570302233902 0.008754646840148698
1 0.7646452036793693 0.8322583643122676 0.004198423127463863 0.009321561338289963
1 0.8623061760840999 0.9662546468401487 0.00985545335085414 0.010148698884758365
1 0.21325886990801576 0.9641821561338291 0.007095926412614981 0.00924721189591078
0 0.8471681997371879 0.5874163568773234 0.030913272010512482 0.04644981412639405
1 0.8164060446780551 0.7956598513011153 0.007963206307490143 0.012908921933085503
1 0.11816688567674112 0.635418215613383 0.009126149802890933 0.010037174721189592
1 0.017378449408672798 0.748689591078067 0.007036793692509856 0.008011152416356877
1 0.44628777923784496 0.9047769516728624 0.00664257555847569 0.011533457249070633
1 0.5644546649145861 0.9137639405204462 0.007345597897503285 0.007853159851301115
1 0.08557161629434955 0.8122304832713755 0.006688567674113009 0.006514869888475836
1 0.31225361366622867 0.932407063197026 0.011248357424441526 0.00921003717472119
1 0.3046846254927727 0.3484479553903346 0.009191852825229961 0.010111524163568773
1 0.21789750328515112 0.5390706319702602 0.005427069645203679 0.006570631970260223
1 0.5434559789750328 0.47725836431226765 0.006957950065703022 0.0077602230483271376
1 0.8701182654402102 0.4596468401486989 0.005446780551905387 0.013736059479553902
1 0.420407358738502 0.9558921933085501 0.0058409986859395534 0.014154275092936803
1 0.04821944809461235 0.8522862453531598 0.005578186596583443 0.0065427509293680295
1 0.2990735873850197 0.926189591078067 0.007233902759526938 0.010353159851301115
1 0.9667936925098555 0.6098605947955391 0.010210249671484888 0.008327137546468402
1 0.6621090670170828 0.8688661710037174 0.00626149802890933 0.009033457249070632
1 0.5610381077529566 0.8529832713754646 0.005821287779237845 0.009842007434944238
1 0.9648423127463863 0.8440055762081784 0.006491458607095927 0.00770446096654275
1 0.40527595269382394 0.8488382899628253 0.0069053876478318 0.008726765799256506
1 0.22180026281208934 0.6557899628252788 0.004678055190538765 0.007323420074349442
1 0.545407358738502 0.9172118959107807 0.00516425755584757 0.008076208178438661
1 0.4802233902759527 0.9020167286245354 0.006051248357424442 0.008076208178438661
1 0.3103022339027595 0.9469144981412639 0.00607095926412615 0.011366171003717472
1 0.6806636005256242 0.9945724907063198 0.0064126149802890935 0.007500000000000001
1 0.7421879106438896 0.5635873605947955 0.005 0.0071561338289962825
1 0.7250985545335085 0.8633457249070632 0.0062155059132720115 0.007676579925650557
1 0.8583968462549277 0.31615241635687735 0.0061695137976346915 0.008234200743494423
1 0.8452168199737189 0.8502137546468402 0.005886990801576873 0.006802973977695167
1 0.9755847568988173 0.9476022304832714 0.005532194480946124 0.006970260223048327
1 0.33593955321944813 0.8412360594795538 0.005197109067017083 0.006858736059479554
1 0.9458015768725361 0.7770074349442379 0.006563731931668857 0.005734200743494424
1 0.43676741130091984 0.5853438661710038 0.004487516425755585 0.006217472118959108
1 0.6083968462549277 0.9448420074349442 0.004086727989487516 0.007946096654275094
1 0.8447240473061761 0.2603810408921933 0.004678055190538765 0.006644981412639406
1 0.4504402102496715 0.8944237918215613 0.004250985545335085 0.007825278810408922
1 0.4492181340341656 0.828810408921933 0.004198423127463863 0.006050185873605948
1 0.664060446780552 0.6026115241635688 0.004848883048620236 0.006078066914498141
1 0.06634691195795007 0.681003717472119 0.004329829172141918 0.005780669144981413
1 0.8344743758212877 0.6105576208178439 0.0040275952693823915 0.004572490706319703
1 0.6992312746386334 0.06161710037174721 0.004448094612352168 0.004377323420074349
1 0.6801642575558476 0.06910780669144981 0.003771353482260184 0.0054182156133829
1 0.3180814717477004 0.9430576208178438 0.006373193166885676 0.00825278810408922
1 0.46011169513797634 0.9221747211895911 0.008567674113009198 0.009990706319702601
1 0.990335085413929 0.6384107806691449 0.008199737187910644 0.012899628252788104
1 0.6791787122207622 0.059442379182156134 0.003784494086727989 0.008485130111524164