0 0.7951251646903821 0.7553525046382189 0.019519104084321476 0.0323469387755102
1 0.5927733860342557 0.8223469387755102 0.009822134387351779 0.016910946196660483
0 0.8393544137022398 0.5187755102040816 0.024934123847167325 0.03718923933209648
0 0.8022463768115942 0.46170686456400745 0.021238471673254284 0.030380333951762522
0 0.9291963109354413 0.5583116883116883 0.020019762845849803 0.02807977736549165
1 0.7514624505928854 0.980491651205937 0.010566534914361 0.010426716141001855
1 0.789064558629776 0.6628293135435992 0.005118577075098814 0.008135435992578849
1 0.6464822134387351 0.6645454545454546 0.009229249011857708 0.00927643784786642
1 0.9282213438735177 0.4152968460111317 0.012338603425559947 0.011484230055658629
1 0.7495125164690382 0.5211873840445269 0.0111133069828722 0.008923933209647494
1 0.658201581027668 0.8299072356215214 0.009341238471673254 0.007319109461966605
1 0.7133794466403163 0.9419851576994435 0.007575757575757576 0.013460111317254175
1 0.8271475625823451 0.7247124304267162 0.007608695652173913 0.008719851576994434
1 0.7797826086956522 0.6545732838589982 0.005553359683794466 0.008005565862708721
1 0.7207048748353097 0.6710760667903525 0.007061923583662715 0.009100185528756959
1 0.5903293807641634 0.772152133580705 0.006745718050065876 0.01437847866419295
1 0.4033201581027668 0.9646753246753248 0.011198945981554678 0.013256029684601113
1 0.844235836627141 0.6889517625231911 0.006613965744400527 0.008923933209647494
1 0.3466798418972332 0.5524675324675324 0.009301712779973648 0.01046382189239332
1 0.6572266139657443 0.6782931354359926 0.0061660079051383395 0.007551020408163266
1 0.26293807641633726 0.9557328385899814 0.0077536231884057965 0.009870129870129871
1 0.7236297760210804 0.32660482374768085 0.007147562582345191 0.012606679035250463
1 0.6088866930171277 0.6036920222634508 0.01013175230566535 0.01010204081632653
1 0.5366205533596838 0.9337291280148422 0.005665349143610013 0.009573283858998145
1 0.4602042160737813 0.9412987012987013 0.0054479578392621865 0.009684601113172542
1 0.04519762845849802 0.549378478664193 0.009413702239789195 0.008617810760667902
1 0.8012714097496706 0.4355844155844156 0.004756258234519104 0.007068645640074212
1 0.5146508563899869 0.9715491651205936 0.005428194993412385 0.00935064935064935
1 0.5981422924901186 0.5321892393320965 0.005889328063241106 0.007207792207792207
1 0.5380830039525691 0.5435343228200371 0.006567852437417655 0.010630797773654917
1 0.1779776021080369 0.8979777365491651 0.011198945981554678 0.01279220779220779
1 0.9013702239789196 0.6411688311688312 0.005843214756258234 0.008135435992578849
1 0.12408432147562583 0.7714656771799628 0.009519104084321476 0.01075139146567718
1 0.9477536231884058 0.9007328385899814 0.006310935441370224 0.00782003710575139
1 0.8784189723320158 0.6776066790352505 0.005935441370223979 0.006539888682745826
1 0.06878787878787879 0.6480426716141002 0.006488801054018445 0.009907235621521335
1 0.1857905138339921 0.9131076066790352 0.005638998682476944 0.01010204081632653
1 0.1730961791831357 0.6903339517625231 0.008478260869565216 0.011846011131725417
1 0.13476284584980236 0.46170686456400745 0.009229249011857708 0.008682745825602968
1 0.3559552042160738 0.9433580705009277 0.0061462450592885375 0.00888682745825603
1 0.3466798418972332 0.5400927643784786 0.006798418972332016 0.008098330241187385
1 0.6357444005270092 0.9179220779220779 0.004683794466403162 0.010510204081632652
1 0.561034255599473 0.8684137291280148 0.006093544137022398 0.012077922077922078
1 0.9643544137022398 0.4328293135435992 0.007147562582345191 0.005936920222634509
1 0.9467786561264823 0.9853061224489796 0.0048880105401844535 0.010547309833024118
1 0.31494071146245056 0.8402226345083488 0.0057773386034255594 0.008098330241187385
1 0.9780303030303031 0.3453339517625232 0.007259552042160737 0.008450834879406307
1 0.6738274044795783 0.7474025974025974 0.0051976284584980235 0.007068645640074212
1 0.4567852437417655 0.6975510204081633 0.011376811594202898 0.010510204081632652
1 0.05966403162055336 0.9282282003710575 0.004696969696969697 0.01075139146567718
1 0.5595718050065875 0.9633024118738405 0.0057773386034255594 0.00935064935064935
1 0.8085968379446641 0.28500000000000003 0.005750988142292491 0.01241187384044527
1 0.7216798418972332 0.2456400742115028 0.005889328063241106 0.008098330241187385
1 0.03527667984189723 0.986679035250464 0.005961791831357049 0.01075139146567718
1 0.9404281949934123 0.7295176252319109 0.004789196310935441 0.007096474953617811
1 0.31323451910408434 0.9089795918367347 0.006508563899868248 0.007096474953617811
1 0.7871080368906456 0.8250927643784787 0.0053227931488801054 0.00575139146567718
1 0.24328722002635048 0.5555658627087199 0.005731225296442688 0.007411873840445269
1 0.47583003952569164 0.6782931354359926 0.009519104084321476 0.008330241187384044
1 0.302733860342556 0.5559090909090909 0.0048484848484848485 0.010547309833024118
1 0.5444334650856391 0.8195918367346938 0.0068247694334650855 0.008682745825602968
1 0.30487483530961795 0.17551948051948052 0.006785243741765481 0.004656771799628942
1 0.8032213438735177 0.043358070500927645 0.0053425559947299075 0.009211502782931353
1 0.9023451910408432 0.45620593692022265 0.0047167325428195 0.005890538033395176
1 0.7490250329380764 0.48886827458256027 0.0041501976284584975 0.0069109461966604824
1 0.13757575757575757 0.8732282003710575 0.007292490118577076 0.01010204081632653
1 0.43384057971014495 0.9179220779220779 0.004400527009222661 0.008580705009276438
1 0.5717786561264823 0.28500000000000003 0.006798418972332016 0.010426716141001855
1 0.6816403162055336 0.3884786641929499 0.004736495388669302 0.008200371057513915
1 0.3312977602108037 0.8567254174397031 0.0048089591567852434 0.007430426716141002
1 0.9677733860342556 0.49162337662337663 0.006073781291172596 0.006437847866419296
1 0.3105467720685112 0.16217996289424863 0.005059288537549407 0.007857142857142858
1 0.5791040843214756 0.35478664192949905 0.005138339920948616 0.009387755102040816
1 0.733399209486166 0.4039517625231911 0.005217391304347826 0.007411873840445269
1 0.3659683794466403 0.49608534322820036 0.006218708827404479 0.0112708719851577
1 0.435764163372859 0.5515027829313544 0.0077536231884057965 0.007884972170686457
1 0.46752964426877475 0.3458534322820037 0.008952569169960475 0.011846011131725417
1 0.6606455862977603 0.9605473098330242 0.005158102766798419 0.007588126159554731
1 0.5302766798418973 0.5339053803339517 0.008122529644268775 0.009833024118738404
1 0.922364953886693 0.35478664192949905 0.005138339920948616 0.007588126159554731
1 0.15246376811594203 0.7047680890538034 0.009084321475625823 0.006567717996289425
1 0.23754940711462452 0.45277365491651206 0.005263504611330698 0.006437847866419296
1 0.5273451910408432 0.9853061224489796 0.004420289855072463 0.007643784786641929
1 0.21814229249011857 0.4197680890538033 0.006772068511198945 0.009165120593692023
1 0.3269038208168643 0.1816883116883117 0.006310935441370224 0.0074953617810760665
1 0.30395256916996044 0.5871892393320964 0.0060013175230566535 0.006641929499072357
1 0.2753886693017128 0.7002968460111317 0.008616600790513834 0.008719851576994434
1 0.8706060606060606 0.08169758812615954 0.005797101449275362 0.008098330241187385
1 0.1126086956521739 0.48783858998144713 0.005243741765480896 0.006697588126159554
1 0.46191699604743086 0.10820964749536179 0.006291172595520422 0.009610389610389609
1 0.028274044795783927 0.5517810760667904 0.004571805006587616 0.005983302411873841
1 0.6088866930171277 0.06591836734693877 0.004736495388669302 0.010584415584415585
1 0.9877931488801054 0.7391465677179963 0.007371541501976284 0.006437847866419296
1 0.030731225296442687 0.3661317254174397 0.005158102766798419 0.006410018552875696
1 0.23376152832674574 0.6518274582560296 0.005039525691699605 0.006669758812615956
1 0.09552042160737813 0.6714192949907235 0.004940711462450593 0.006196660482374767
1 0.5439459815546772 0.1312430426716141 0.0048880105401844535 0.0076994434137291285
1 0.3271475625823452 0.05479591836734694 0.004907773386034256 0.008450834879406307
1 0.4045388669301713 0.4183951762523191 0.004980237154150197 0.006743970315398886
1 0.6035177865612649 0.2623098330241187 0.004433465085638999 0.006196660482374767
1 0.28076416337285903 0.3515213358070501 0.005303030303030303 0.007430426716141002
1 0.5839855072463768 0.30391465677179963 0.006982872200263505 0.011131725417439703
1 0.5253886693017128 0.013775510204081633 0.005599472990777339 0.010918367346938775
1 0.7319367588932806 0.08633580705009276 0.00461133069828722 0.006614100185528757
1 0.7070289855072464 0.10837662337662338 0.005 0.008098330241187385
1 0.5151383399209486 0.29841372912801484 0.005118577075098814 0.007235621521335807
1 0.644532279314888 0.19733766233766234 0.0053227931488801054 0.00826530612244898
1 0.3864756258234519 0.3437940630797774 0.012239789196310934 0.013051948051948052
1 0.2707509881422925 0.10589053803339518 0.006567852437417655 0.007152133580705009
1 0.08587615283267458 0.008358070500927644 0.0054874835309617915 0.010667903525046383
1 0.9370092226613966 0.09024118738404453 0.003405797101449275 0.00888682745825603
1 0.07249670619235836 0.9747031539888683 0.004776021080368906 0.006530612244897959
1 0.16200263504611329 0.8859369202226345 0.0046640316205533595 0.008571428571428572
1 0.15757575757575756 0.8182560296846012 0.005533596837944664 0.008933209647495362
1 0.18808300395256916 0.8167810760667904 0.005217391304347826 0.007365491651205937
1 0.2276086956521739 0.8196196660482374 0.004440052700922266 0.006187384044526902
1 0.23219367588932807 0.8867439703153989 0.0048484848484848485 0.0047031539888682744
1 0.2060737812911726 0.9088961038961039 0.0051778656126482215 0.006521335807050093
1 0.19887351778656126 0.9503339517625232 0.004407114624505929 0.0057699443413729125
1 0.23509222661396575 0.9454081632653061 0.0038405797101449275 0.005500927643784786
1 0.2464822134387352 0.9416604823747681 0.00422266139657444 0.006243042671614101
1 0.23903820816864296 0.9144526901669758 0.00393939393939394 0.006660482374768089
1 0.2855204216073781 0.8270500927643785 0.004420289855072463 0.005964749536178107
1 0.25046772068511197 0.7635528756957328 0.0034387351778656125 0.009202226345083489
1 0.21706192358366272 0.7423654916512059 0.004762845849802372 0.006586270871985158
1 0.2721607378129117 0.737152133580705 0.003985507246376811 0.00575139146567718
1 0.19403820816864295 0.6793970315398886 0.0044795783926218705 0.005398886827458256
1 0.30310935441370224 0.6734972170686456 0.0035770750988142292 0.005936920222634509
1 0.32189723320158103 0.7065398886827458 0.005131752305665349 0.006224489795918367
1 0.34037549407114626 0.6939053803339518 0.004123847167325428 0.00562152133580705
1 0.3654150197628459 0.6957792207792207 0.0035704874835309616 0.005259740259740259
1 0.3664558629776021 0.706604823747681 0.004677206851119895 0.004981447124304267
1 0.3048418972332016 0.7789332096474955 0.004117259552042161 0.004322820037105751
1 0.3002503293807641 0.8663358070500927 0.003702239789196311 0.005018552875695733
1 0.30770092226613965 0.8208070500927644 0.003992094861660079 0.007189239332096475
1 0.33164690382081685 0.7844897959183673 0.0032081686429512517 0.004461966604823747
1 0.36419631093544136 0.8057977736549164 0.0060013175230566535 0.004591836734693878
1 0.37482872200263506 0.7897031539888683 0.0038998682476943346 0.005287569573283859
1 0.43210144927536226 0.764647495361781 0.0035704874835309616 0.005899814471243043
1 0.4360474308300395 0.7219573283858998 0.0036693017127799737 0.00689239332096475
1 0.4568906455862977 0.6580797773654916 0.0035046113306982873 0.005269016697588126
1 0.38976284584980236 0.6367717996289426 0.003590250329380764 0.0051391465677179966
1 0.49415678524374174 0.6321243042671614 0.0040447957839262185 0.005445269016697589
1 0.3388471673254282 0.9361688311688312 0.003985507246376811 0.004851576994434137
1 0.33445981554677207 0.9849072356215214 0.003972332015810277 0.00637291280148423
1 0.4404281949934124 0.8674582560296846 0.0036824769433465086 0.007272727272727273
1 0.4394993412384717 0.8356029684601113 0.0047430830039525695 0.007987012987012987
1 0.42292490118577075 0.7807421150278293 0.0027470355731225296 0.005194805194805195
1 0.4443741765480896 0.8455844155844155 0.0037812911725955208 0.006020408163265306
1 0.46433465085639 0.8962615955473098 0.003787878787878788 0.005918367346938775
1 0.4758695652173913 0.7873933209647495 0.0034848484848484847 0.0034137291280148425
1 0.48926877470355734 0.8290445269016697 0.00303030303030303 0.004471243042671614
1 0.5306785243741766 0.8710482374768089 0.004077733860342556 0.004842300556586271
1 0.559901185770751 0.8392486085343228 0.0031357048748353097 0.004313543599257885
1 0.5633596837944663 0.8064842300556586 0.004209486166007905 0.004591836734693878
1 0.5304808959156785 0.7921985157699444 0.003675889328063241 0.006168831168831169
1 0.5051581027667984 0.7198701298701299 0.005599472990777339 0.006827458256029685
1 0.5155467720685112 0.6374582560296845 0.003992094861660079 0.005148423005565863
1 0.6006719367588933 0.6269758812615955 0.0038669301712779976 0.004740259740259741
1 0.6153623188405797 0.6341187384044528 0.004038208168642951 0.003951762523191095
1 0.6056982872200264 0.6599536178107607 0.004189723320158103 0.006270871985157699
1 0.5609486166007905 0.695213358070501 0.004242424242424243 0.005510204081632653
1 0.5631620553359684 0.7075139146567718 0.0038076416337285905 0.00679035250463822
1 0.5833201581027668 0.692439703153989 0.004216073781291173 0.005435992578849722
1 0.5977667984189723 0.7302875695732839 0.004874835309617918 0.008478664192949908
1 0.5940250329380764 0.9521428571428572 0.0051778656126482215 0.008024118738404452
1 0.5948682476943347 0.9611595547309834 0.005889328063241106 0.006864564007421151
1 0.6107707509881423 0.903812615955473 0.0036231884057971015 0.004573283858998144
1 0.6772595520421607 0.8787569573283859 0.003227931488801054 0.005185528756957328
1 0.6576548089591568 0.8014378478664194 0.004901185770750989 0.006818181818181818
1 0.637536231884058 0.7378385899814471 0.0036100131752305666 0.005760667903525046
1 0.6443412384716732 0.713404452690167 0.003583662714097497 0.006243042671614101
1 0.6490777338603425 0.6529313543599258 0.005276679841897233 0.004564007421150278
1 0.6693280632411067 0.6636363636363636 0.00391304347826087 0.006781076066790352
1 0.684262187088274 0.6251020408163266 0.0035968379446640318 0.005111317254174397
1 0.6544400527009223 0.5916512059369202 0.0033399209486166008 0.006753246753246753
1 0.6919038208168643 0.6287847866419295 0.004281949934123847 0.00562152133580705
1 0.6989064558629776 0.6244805194805195 0.004657444005270093 0.00523191094619666
1 0.7326284584980238 0.6330890538033396 0.005902503293807642 0.00601113172541744
1 0.7359749670619236 0.7640816326530612 0.004802371541501977 0.0061502782931354355
1 0.7531686429512516 0.7394341372912802 0.0031620553359683794 0.004823747680890538
1 0.8215810276679842 0.6411410018552876 0.003702239789196311 0.005658627087198515
1 0.916277997364954 0.7442949907235622 0.0051976284584980235 0.006335807050092765
1 0.8362252964426878 0.7910111317254175 0.004762845849802372 0.005166975881261596
1 0.8811396574440052 0.7998423005565863 0.005988142292490118 0.007755102040816326
1 0.9289525691699605 0.8008070500927643 0.006205533596837945 0.006948051948051948
1 0.8897562582345192 0.8833395176252319 0.004723320158102767 0.006131725417439704
1 0.6303754940711462 0.5643877551020408 0.005092226613965745 0.005760667903525046
1 0.6226679841897234 0.543543599257885 0.0060013175230566535 0.008144712430426715
1 0.6321739130434783 0.5754638218923933 0.005961791831357049 0.008766233766233766
1 0.6843083003952569 0.5707977736549166 0.005480895915678525 0.007096474953617811
1 0.7106851119894598 0.5560575139146567 0.005184453227931489 0.00826530612244898
1 0.680935441370224 0.5141558441558441 0.005533596837944664 0.0087569573283859
1 0.7217061923583662 0.5089239332096475 0.005461133069828722 0.009786641929499074
1 0.7683333333333333 0.5189981447124304 0.004841897233201581 0.006938775510204082
1 0.7717654808959157 0.4646660482374768 0.003550724637681159 0.005556586270871985
1 0.7778392621870883 0.45807977736549166 0.004802371541501977 0.007717996289424861
1 0.8554479578392622 0.3813450834879406 0.003590250329380764 0.0055658627087198514
1 0.7989789196310935 0.36390538033395176 0.00492094861660079 0.008998144712430427
1 0.685270092226614 0.35535250463821894 0.004683794466403162 0.007235621521335807
1 0.7094466403162055 0.3354730983302412 0.005428194993412385 0.0076994434137291285
1 0.8206851119894598 0.2967532467532467 0.006159420289855072 0.004962894248608534
1 0.877490118577075 0.20628014842300557 0.004143610013175231 0.00984230055658627
1 0.8600592885375493 0.034406307977736555 0.0032938076416337285 0.010890538033395177
1 0.7164163372859025 0.07630797773654917 0.007114624505928854 0.010408163265306122
1 0.5365744400527009 0.058645640074211504 0.005210803689064559 0.009573283858998145
1 0.5641238471673254 0.05341372912801484 0.005902503293807642 0.010602968460111316
1 0.5146837944664031 0.07006493506493507 0.00769433465085639 0.0055936920222634514
1 0.522733860342556 0.22410946196660483 0.006100131752305666 0.007189239332096475
1 0.544901185770751 0.248265306122449 0.004183135704874835 0.007606679035250463
1 0.5515283267457181 0.27979591836734696 0.006548089591567852 0.007439703153988868
1 0.5705335968379447 0.39059369202226346 0.0064756258234519104 0.01064935064935065
1 0.5838142292490118 0.38766233766233765 0.004472990777338604 0.008636363636363636
1 0.616600790513834 0.3730148423005566 0.0047430830039525695 0.008070500927643784
1 0.5407839262187089 0.3942486085343228 0.006831357048748352 0.006474953617810761
1 0.49608036890645585 0.3994805194805195 0.005843214756258234 0.005445269016697589
1 0.46019762845849804 0.4062801484230056 0.0061857707509881425 0.007560296846011132
1 0.44372200263504613 0.4149165120593692 0.004525691699604743 0.007588126159554731
1 0.4691436100131752 0.46576066790352505 0.0050329380764163375 0.009656771799628943
1 0.49146245059288535 0.495621521335807 0.006139657444005271 0.008089053803339519
1 0.5521475625823452 0.5461595547309833 0.006429512516469038 0.0076252319109461975
1 0.3795454545454545 0.5284972170686457 0.006772068511198945 0.00679035250463822
1 0.3991765480895916 0.5103617810760668 0.006574440052700923 0.0069109461966604824
1 0.3170421607378129 0.5776994434137291 0.005553359683794466 0.009397031539888684
1 0.31187088274044794 0.5522727272727272 0.004736495388669302 0.00836734693877551
1 0.28481554677206855 0.4671243042671614 0.006396574440052701 0.01046382189239332
1 0.23797101449275362 0.41959183673469386 0.005217391304347826 0.011196660482374768
1 0.2965151515151515 0.37921150278293136 0.005316205533596838 0.007059369202226345
1 0.3379710144927536 0.4375139146567718 0.003880105401844532 0.006799628942486085
1 0.2839196310935441 0.30522263450834874 0.005961791831357049 0.010417439703153989
1 0.2364558629776021 0.3170408163265306 0.004907773386034256 0.007226345083487941
1 0.23989459815546774 0.27513914656771804 0.0036166007905138343 0.007708719851576995
1 0.2934189723320158 0.2392578849721707 0.005928853754940711 0.008738404452690167
1 0.3400461133069829 0.2814656771799629 0.005309617918313571 0.010779220779220779
1 0.3704150197628458 0.2423469387755102 0.004828722002635046 0.007263450834879406
1 0.3933596837944664 0.2523283858998145 0.005823451910408432 0.006159554730983302
1 0.45633069828722006 0.3151205936920223 0.009334650856389987 0.011057513914656772
1 0.440197628458498 0.17232838589981447 0.007002635046113308 0.008970315398886828
1 0.023306982872200264 0.3221892393320965 0.007121212121212122 0.007931354359925789
1 0.03355072463768116 0.317430426716141 0.004486166007905138 0.008005565862708721
1 0.14568511198945983 0.16134508348794063 0.005652173913043478 0.008089053803339519
1 0.1260540184453228 0.09964749536178108 0.005849802371541503 0.0072912801484230055
1 0.12729249011857707 0.039526901669758814 0.005606060606060606 0.009647495361781076
1 0.2650329380764163 0.03525046382189239 0.003557312252964427 0.0087569573283859
1 0.26372859025032935 0.05822820037105752 0.005039525691699605 0.006827458256029685
1 0.30112648221343874 0.06472170686456401 0.005019762845849802 0.006410018552875696
1 0.3217193675889328 0.02653061224489796 0.004018445322793149 0.010482374768089055
1 0.42502635046113313 0.016716141001855287 0.00386034255599473 0.008098330241187385
1 0.48970355731225296 0.04 0.003972332015810277 0.008682745825602968
1 0.1861791831357049 0.3133487940630798 0.005019762845849802 0.0074953617810760665
1 0.21682476943346507 0.3116883116883117 0.005098814229249012 0.006103896103896104
1 0.14997364953886694 0.519925788497217 0.007595520421607378 0.011567717996289426
1 0.7801383399209486 0.898265306122449 0.005612648221343873 0.01025974025974026
1 0.44472990777338606 0.5476994434137291 0.005401844532279315 0.008450834879406307
1 0.3083201581027668 0.17085343228200373 0.005500658761528327 0.007077922077922078