0 0.9132654402102497 0.49040892193308544 0.018318002628120892 0.028280669144981414
0 0.7705059132720106 0.5874163568773234 0.023193166885676738 0.03039033457249071
0 0.9082063074901445 0.31304832713754643 0.023331143232588697 0.03507434944237919
0 0.7299802890932983 0.9538197026022305 0.021576872536136663 0.04052973977695167
0 0.25820630749014456 0.3951951672862454 0.024658344283837057 0.02784386617100372
0 0.13561760840998685 0.6837639405204461 0.026110381077529568 0.021644981412639406
0 0.3740210249671485 0.4216542750929368 0.026261498028909327 0.030176579925650558
0 0.5249014454664914 0.45273234200743495 0.03033508541392904 0.030000000000000002
0 0.5053679369250985 0.7334944237918216 0.02052562417871222 0.02941449814126394
0 0.16455321944809462 0.3467193308550186 0.023725361366622864 0.02495353159851301
0 0.45263469119579497 0.4482156133828996 0.02162286465177398 0.03194237918215613
0 0.9418922470433639 0.5525371747211896 0.028272010512483577 0.031338289962825276
0 0.6118134034165571 0.26210966542750924 0.02140604467805519 0.02784386617100372
1 0.4025886990801577 0.6633921933085501 0.020919842312746385 0.028104089219330854
0 0.5053679369250985 0.3615334572490706 0.017102496714848883 0.03381970260223048
0 0.9448226018396846 0.6537174721189591 0.02791064388961892 0.03187732342007435
0 0.4792509855453351 0.9337918215613383 0.02795663600525624 0.04297397769516729
0 0.3054204993429698 0.39679368029739776 0.023469119579500656 0.02099442379182156
0 0.021865965834428385 0.5877602230483271 0.03241130091984231 0.03256505576208178
0 0.629395532194481 0.4016263940520446 0.021990801576872537 0.02941449814126394
0 0.5048817345597897 0.517314126394052 0.03634691195795007 0.03657992565055762
0 0.6332982917214192 0.8060130111524163 0.023863337713534823 0.030622676579925654
0 0.16770039421813404 0.6495817843866172 0.023817345597897503 0.03507434944237919
1 0.7509789750328515 0.5407992565055761 0.01478318002628121 0.025724907063197026
0 0.6279303547963206 0.6799721189591078 0.02920499342969777 0.03984200743494423
1 0.43676741130091984 0.31339219330855017 0.019421813403416557 0.024191449814126395
0 0.13940210249671484 0.7148420074349442 0.02561760840998686 0.03984200743494423
0 0.2695335085413929 0.6374907063197026 0.02323915900131406 0.027109665427509297
0 0.19421156373193166 0.6071003717472119 0.022201051248357424 0.030343866171003715
0 0.6171879106438897 0.11637546468401487 0.01764126149802891 0.0320724907063197
0 0.3762220762155059 0.2904275092936803 0.020597897503285154 0.029098513011152415
0 0.6147437582128777 0.2194609665427509 0.01916557161629435 0.02588289962825279
0 0.4165045992115637 0.8626486988847584 0.020795006570302234 0.028429368029739777
0 0.031248357424441525 0.5356133828996283 0.022293035479632062 0.024776951672862455
1 0.37915243101182655 0.46689591078066917 0.020367936925098553 0.02266728624535316
0 0.5610381077529566 0.9738475836431226 0.024277266754270697 0.03368959107806691
0 0.5278318002628121 0.5515055762081784 0.02456636005256242 0.03513940520446097
1 0.09436268068331144 0.6637360594795538 0.03289750328515112 0.04635687732342008
0 0.2427989487516426 0.6782434944237918 0.02104467805519054 0.026440520446096655
0 0.72338370565046 0.2644795539033457 0.022463863337713535 0.032815985130111525
1 0.6577135348226019 0.7286617100371747 0.01692509855453351 0.03117100371747212
1 0.8437516425755585 0.5321654275092937 0.012674113009198422 0.016988847583643125
1 0.295407358738502 0.7093215613382899 0.015302233902759527 0.013996282527881041
1 0.10876478318002628 0.4337453531598513 0.011734559789750328 0.01758364312267658
1 0.5742181340341656 0.3353252788104089 0.010052562417871223 0.019591078066914496
0 0.026806833114323258 0.17258364312267657 0.022509855453350852 0.02903345724907063
1 0.04248357424441524 0.88682156133829 0.010985545335085414 0.013680297397769518
1 0.5673850197109067 0.5998513011152417 0.013534822601839686 0.017862453531598512
1 0.10107095926412615 0.5211152416356878 0.018022339027595268 0.01758364312267658
1 0.5595729303547963 0.5521933085501859 0.013633377135348226 0.015659851301115243
1 0.32226675427069645 0.7659572490706319 0.012385019710906702 0.013680297397769518
1 0.9643561103810775 0.9344795539033457 0.012969776609724046 0.011533457249070633
1 0.706544021024967 0.6892936802973977 0.012529566360052563 0.017388475836431227
1 0.1680880420499343 0.977992565055762 0.013685939553219447 0.01745353159851301
1 0.6093758212877792 0.716914498141264 0.017378449408672798 0.02578996282527881
1 0.02133377135348226 0.8053252788104089 0.009231274638633378 0.013466542750929369
1 0.3762220762155059 0.6523420074349442 0.015775295663600527 0.018485130111524164
1 0.20227332457293037 0.9703996282527881 0.014060446780551905 0.01553903345724907
1 0.5551773981603154 0.09453531598513011 0.011780551905387647 0.020436802973977694
1 0.12793035479632064 0.23776022304832714 0.01692509855453351 0.0224907063197026
1 0.05779894875164258 0.932407063197026 0.011465177398160315 0.01433085501858736
1 0.3339816031537451 0.5373420074349442 0.011465177398160315 0.01705390334572491
1 0.8388699080157688 0.6613197026022305 0.012923784494086729 0.010557620817843866
1 0.2202168199737188 0.8308828996282528 0.012148488830486201 0.014786245353159852
1 0.24802890932982918 0.8619888475836431 0.011990801576872536 0.011747211895910782
1 0.17993429697766097 0.4610223048327138 0.020446780551905387 0.014944237918215612
1 0.13622864651773983 0.024107806691449817 0.009559789750328515 0.018773234200743494
1 0.0859986859395532 0.8736988847583643 0.00778580814717477 0.014442379182156132
1 0.4594743758212878 0.08343866171003718 0.008646517739816032 0.028643122676579928
0 0.7363272010512484 0.24812267657992568 0.019986859395532196 0.02937732342007435
1 0.9487319316688568 0.15272304832713757 0.01045335085413929 0.008856877323420075
1 0.3417936925098555 0.13511152416356878 0.009126149802890933 0.016858736059479556
1 0.6430683311432326 0.9006412639405205 0.012772667542706966 0.010715613382899628
1 0.08404730617608411 0.9351672862453532 0.007726675427069645 0.016087360594795538
1 0.7040998685939553 0.8212081784386617 0.00985545335085414 0.019591078066914496
1 0.7641590013140604 0.1780204460966543 0.009520367936925098 0.026226765799256504
1 0.7470696452036794 0.7259014869888476 0.009086727989487517 0.011496282527881041
1 0.8916031537450723 0.4178531598513011 0.010900131406044677 0.01525092936802974
1 0.11181340341655717 0.3089033457249071 0.011964520367936925 0.00924721189591078
1 0.9838896189224704 0.21807620817843867 0.014730617608409989 0.013113382899628252
1 0.18254927726675427 0.5255483271375465 0.00519053876478318 0.010232342007434943
1 0.8964848883048621 0.026635687732342008 0.018587385019710904 0.03319702602230483
1 0.27465834428383706 0.9614126394052045 0.007575558475689881 0.013996282527881041
1 0.06164257555847569 0.3998977695167286 0.009816031537450722 0.010966542750929368
1 0.8007818659658344 0.08482342007434944 0.010289093298291722 0.022314126394052045
1 0.794921156373193 0.4109479553903346 0.008672798948751642 0.013633828996282528
1 0.2481668856767411 0.5107527881040893 0.011031537450722733 0.012230483271375464
1 0.9418922470433639 0.7459293680297397 0.008416557161629435 0.013633828996282528
1 0.17346254927726676 0.5466635687732342 0.008153745072273325 0.013522304832713754
1 0.8032194480946123 0.058317843866171004 0.015013140604467807 0.02345724907063197
1 0.04132063074901445 0.44721189591078064 0.008988173455978975 0.008828996282527882
1 0.02821287779237845 0.734182156133829 0.00726018396846255 0.010232342007434943
1 0.1948226018396846 0.9386245353159851 0.00871222076215506 0.013150557620817844
1 0.8930683311432326 0.08594795539033458 0.011327201051248357 0.01383828996282528
1 0.532227332457293 0.8736988847583643 0.010565045992115637 0.010473977695167285
1 0.4436005256241787 0.850910780669145 0.00871222076215506 0.011533457249070633
1 0.44482260183968464 0.5117843866171004 0.012240473061760841 0.012323420074349441
1 0.012772667542706966 0.7804646840148699 0.008318002628120894 0.011226765799256506
1 0.8056636005256242 0.9904275092936803 0.009973718791064389 0.011672862453531599
1 0.8569316688567674 0.6823884758364313 0.008442838370565045 0.008894052044609666
1 0.9218593955321944 0.7866078066914498 0.005210249671484888 0.011793680297397769
1 0.11340341655716163 0.5587546468401487 0.011031537450722733 0.007500000000000001
1 0.6557621550591327 0.5805111524163569 0.008442838370565045 0.016858736059479556
1 0.8051773981603154 0.8170631970260223 0.00871222076215506 0.010678438661710038
1 0.06561103810775296 0.33480483271375466 0.0067411300919842316 0.010148698884758365
1 0.45141918528252295 0.6060687732342007 0.010565045992115637 0.010269516728624537
1 0.960939553219448 0.9738475836431226 0.005867279894875164 0.010799256505576208
1 0.0207227332457293 0.28110594795539035 0.010946123521681998 0.020594795539033456
1 0.029980289093298293 0.9165241635687732 0.007549277266754271 0.010037174721189592
1 0.021629434954007886 0.904089219330855 0.004770039421813403 0.00899628252788104
1 0.588377135348226 0.7120817843866172 0.010131406044678055 0.01679368029739777
1 0.48120236530880417 0.26556691449814124 0.009415243101182654 0.015418215613382899
1 0.01640604467805519 0.11145910780669145 0.008850197109067018 0.013466542750929369
1 0.17736530880420498 0.2370724907063197 0.008035479632063075 0.021570631970260223
1 0.017516425755584757 0.9683271375464685 0.007549277266754271 0.010594795539033457
1 0.9794940867279894 0.48277881040892195 0.008672798948751642 0.014107806691449815
1 0.26293692509855454 0.5193866171003717 0.009126149802890933 0.011013011152416357
1 0.5732391590013141 0.07808550185873606 0.008672798948751642 0.013373605947955391
1 0.6630880420499343 0.22550185873605946 0.007608409986859395 0.015065055762081786
1 0.22118922470433638 0.07131040892193309 0.011964520367936925 0.02132899628252788
1 0.8549802890932983 0.8412360594795538 0.007812089356110381 0.011050185873605949
1 0.1600328515111695 0.9192843866171003 0.007963206307490143 0.00987918215613383
1 0.3898948751642575 0.26400557620817844 0.009559789750328515 0.01996282527881041
1 0.5 0.04184944237918216 0.007207621550591328 0.014052044609665427
1 0.9785151116951379 0.6036524163568773 0.007122207621550592 0.011096654275092935
1 0.2337647831800263 0.7707899628252788 0.010735873850197109 0.01265799256505576
1 0.5629894875164257 0.6744423791821562 0.007844940867279895 0.014888475836431226
1 0.4313994743758213 0.3912639405204461 0.008948751642575558 0.009395910780669144
1 0.9971747700394219 0.26659851301115245 0.005643889618922471 0.00862453531598513
1 0.958981603153745 0.9165241635687732 0.006590013140604468 0.007676579925650557
1 0.05136005256241787 0.028643122676579928 0.007431011826544021 0.01204460966542751
1 0.4353022339027595 0.16749070631970261 0.006537450722733245 0.018141263940520444
1 0.24243101182654403 0.5511524163568773 0.006714848883048621 0.010195167286245354
1 0.2509789750328515 0.01553903345724907 0.005578186596583443 0.015910780669144982
1 0.5971681997371879 0.8398605947955391 0.00916557161629435 0.010315985130111524
1 0.1345203679369251 0.5003903345724907 0.0080946123521682 0.014786245353159852
1 0.8769513797634692 0.8847490706319703 0.006287779237844941 0.010594795539033457
1 0.40502628120893563 0.04934014869888476 0.010006570302233902 0.01525092936802974
1 0.5102562417871223 0.12949814126394052 0.01316688567674113 0.014442379182156132
1 0.6611300919842312 0.2957806691449814 0.007812089356110381 0.013996282527881041
1 0.6542969776609724 0.830185873605948 0.0067411300919842316 0.010799256505576208
1 0.7197240473061761 0.5919052044609665 0.010781865965834428 0.009730483271375465
1 0.34961235216819975 0.34567843866171005 0.007371879106438896 0.011849442379182156
1 0.6264651773981603 0.0700185873605948 0.008153745072273325 0.013373605947955391
1 0.9721681997371879 0.385046468401487 0.0071747700394218135 0.013736059479553902
1 0.6762680683311432 0.06112453531598513 0.010052562417871223 0.009535315985130112
1 0.020558475689881735 0.9434665427509293 0.005906701708278581 0.007267657992565056
1 0.06438239159001313 0.9710315985130111 0.003981603153745072 0.006598513011152416
1 0.030486202365308804 0.9860687732342007 0.00442838370565046 0.004990706319702602
1 0.026918528252299605 0.9323791821561338 0.003685939553219448 0.004693308550185874
1 0.03911957950065703 0.8511152416356876 0.0046452036793692515 0.0050743494423791825
1 0.027030223390275953 0.9032992565055763 0.0035413929040735872 0.008382899628252788
1 0.09364651773981603 0.9530111524163569 0.0049342969776609725 0.006747211895910781
1 0.12080157687253615 0.9609386617100372 0.004862023653088042 0.004507434944237918
1 0.14817345597897505 0.9930390334572491 0.005229960578186596 0.008382899628252788
1 0.14341655716162943 0.9544516728624536 0.004244415243101183 0.005102230483271375
1 0.15606438896189226 0.9750836431226766 0.00607095926412615 0.0071561338289962825
1 0.18233902759526938 0.9829460966542751 0.005361366622864652 0.00629182156133829
1 0.1792641261498029 0.8905947955390334 0.0034165571616294353 0.004089219330855019
1 0.1888239159001314 0.9214591078066915 0.004415243101182654 0.005492565055762082
1 0.14650459921156372 0.9061152416356878 0.005078843626806833 0.006468401486988847
1 0.20566360052562416 0.9540055762081784 0.00397503285151117 0.007230483271375465
1 0.1909855453350854 0.9606319702602232 0.004467805519053876 0.0038847583643122673
1 0.2390801576872536 0.9717843866171004 0.003626806833114323 0.005092936802973978
1 0.09806176084099869 0.8807434944237917 0.0031011826544021025 0.00399628252788104
1 0.06989487516425755 0.8337825278810409 0.004336399474375821 0.005092936802973978
1 0.09656373193166885 0.8334665427509294 0.0043626806833114325 0.0044702602230483265
1 0.04732588699080158 0.7709851301115243 0.003988173455978975 0.003187732342007435
1 0.1304599211563732 0.7565706319702603 0.003915900131406045 0.006022304832713755
1 0.14817345597897505 0.7732899628252787 0.005229960578186596 0.004767657992565056
1 0.139053876478318 0.7938568773234201 0.005105124835742444 0.008197026022304833
1 0.12102496714848883 0.7962918215613383 0.005302233902759527 0.0070353159851301115
1 0.14011826544021025 0.8096468401486988 0.0029697766097240472 0.0050836431226765795
1 0.12965834428383705 0.8326486988847583 0.005519053876478318 0.007351301115241636
1 0.11141261498028909 0.8460687732342007 0.005275952693823915 0.004024163568773234
1 0.1493166885676741 0.857639405204461 0.006445466491458608 0.01058550185873606
1 0.13557818659658344 0.8583550185873606 0.002424441524310118 0.0029646840148698883
1 0.09801576872536137 0.815446096654275 0.004073587385019711 0.004618959107806691
1 0.05865308804204993 0.7240241635687732 0.0031931668856767415 0.004275092936802974
1 0.17727332457293035 0.7319888475836431 0.004770039421813403 0.008150557620817844
1 0.1583180026281209 0.692407063197026 0.004185282522996058 0.004386617100371747
1 0.18229303547963205 0.6936431226765799 0.005223390275952694 0.006868029739776951
1 0.1837976346911958 0.721960966542751 0.003961892247043364 0.004684014869888476
1 0.19821287779237845 0.7276301115241636 0.00400131406044678 0.006970260223048327
1 0.20156373193166885 0.7640520446096655 0.004303547963206308 0.005910780669144982
1 0.19675427069645202 0.7777137546468402 0.004290407358738502 0.0045817843866171005
1 0.20345597897503287 0.8146933085501858 0.004888304862023653 0.006133828996282528
1 0.20944809461235214 0.8578438661710037 0.005151116951379763 0.006468401486988847
1 0.17727332457293035 0.8510501858736059 0.004770039421813403 0.006440520446096654
1 0.15275952693823916 0.8372118959107807 0.004802890932982917 0.004414498141263941
1 0.1274047306176084 0.8731226765799257 0.00740473061760841 0.006849442379182156
1 0.22752956636005256 0.8738754646840149 0.003981603153745072 0.005343866171003717
1 0.23492115637319316 0.8762453531598513 0.004684625492772668 0.0055576208178438665
1 0.2273850197109067 0.8998698884758364 0.0068922470433639945 0.009061338289962825
1 0.2756241787122208 0.9255762081784387 0.003140604467805519 0.004674721189591079
1 0.28659001314060445 0.9350557620817844 0.004822601839684626 0.005529739776951673
1 0.2330354796320631 0.7235873605947956 0.004336399474375821 0.004925650557620818
1 0.272568988173456 0.8667565055762082 0.006622864651773982 0.01070631970260223
1 0.2857621550591327 0.8755669144981413 0.00209592641261498 0.00421003717472119
1 0.2995992115637319 0.909042750929368 0.0041721419185282525 0.007815985130111525
1 0.30801576872536135 0.9732063197026023 0.003955321944809461 0.009442379182156135
1 0.300203679369251 0.9913661710037175 0.0064586070959264125 0.0065520446096654274
1 0.2847437582128778 0.9877602230483271 0.0032588699080157687 0.003856877323420075
1 0.3521813403416557 0.9889312267657991 0.004848883048620236 0.00770446096654275
1 0.3315111695137976 0.9469144981412639 0.005085413929040736 0.005111524163568773
1 0.32966491458607095 0.8912639405204461 0.003528252299605782 0.009953531598513012
1 0.347161629434954 0.931189591078067 0.004395532194480947 0.006849442379182156
1 0.3959592641261498 0.9498327137546468 0.0038961892247043363 0.007936802973977695
1 0.4063666228646518 0.9440985130111524 0.0023258869908015767 0.007026022304832714
1 0.3524507227332457 0.9701115241635687 0.004316688567674113 0.0032527881040892194
1 0.33886333771353483 0.8686338289962825 0.006997371879106439 0.006933085501858736
1 0.33230617608409985 0.8514405204460966 0.0034822601839684625 0.00421003717472119
1 0.28989487516425755 0.8536710037174721 0.006090670170827858 0.00716542750929368
1 0.28108409986859395 0.733996282527881 0.0044612352168199735 0.0076301115241635695
1 0.30467148488830487 0.7630018587360595 0.003653088042049934 0.005315985130111524
1 0.3475229960578186 0.7399349442379182 0.0019250985545335086 0.004423791821561338
1 0.3627135348226018 0.7721003717472119 0.005650459921156373 0.006923791821561338
1 0.3545597897503285 0.8002881040892194 0.005341655716162944 0.007490706319702603
1 0.39224704336399474 0.7947955390334573 0.00607095926412615 0.008568773234200744
1 0.41869250985545337 0.8118866171003718 0.003955321944809461 0.006561338289962825
1 0.3738239159001314 0.8406226765799256 0.00519053876478318 0.009739776951672862
1 0.4057884362680683 0.9316356877323421 0.0043626806833114325 0.004721189591078067
1 0.47666885676741133 0.9684014869888475 0.00431011826544021 0.010390334572490705
1 0.502904073587385 0.9172862453531598 0.0034559789750328515 0.006189591078066914
1 0.5038239159001314 0.9419702602230483 0.00423784494086728 0.008801115241635689
1 0.5286005256241787 0.9550092936802973 0.0036727989487516425 0.006236059479553903
1 0.47552562417871225 0.8271654275092937 0.0030946123521681996 0.006951672862453532
1 0.5683968462549277 0.8196840148698885 0.005427069645203679 0.007063197026022304
1 0.5456570302233903 0.8190613382899627 0.00366622864651774 0.005827137546468401
1 0.5425755584756898 0.7946189591078067 0.002831800262812089 0.0052044609665427505
1 0.4555584756898817 0.6909758364312267 0.0026084099868593958 0.007565055762081785
1 0.4756570302233903 0.6435966542750929 0.0044086727989487515 0.003299256505576208
1 0.4754336399474376 0.6587360594795538 0.00397503285151117 0.006431226765799256
1 0.557023653088042 0.6400278810408921 0.0061300919842312744 0.006719330855018588
1 0.6532588699080157 0.6351579925650557 0.0034756898817345596 0.009042750929368031
1 0.6152628120893561 0.6077230483271375 0.004250985545335085 0.006970260223048327
1 0.5910183968462549 0.4741449814126394 0.003751642575558476 0.006775092936802974
1 0.5823784494086728 0.46099442379182154 0.0035348226018396844 0.004609665427509293
1 0.7152233902759526 0.4519516728624535 0.004783180026281209 0.009144981412639405
1 0.7173850197109066 0.48089219330855026 0.0048357424441524315 0.008197026022304833
1 0.7589553219448095 0.4971654275092937 0.004802890932982917 0.009070631970260222
1 0.6808409986859396 0.3799907063197026 0.005321944809461235 0.007007434944237919
1 0.5910052562417871 0.3688382899628253 0.0047897503285151116 0.005808550185873606
1 0.6200985545335085 0.37518587360594796 0.004336399474375821 0.007955390334572491
1 0.46860052562417875 0.30986988847583646 0.0041721419185282525 0.005529739776951673
1 0.44793035479632065 0.3312546468401487 0.004402102496714849 0.006068773234200743
1 0.4478777923784494 0.36187732342007434 0.005374507227332457 0.005473977695167286
1 0.46171484888304865 0.3543959107806691 0.007450722733245729 0.005585501858736059
1 0.4871156373193167 0.3466078066914498 0.003876478318002628 0.0050836431226765795
1 0.4925295663600526 0.3867007434944238 0.006176084099868594 0.005343866171003717
1 0.4740670170827858 0.4070260223048327 0.005492772667542707 0.006775092936802974
1 0.5330091984231274 0.38700743494423795 0.003955321944809461 0.005966542750929368
1 0.5341984231274638 0.2388382899628253 0.004198423127463863 0.005241635687732342
1 0.48296977660972407 0.228410780669145 0.005177398160315374 0.010018587360594794
1 0.45846254927726676 0.20190520446096655 0.005210249671484888 0.009804832713754647
1 0.4411826544021025 0.20472118959107807 0.004776609724047306 0.007890334572490706
1 0.5297831800262812 0.16444237918215612 0.0060315374507227335 0.004265799256505576
1 0.6057358738501971 0.15515799256505575 0.003331143232588699 0.005288104089219332
1 0.6728580814717476 0.14553903345724906 0.006425755584756898 0.007184014869888476
1 0.7000591327201051 0.16325278810408922 0.00538107752956636 0.0064126394052044615
1 0.738988173455979 0.1683085501858736 0.005387647831800262 0.007453531598513011
1 0.7166819973718791 0.09435873605947956 0.00450065703022339 0.0043494423791821555
1 0.7296714848883048 0.057481412639405205 0.009145860709592642 0.0075371747211895905
1 0.6496846254927727 0.04265799256505576 0.003791064388961892 0.005018587360594796
1 0.7568002628120893 0.08131040892193309 0.004756898817345598 0.006923791821561338
1 0.7279172141918528 0.03908921933085502 0.005650459921156373 0.008438661710037175
1 0.7640735873850197 0.11499070631970261 0.0033180026281208934 0.006403345724907063
1 0.7493955321944809 0.15621747211895912 0.0038107752956636006 0.004395910780669145
1 0.7845663600525623 0.2687174721189591 0.005913272010512484 0.007676579925650557
1 0.8024244415243101 0.2328066914498141 0.004316688567674113 0.005241635687732342
1 0.8634362680683312 0.2303717472118959 0.004770039421813403 0.006394052044609666
1 0.8511760840998686 0.26397769516728625 0.004783180026281209 0.007258364312267658
1 0.825262812089356 0.33308550185873603 0.004132720105124835 0.005195167286245353
1 0.874934296977661 0.33302044609665427 0.00538107752956636 0.006570631970260223
1 0.9292444152431012 0.302639405204461 0.005236530880420499 0.009154275092936802
1 0.960939553219448 0.3388197026022305 0.005709592641261497 0.006105947955390335
1 0.955742444152431 0.2440334572490706 0.0038501971090670172 0.0050650557620817846
1 0.9631471747700395 0.2833736059479554 0.0047897503285151116 0.00683085501858736
1 0.9503547963206308 0.2990334572490706 0.005873850197109067 0.006468401486988847
1 0.8980617608409986 0.17691449814126395 0.008988173455978975 0.008094795539033459
1 0.9738961892247043 0.14605018587360596 0.0060315374507227335 0.006691449814126394
1 0.8756898817345597 0.18104089219330857 0.004750328515111695 0.0072769516728624535
1 0.8523193166885676 0.17567843866171004 0.00599868593955322 0.005613382899628253
1 0.8382194480946124 0.15192379182156135 0.0044546649145860715 0.004860594795539034
1 0.8406438896189224 0.18965613382899627 0.003981603153745072 0.004907063197026023
1 0.8306767411300919 0.12435873605947956 0.006425755584756898 0.005529739776951673
1 0.8721222076215506 0.10008364312267658 0.004014454664914587 0.008271375464684014
1 0.8363272010512485 0.05425650557620818 0.0038699080157687253 0.007109665427509294
1 0.6649014454664914 0.03774163568773234 0.0043626806833114325 0.007267657992565056
1 0.8257884362680683 0.03767657992565056 0.006248357424441524 0.008643122676579927
1 0.7794612352168199 0.036682156133829 0.005302233902759527 0.008159851301115241
1 0.773515111695138 0.07347583643122677 0.004073587385019711 0.006347583643122677
1 0.7992115637319317 0.016598513011152415 0.004283837056504599 0.008717472118959109
1 0.8462877792378449 0.01879182156133829 0.004605781865965834 0.0055576208178438665
1 0.95053876478318 0.02308550185873606 0.005177398160315374 0.008113382899628253
1 0.9652233902759526 0.05950743494423792 0.004678055190538765 0.007053903345724907
1 0.9515111695137977 0.06922862453531597 0.004986859395532194 0.009897769516728624
1 0.985946123521682 0.07355018587360594 0.0034756898817345596 0.004972118959107806
1 0.8587647831800262 0.1666542750929368 0.0050262812089356115 0.005659851301115242
1 0.862161629434954 0.10228624535315986 0.00435611038107753 0.008141263940520446
1 0.8696123521681997 0.035065055762081784 0.004329829172141918 0.006431226765799256
1 0.9809198423127464 0.007676579925650557 0.003022339027595269 0.010473977695167285
1 0.8571879106438897 0.034823420074349444 0.0029369250985545334 0.004442379182156134
1 0.8491458607095927 0.023215613382899628 0.004605781865965834 0.005371747211895911
1 0.7919316688567674 0.042546468401486986 0.005722733245729304 0.006319702602230483
1 0.7881011826544021 0.06511152416356877 0.005519053876478318 0.010715613382899628
1 0.7698488830486203 0.09517657992565055 0.005275952693823915 0.007509293680297398
1 0.7744349540078844 0.1367193308550186 0.004848883048620236 0.00612453531598513
1 0.7922470433639948 0.1687825278810409 0.0042181340341655715 0.0038847583643122673
1 0.689454664914586 0.2470910780669145 0.0033574244415243105 0.008169144981412638
1 0.7194743758212877 0.2349907063197026 0.003685939553219448 0.008485130111524164
1 0.6714257555847569 0.21728624535315985 0.003554533508541393 0.005882899628252788
1 0.6545860709592641 0.23706319702602233 0.003994743758212878 0.004702602230483271
1 0.6449737187910644 0.2716728624535316 0.003968462549277267 0.0060408921933085506
1 0.6079697766097241 0.2878717472118959 0.008869908015768726 0.00828996282527881
1 0.5439421813403417 0.2250092936802974 0.004494086727989488 0.006236059479553903
1 0.5057227332457294 0.1923884758364312 0.004829172141918528 0.005855018587360594
1 0.46772010512483575 0.13969330855018589 0.005597897503285151 0.0060408921933085506
1 0.4906044678055191 0.1437453531598513 0.004448094612352168 0.006607806691449814
1 0.5625032851511169 0.1444981412639405 0.0032325886990801577 0.005102230483271375
1 0.587496714848883 0.14319702602230486 0.0031077529566360057 0.00399628252788104
1 0.5583574244415244 0.16276951672862452 0.004533508541392904 0.006942379182156133
1 0.600407358738502 0.1920817843866171 0.004402102496714849 0.005241635687732342
1 0.5920367936925098 0.20523234200743495 0.003653088042049934 0.007407063197026022
1 0.5905781865965835 0.2453996282527881 0.003942181340341655 0.00629182156133829
1 0.4953613666228647 0.2825092936802974 0.005433639947437582 0.005102230483271375
1 0.47684625492772664 0.3158085501858736 0.005722733245729304 0.00533457249070632
1 0.48676741130091983 0.33595724907063196 0.004244415243101183 0.0034014869888475837
1 0.4265440210249672 0.27344795539033456 0.007483574244415244 0.009600371747211896
1 0.3866491458607096 0.3547118959107807 0.00766754270696452 0.009228624535315985
1 0.3817214191852825 0.38807620817843863 0.005275952693823915 0.008094795539033459
1 0.6900262812089356 0.34025092936802975 0.00450065703022339 0.00595724907063197
1 0.6575295663600526 0.3255947955390334 0.005624178712220763 0.006802973977695167
1 0.6270302233902759 0.31406133828996285 0.005394218134034166 0.006356877323420074
1 0.6905124835742444 0.30932156133829 0.004402102496714849 0.0059386617100371745
1 0.7525821287779239 0.3562825278810409 0.0027266754270696453 0.0048420074349442375
1 0.7517805519053876 0.389275092936803 0.004323258869908016 0.0044609665427509295
1 0.7743035479632063 0.41152416356877325 0.005643889618922471 0.008234200743494423
1 0.7563666228646518 0.42968401486988844 0.0038961892247043363 0.00533457249070632
1 0.779323258869908 0.43565985130111523 0.00609724047306176 0.008234200743494423
1 0.7099014454664915 0.414275092936803 0.005860709592641261 0.007695167286245352
1 0.5805321944809462 0.4304368029739777 0.0030420499342969777 0.003828996282527881
1 0.5504204993429698 0.45144981412639407 0.004658344283837056 0.005120817843866171
1 0.5146254927726676 0.48087360594795536 0.004513797634691196 0.008169144981412638
1 0.6734954007884363 0.2602973977695167 0.0034362680683311434 0.007434944237918215
1 0.7844940867279895 0.3205483271375465 0.0036333771353482263 0.005762081784386617
1 0.7145795006570301 0.2875557620817844 0.003495400788436268 0.006143122676579926
1 0.8206767411300919 0.21439591078066914 0.005624178712220763 0.007639405204460967
1 0.8056504599211564 0.22874535315985128 0.003304862023653088 0.006171003717472119
1 0.533580814717477 0.22943308550185873 0.005098554533508541 0.0060408921933085506
1 0.5062089356110382 0.21690520446096653 0.004730617608409987 0.005111524163568773
1 0.6246057818659658 0.1695631970260223 0.005873850197109067 0.00696096654275093
1 0.6383114323258869 0.21147769516728626 0.00557161629434954 0.004814126394052045
1 0.6521222076215506 0.08837360594795539 0.003331143232588699 0.00595724907063197
1 0.612227332457293 0.05307620817843866 0.0035151116951379763 0.004758364312267658
1 0.5602956636005256 0.018271375464684016 0.004152431011826544 0.0075371747211895905
1 0.5311498028909329 0.017276951672862452 0.005578186596583443 0.007053903345724907
1 0.5103088042049935 0.05424721189591078 0.004402102496714849 0.008605947955390334
1 0.5052365308804205 0.07247211895910781 0.00492772667542707 0.004330855018587361
1 0.4778646517739816 0.08281598513011153 0.004559789750328515 0.008410780669144982
1 0.4582063074901445 0.0404089219330855 0.0036333771353482263 0.006570631970260223
1 0.51634691195795 0.08775092936802974 0.003692509855453351 0.004721189591078067
1 0.5398883048620237 0.04277881040892193 0.0038501971090670172 0.0067843866171003716
1 0.8971090670170828 0.2929925650557621 0.004947437582128778 0.00645910780669145
1 0.983377135348226 0.3676301115241636 0.0047437582128777925 0.009423791821561339
1 0.9407161629434954 0.43023234200743493 0.004717477003942181 0.009451672862453532
1 0.8888764783180025 0.4790148698884758 0.0034099868593955324 0.00595724907063197
1 0.8975952693823916 0.48416356877323424 0.00697766097240473 0.011737918215613383
1 0.8698291721419186 0.4846747211895911 0.004770039421813403 0.008234200743494423
1 0.8607095926412615 0.5706133828996283 0.0046452036793692515 0.009665427509293681
1 0.8611892247043365 0.5980018587360595 0.0045532194480946125 0.00562267657992565
1 0.9712549277266754 0.4703903345724907 0.005637319316688568 0.005260223048327138
1 0.973377135348226 0.42837360594795537 0.005 0.005734200743494424
1 0.9448160315374508 0.40486059479553904 0.004388961892247043 0.006970260223048327
1 0.9219316688567675 0.23553903345724908 0.005538764783180026 0.007695167286245352
1 0.9173193166885677 0.6510687732342006 0.005906701708278581 0.007685873605947955
1 0.9073193166885677 0.6504460966542751 0.004034165571616294 0.006449814126394052
1 0.9688107752956636 0.6924721189591079 0.004395532194480947 0.009042750929368031
1 0.9323127463863338 0.6811338289962825 0.003909329829172142 0.004479553903345725
1 0.9883442838370565 0.6701486988847584 0.0029434954007884367 0.006644981412639406
1 0.9317279894875163 0.7585223048327138 0.005946123521681998 0.006905204460966543
1 0.8803547963206309 0.6720167286245353 0.005558475689881735 0.010371747211895911
1 0.8822470433639947 0.7630204460966543 0.00614323258869908 0.005353159851301115
1 0.8407293035479632 0.7657063197026022 0.005210249671484888 0.006189591078066914
1 0.8157818659658344 0.7755576208178439 0.004369250985545335 0.006282527881040892
1 0.8023390275952694 0.7718773234200743 0.004139290407358738 0.004972118959107806
1 0.8412614980289094 0.803736059479554 0.004145860709592641 0.006849442379182156
1 0.8061235216819974 0.8523141263940521 0.00530880420499343 0.007481412639405205
1 0.8319119579500658 0.8410408921933086 0.006024967148488831 0.012053903345724908
1 0.7823193166885677 0.7996933085501859 0.005683311432325887 0.00629182156133829
1 0.9204664914586072 0.8433271375464684 0.005814717477003942 0.010613382899628253
1 0.9516819973718791 0.8730111524163569 0.004257555847568989 0.00662639405204461
1 0.9098751642575558 0.8843401486988847 0.009145860709592642 0.011189591078066915
1 0.8961826544021025 0.8683364312267658 0.004159001314060447 0.0048327137546468404
1 0.9100657030223389 0.864460966542751 0.005262812089356111 0.0076301115241635695
1 0.9194546649145862 0.8831691449814126 0.004848883048620236 0.007342007434944238
1 0.9415374507227332 0.9099814126394052 0.005295663600525625 0.008178438661710037
1 0.9167608409986859 0.9015055762081784 0.005860709592641261 0.007815985130111525
1 0.8827398160315374 0.9124907063197026 0.0039290407358738505 0.005650557620817844
1 0.8608278580814718 0.9199721189591078 0.004888304862023653 0.005529739776951673
1 0.8498094612352168 0.933503717472119 0.004178712220762155 0.006942379182156133
1 0.8836136662286465 0.9399907063197026 0.005676741130091985 0.006347583643122677
1 0.901688567674113 0.9486431226765799 0.004513797634691196 0.010083643122676579
1 0.8660183968462549 0.9678624535315986 0.0067477003942181335 0.00629182156133829
1 0.8192575558475691 0.9661802973977694 0.004921156373193167 0.005947955390334573
1 0.8057687253613667 0.9603159851301115 0.005663600525624178 0.0077788104089219325
1 0.9727463863337713 0.9103624535315985 0.005867279894875164 0.007425650557620818
1 0.7447109067017084 0.9147862453531598 0.006176084099868594 0.007230483271375465
1 0.7545860709592641 0.9242007434944238 0.005670170827858082 0.009460966542750929
1 0.7510709592641263 0.9627509293680299 0.003961892247043364 0.00662639405204461
1 0.7409264126149804 0.8362732342007435 0.005 0.007063197026022304
1 0.7232851511169514 0.8736245353159852 0.007043363994743758 0.007862453531598514
1 0.744934296977661 0.8180111524163568 0.006616294349540079 0.005223048327137546
1 0.7291064388961892 0.7992379182156134 0.005893561103810775 0.006886617100371748
1 0.7110775295663601 0.779460966542751 0.006084099868593955 0.008066914498141264
1 0.6918593955321944 0.7973513011152417 0.006038107752956635 0.010659851301115242
1 0.6758212877792378 0.795185873605948 0.004875164257555848 0.00632899628252788
1 0.6721090670170828 0.94067843866171 0.007049934296977661 0.006208178438661709
1 0.6762483574244416 0.9488382899628254 0.00385676741130092 0.0076301115241635695
1 0.7676938239159001 0.6870724907063197 0.005223390275952694 0.010315985130111524
1 0.7641721419185282 0.6715520446096654 0.0035151116951379763 0.007936802973977695
1 0.8100131406044677 0.6595074349442379 0.004559789750328515 0.010994423791821561
1 0.8022996057818659 0.6600185873605947 0.00511826544021025 0.007490706319702603
1 0.797976346911958 0.6756691449814126 0.005013140604467806 0.007128252788104089
1 0.770072273324573 0.6773513011152417 0.005709592641261497 0.007472118959107806
1 0.7811366622864653 0.6229739776951674 0.005453350854139291 0.007314126394052045
1 0.6946977660972404 0.6420631970260223 0.004250985545335085 0.006273234200743495
1 0.7694612352168199 0.6658921933085502 0.00342969776609724 0.005650557620817844
1 0.6751182654402103 0.6559665427509294 0.006668856767411301 0.006923791821561338
1 0.6641984231274638 0.6611524163568773 0.004021024967148489 0.005223048327137546
1 0.6763994743758213 0.5699721189591078 0.00497371879106439 0.00687732342007435
1 0.7342772667542706 0.5860687732342007 0.005565045992115638 0.004386617100371747
1 0.6948948751642576 0.5764591078066914 0.003580814717477004 0.004767657992565056
1 0.6469710906701709 0.5577509293680297 0.005827858081471747 0.005055762081784387
1 0.657161629434954 0.5662267657992565 0.003817345597897503 0.005427509293680298
1 0.708245729303548 0.5239312267657993 0.005749014454664914 0.008317843866171003
1 0.7008409986859396 0.5735780669144981 0.00480946123521682 0.008057620817843865
1 0.7655124835742444 0.5351579925650558 0.004060446780551905 0.008150557620817844
1 0.7614586070959265 0.516589219330855 0.0034165571616294353 0.005687732342007435
1 0.7935873850197108 0.5314869888475836 0.004763469119579501 0.00683085501858736
1 0.8020105124835742 0.5359200743494423 0.00454664914586071 0.006635687732342007
1 0.8250131406044678 0.5577509293680297 0.005768725361366622 0.005055762081784387
1 0.8481143232588698 0.47168215613382897 0.005059132720105125 0.00637546468401487
1 0.8381143232588698 0.5166542750929367 0.003186596583442838 0.004312267657992565
1 0.8333902759526939 0.6058828996282527 0.00652431011826544 0.007806691449814127
1 0.4767936925098554 0.5175650557620818 0.005624178712220763 0.0076486988847583644
1 0.4637385019710906 0.535585501858736 0.007240473061760841 0.007490706319702603
1 0.45180026281208935 0.5403903345724907 0.005755584756898817 0.0065427509293680295
1 0.4647568988173456 0.5684479553903345 0.0060775295663600525 0.009860594795539033
1 0.5076872536136663 0.5610315985130111 0.0077003942181340344 0.008596654275092937
1 0.471892247043364 0.6164684014869889 0.0075558475689881735 0.00787174721189591
1 0.5179237844940867 0.6560873605947956 0.004717477003942181 0.004144981412639405
1 0.5154993429697766 0.6664869888475836 0.005197109067017083 0.006849442379182156
1 0.49315374507227333 0.6681040892193308 0.005282522996057818 0.008578066914498141
1 0.5421681997371879 0.6970446096654275 0.0052168199737187915 0.0076301115241635695
1 0.5613863337713535 0.6974163568773234 0.0052693823915900126 0.00687732342007435
1 0.38773981603153745 0.6845074349442379 0.00878449408672799 0.006700743494423792
1 0.3759724047306176 0.7120074349442379 0.008705650459921156 0.0073977695167286245
1 0.3397371879106439 0.7143773234200743 0.007687253613666228 0.007611524163568773
1 0.2984362680683312 0.6518959107806692 0.007187910643889618 0.00632899628252788
1 0.2536136662286465 0.6424256505576208 0.0049802890932982916 0.005473977695167286
1 0.2531800262812089 0.6101208178438662 0.004106438896189225 0.005724907063197026
1 0.33772667542706963 0.6406040892193309 0.004717477003942181 0.00787174721189591
1 0.32643889618922467 0.5902788104089219 0.004540078843626807 0.008271375464684014
1 0.27869908015768724 0.5515427509293681 0.0067017082785808145 0.005845724907063197
1 0.36654402102496714 0.5294516728624535 0.006918528252299605 0.010306691449814127
1 0.32158344283837054 0.5276022304832714 0.007621550591327201 0.006598513011152416
1 0.3243692509855453 0.5408178438661709 0.004671484888304862 0.007388475836431227
1 0.29525624178712223 0.49557620817843867 0.010413929040735874 0.014944237918215612
1 0.2757884362680683 0.4848234200743494 0.0056044678055190535 0.005511152416356877
1 0.22121550591327202 0.479507434944238 0.006287779237844941 0.009953531598513012
1 0.20512483574244414 0.4690985130111524 0.00609724047306176 0.00724907063197026
1 0.17567017082785807 0.532267657992565 0.009027595269382392 0.008392193308550185
1 0.2238107752956636 0.5206691449814127 0.007214191852825231 0.009321561338289963
1 0.28275295663600525 0.4683457249070632 0.005676741130091985 0.008754646840148698
1 0.2970433639947438 0.47795539033457246 0.003331143232588699 0.006858736059479554
1 0.33107095926412616 0.49141263940520447 0.0052693823915900126 0.009646840148698885
1 0.33009855453350856 0.4551951672862454 0.005459921156373193 0.006589219330855018
1 0.39277923784494084 0.5053252788104089 0.006064388961892248 0.010306691449814127
1 0.366353482260184 0.5635780669144981 0.010801576872536137 0.00766728624535316
1 0.37766097240473057 0.5731877323420075 0.005683311432325887 0.005771375464684015
1 0.36465177398160314 0.5833550185873606 0.006327201051248358 0.006486988847583644
1 0.37906701708278584 0.6036710037174721 0.0063666228646517735 0.007927509293680296
1 0.38838370565045993 0.6116078066914499 0.0026084099868593958 0.0056784386617100375
1 0.17530223390275954 0.5885687732342006 0.006162943495400789 0.00788104089219331
1 0.18685282522996058 0.682360594795539 0.005801576872536136 0.008438661710037175
1 0.12245072273324573 0.6542472118959108 0.006018396846254928 0.006496282527881041
1 0.05923127463863338 0.6612825278810408 0.00647831800262812 0.008513011152416356
1 0.04416557161629435 0.6532899628252788 0.005131406044678055 0.012118959107806691
1 0.056103810775295665 0.6496840148698885 0.006616294349540079 0.009433085501858736
1 0.28660972404730617 0.7989126394052044 0.004855453350854139 0.009265799256505577
1 0.23369250985545337 0.8086338289962826 0.005650459921156373 0.00758364312267658
1 0.28416557161629435 0.8471189591078067 0.005302233902759527 0.00612453531598513
1 0.24352168199737187 0.7831226765799256 0.00611695137976347 0.007853159851301115
1 0.35077529566360055 0.8640055762081784 0.0041721419185282525 0.008234200743494423
1 0.33561103810775295 0.8416263940520446 0.004756898817345598 0.007202602230483271
1 0.4077332457293036 0.7288104089219332 0.003981603153745072 0.006319702602230483
1 0.42442838370565045 0.7844330855018586 0.00645203679369251 0.00895910780669145
1 0.4470893561103811 0.7213289962825279 0.004862023653088042 0.006431226765799256
1 0.41416557161629436 0.7359200743494424 0.00511826544021025 0.006951672862453532
1 0.4403942181340341 0.7606691449814127 0.0042641261498028915 0.008197026022304833
1 0.5527989487516426 0.7315613382899628 0.005144546649145861 0.005771375464684015
1 0.4221419185282523 0.5364312267657994 0.004014454664914587 0.007676579925650557
1 0.4057884362680683 0.5496561338289963 0.0043626806833114325 0.008475836431226765
1 0.40644546649145863 0.5671282527881041 0.005670170827858082 0.00570631970260223
1 0.41605124835742446 0.5914962825278811 0.0056964520367936925 0.00770446096654275
1 0.47834428383705646 0.540864312267658 0.0044546649145860715 0.007490706319702603
1 0.5643429697766097 0.5383550185873606 0.004783180026281209 0.010018587360594794
1 0.6297174770039421 0.5197862453531599 0.004375821287779238 0.007555762081784387
1 0.2554204993429698 0.3253903345724907 0.004316688567674113 0.006403345724907063
1 0.24796977660972405 0.33898698884758366 0.004349540078843627 0.006440520446096654
1 0.19523653088042048 0.29346654275092937 0.006583442838370565 0.005892193308550186
1 0.20710249671484887 0.30070631970260225 0.004724047306176084 0.0037825278810408925
1 0.17936925098554535 0.32526022304832714 0.006833114323258871 0.009144981412639405
1 0.19788436268068332 0.36508364312267655 0.006544021024967149 0.014897769516728625
1 0.13159001314060448 0.33287174721189594 0.0061695137976346915 0.006282527881040892
1 0.12991458607095926 0.3681691449814126 0.006018396846254928 0.007490706319702603
1 0.14714191852825229 0.3846189591078067 0.007424441524310119 0.011728624535315984
1 0.14762812089356112 0.41524163568773237 0.00733245729303548 0.011133828996282529
1 0.08791064388961893 0.4120724907063197 0.005183968462549277 0.006319702602230483
1 0.12365308804204993 0.45859665427509294 0.006294349540078844 0.007351301115241636
1 0.08630749014454665 0.4198048327137546 0.008377135348226018 0.008197026022304833
1 0.019185282522996058 0.37984200743494423 0.005289093298291722 0.005185873605947956
1 0.013311432325886993 0.310910780669145 0.00740473061760841 0.010613382899628253
1 0.03249671484888305 0.29657992565055763 0.006471747700394218 0.00899628252788104
1 0.04444152431011827 0.28559479553903344 0.0049802890932982916 0.00683085501858736
1 0.026274638633377135 0.2486710037174721 0.007733245729303548 0.011319702602230483
1 0.017779237844940867 0.25573420074349446 0.004605781865965834 0.005845724907063197
1 0.060926412614980295 0.20757434944237918 0.006662286465177398 0.010576208178438663
1 0.06017082785808147 0.138224907063197 0.007293035479632063 0.010650557620817845
1 0.18414586070959263 0.13684944237918215 0.008922470433639947 0.012425650557620817
1 0.1535676741130092 0.17241635687732343 0.005348226018396847 0.008141263940520446
1 0.12112352168199737 0.19105947955390334 0.005499342969776609 0.009228624535315985
1 0.11054533508541393 0.19181226765799256 0.005670170827858082 0.00771375464684015
1 0.16106438896189224 0.2003624535315985 0.004349540078843627 0.006710037174721189
1 0.1869316688567674 0.22174721189591076 0.005965834428383706 0.007258364312267658
1 0.214257555847569 0.23184014869888478 0.007306176084099868 0.009349442379182157
1 0.19659001314060445 0.2577973977695167 0.0050262812089356115 0.006951672862453532
1 0.2064651773981603 0.2713197026022305 0.004513797634691196 0.008364312267657992
1 0.23709592641261498 0.27818773234200744 0.007122207621550592 0.007016728624535316
1 0.1838042049934297 0.2826115241635688 0.006103810775295663 0.006821561338289962
1 0.1754796320630749 0.2586152416356877 0.00438239159001314 0.004070631970260223
1 0.1585413929040736 0.24406133828996285 0.006767411300919843 0.009656133828996284
1 0.22699737187910646 0.15631970260223046 0.007194480946123521 0.010631970260223047
1 0.2583508541392904 0.16698884758364313 0.004848883048620236 0.007843866171003718
1 0.3108869908015769 0.20777881040892193 0.00649802890932983 0.007973977695167287
1 0.3366819973718791 0.21251858736059479 0.004770039421813403 0.008392193308550185
1 0.31799605781865964 0.19219330855018588 0.003653088042049934 0.00696096654275093
1 0.31649145860709593 0.1829553903345725 0.004908015768725361 0.008104089219330856
1 0.3489356110381078 0.19998141263940522 0.004750328515111695 0.007462825278810408
1 0.4033180026281209 0.18106877323420076 0.007956636005256241 0.011868029739776952
1 0.3898028909329829 0.1313197026022305 0.004375821287779238 0.0073977695167286245
1 0.3535873850197109 0.08191449814126395 0.0044546649145860715 0.008122676579925651
1 0.3352890932982917 0.08963754646840148 0.005183968462549277 0.01
1 0.3255124835742444 0.09314126394052044 0.003751642575558476 0.007946096654275094
1 0.303646517739816 0.049851301115241636 0.0037385019710906705 0.010362453531598514
1 0.2924375821287779 0.06083643122676579 0.006911957950065703 0.008197026022304833
1 0.26613009198423127 0.028392193308550185 0.004415243101182654 0.011189591078066915
1 0.29063731931668857 0.03463754646840149 0.004388961892247043 0.008596654275092937
1 0.34822601839684625 0.03763011152416357 0.010801576872536137 0.010046468401486989
1 0.35186596583442836 0.053420074349442376 0.005275952693823915 0.006942379182156133
1 0.39564388961892244 0.032750929368029744 0.004329829172141918 0.012369888475836432
1 0.4509921156373193 0.02592007434944238 0.007339027595269382 0.006236059479553903
1 0.398988173455979 0.009814126394052046 0.004625492772667543 0.008726765799256506
1 0.3651642575558475 0.026468401486988848 0.008423127463863337 0.008847583643122676
1 0.36601182654402104 0.07075278810408922 0.005847568988173456 0.006923791821561338
1 0.382634691195795 0.1066635687732342 0.00497371879106439 0.009358736059479554
1 0.36288436268068325 0.10978624535315985 0.0059855453350854135 0.008066914498141264
1 0.4126018396846255 0.1100278810408922 0.006268068331143232 0.010055762081784388
1 0.3783639947437582 0.05036245353159851 0.0038961892247043363 0.006858736059479554
1 0.38862680683311435 0.05427509293680297 0.005229960578186596 0.010167286245353159
1 0.42384362680683313 0.08452602230483272 0.007411300919842313 0.01032527881040892
1 0.4397568988173456 0.09513011152416356 0.006195795006570302 0.00891263940520446
1 0.4439816031537451 0.0583271375464684 0.008245729303547963 0.010724907063197025
1 0.4395860709592641 0.07741635687732341 0.004783180026281209 0.009684014869888475
1 0.47057818659658346 0.08864312267657992 0.004914586070959265 0.009516728624535316
1 0.4828318002628121 0.0942007434944238 0.004901445466491458 0.007063197026022304
1 0.4256110381077529 0.1945817843866171 0.005624178712220763 0.011756505576208179
1 0.43971090670170826 0.19066914498141263 0.007161629434954008 0.008447955390334572
1 0.17103153745072275 0.08733271375464684 0.00828515111695138 0.008410780669144982
1 0.18871879106438896 0.09770446096654274 0.005275952693823915 0.005009293680297397
1 0.16707621550591326 0.10236988847583643 0.005703022339027595 0.006812267657992565
1 0.16227332457293034 0.1257527881040892 0.00568988173455979 0.008317843866171003
1 0.12626149802890932 0.119089219330855 0.005111695137976347 0.0055576208178438665
1 0.11303547963206306 0.12520446096654275 0.0053153745072273325 0.00570631970260223
1 0.10342312746386334 0.09282527881040892 0.005295663600525625 0.00733271375464684
1 0.11902759526938239 0.08908921933085502 0.005578186596583443 0.007388475836431227
1 0.12664914586070958 0.016682156133828997 0.006957950065703022 0.00737918215613383
1 0.17637319316688568 0.048169144981412636 0.007233902759526938 0.010009293680297397
1 0.15800262812089355 0.07735130111524163 0.004612352168199737 0.011059479553903346
1 0.170203679369251 0.03370817843866171 0.005565045992115638 0.006737918215613383
1 0.1478843626806833 0.03463754646840149 0.009973718791064389 0.008596654275092937
1 0.054940867279894876 0.034776951672862454 0.004290407358738502 0.005855018587360594
1 0.05246386333771353 0.07960966542750929 0.00573587385019711 0.0065334572490706325
1 0.06717477003942181 0.08864312267657992 0.009566360052562417 0.009516728624535316
1 0.03919185282522996 0.10992565055762082 0.006918528252299605 0.005325278810408922
1 0.05343626806833114 0.11284386617100371 0.005545335085413929 0.008141263940520446
1 0.03470433639947437 0.13049256505576207 0.005400788436268069 0.008745353159851301
1 0.033153745072273325 0.09338289962825279 0.007628120893561103 0.009944237918215613
1 0.08944809461235216 0.06868959107806691 0.0061300919842312744 0.007323420074349442
1 0.13538107752956638 0.06718401486988848 0.005229960578186596 0.010343866171003718
1 0.24421813403416556 0.08870817843866172 0.00538107752956636 0.008141263940520446
1 0.257227332457293 0.049293680297397766 0.004730617608409987 0.00775092936802974
1 0.24977660972404733 0.04631040892193308 0.004763469119579501 0.006301115241635688
1 0.24276609724047307 0.06021375464684015 0.005663600525624178 0.00696096654275093
1 0.243245729303548 0.07480483271375464 0.00557161629434954 0.007481412639405205
1 0.2564717477003942 0.08359665427509294 0.005361366622864652 0.008466542750929368
1 0.27683311432325886 0.09338289962825279 0.006629434954007884 0.009944237918215613
1 0.2514520367936925 0.06007434944237918 0.004914586070959265 0.00970260223048327
1 0.2752102496714849 0.07579925650557622 0.005512483574244415 0.007964684014869888
1 0.26348883048620236 0.058466542750929364 0.0044612352168199735 0.007983271375464684
1 0.28054533508541396 0.06900557620817843 0.0044546649145860715 0.007946096654275094
1 0.26419185282523 0.08184014869888476 0.004802890932982917 0.00949814126394052
1 0.20529566360052562 0.06969330855018586 0.005367936925098554 0.007806691449814127
1 0.1983311432325887 0.06052044609665428 0.005302233902759527 0.007574349442379182
1 0.13560446780551905 0.08808550185873606 0.005670170827858082 0.006905204460966543
1 0.23181997371879107 0.009442379182156135 0.008304862023653088 0.009479553903345725
1 0.1583442838370565 0.014934944237918217 0.007431011826544021 0.008401486988847583
1 0.055545335085413934 0.03563197026022305 0.006570302233902759 0.00907992565055762
1 0.011819973718791064 0.05434014869888476 0.0065505913272010515 0.00879182156133829
1 0.020289093298291722 0.06546468401486989 0.005361366622864652 0.0038847583643122673
1 0.023370565045992116 0.07648698884758363 0.006195795006570302 0.007834572490706319
1 0.12484888304862024 0.04736988847583643 0.00442838370565046 0.005408921933085502
1 0.20221419185282521 0.05403345724907063 0.004540078843626807 0.008178438661710037
1 0.06233902759526938 0.17676579925650557 0.005229960578186596 0.007788104089219331
1 0.009658344283837056 0.20937732342007434 0.00649802890932983 0.008159851301115241
1 0.030821287779237844 0.24099442379182157 0.006162943495400789 0.008048327137546468
1 0.058633377135348226 0.27193308550185874 0.00740473061760841 0.008076208178438661
1 0.07983574244415244 0.2682527881040892 0.006103810775295663 0.006756505576208178
1 0.10257555847568989 0.2811617100371747 0.007864651773981603 0.006933085501858736
1 0.10694480946123522 0.24216542750929368 0.006997371879106439 0.011895910780669147
1 0.11941524310118265 0.23732342007434945 0.007424441524310119 0.006728624535315985
1 0.13557161629434955 0.2396933085501859 0.008258869908015769 0.006942379182156133
1 0.16743758212877793 0.18973977695167285 0.0032325886990801577 0.006589219330855018
1 0.23699080157687252 0.24230483271375466 0.0058409986859395534 0.009154275092936802
1 0.23769382391590013 0.20381970260223048 0.006182654402102497 0.010613382899628253
1 0.24011826544021023 0.1492657992565056 0.005709592641261497 0.007091078066914498
1 0.2867082785808147 0.13972118959107807 0.0061235216819973725 0.007611524163568773
1 0.3497043363994744 0.2615613382899628 0.005223390275952694 0.011477695167286245
1 0.29233902759526936 0.2894052044609665 0.00885676741130092 0.005306691449814127
1 0.279526938239159 0.271003717472119 0.00561760840998686 0.006217472118959108
1 0.26894875164257553 0.33746282527881044 0.005781865965834429 0.009433085501858736
1 0.28513140604467807 0.32843866171003716 0.004034165571616294 0.00645910780669145
1 0.29588042049934293 0.3659665427509293 0.005275952693823915 0.01062267657992565
1 0.29107752956636 0.3355390334572491 0.005262812089356111 0.007100371747211896
1 0.2827069645203679 0.2991171003717472 0.004513797634691196 0.008150557620817844
1 0.29107752956636 0.312407063197026 0.005262812089356111 0.007574349442379182
1 0.3164586070959264 0.31714684014869887 0.00697766097240473 0.00800185873605948
1 0.30706964520367935 0.3496933085501859 0.007391590013140605 0.009749070631970261
1 0.376688567674113 0.2617657992565056 0.00480946123521682 0.008866171003717472
1 0.3999605781865966 0.26400557620817844 0.005499342969776609 0.011821561338289963
1 0.45708278580814715 0.21150557620817845 0.006721419185282523 0.007890334572490706
1 0.42798948751642574 0.1387918215613383 0.007181340341655716 0.007258364312267658
1 0.35918528252299603 0.049228624535315985 0.005670170827858082 0.010631970260223047
1 0.3421747700394218 0.22149628252788106 0.00664257555847569 0.005241635687732342
1 0.40314060446780553 0.2370817843866171 0.004395532194480947 0.006254646840148699
1 0.4388370565045992 0.28514869888475836 0.00647831800262812 0.010381040892193308
1 0.46232588699080157 0.33235130111524164 0.007608409986859395 0.011273234200743495
1 0.30651116951379764 0.30049256505576205 0.005203679369250986 0.009395910780669144
1 0.3588304862023653 0.3526765799256506 0.0064126149802890935 0.012704460966542751
1 0.15367936925098555 0.3148420074349442 0.00557161629434954 0.007927509293680296
1 0.1454796320630749 0.32682156133829 0.006228646517739816 0.006245353159851301
1 0.23487516425755586 0.3943494423791821 0.005886990801576873 0.008578066914498141
1 0.1969053876478318 0.4416914498141264 0.005657030223390275 0.008243494423791822
1 0.18169513797634693 0.4423791821561338 0.007214191852825231 0.008104089219330856
1 0.14388304862023654 0.47156133828996283 0.004106438896189225 0.009154275092936802
1 0.13184625492772667 0.46933085501858735 0.004559789750328515 0.006198884758364312
1 0.08921156373193168 0.5042472118959108 0.006721419185282523 0.008159851301115241
1 0.08084099868593955 0.5317472118959108 0.005972404730617609 0.008856877323420075
1 0.08392247043363996 0.5559479553903346 0.006806833114323258 0.007490706319702603
1 0.09384362680683313 0.5712267657992565 0.005328515111695137 0.00787174721189591
1 0.06436268068331143 0.5671096654275093 0.003942181340341655 0.008689591078066914
1 0.04931668856767411 0.5617472118959108 0.006911957950065703 0.007026022304832714
1 0.03354139290407358 0.5168401486988847 0.0052168199737187915 0.00771375464684015
1 0.06293035479632063 0.42686802973977694 0.00854796320630749 0.005724907063197026
1 0.06346911957950066 0.4865334572490706 0.007483574244415244 0.008931226765799256
1 0.05103810775295664 0.3560780669144981 0.006090670170827858 0.007434944237918215
1 0.21061760840998686 0.4107620817843866 0.005348226018396847 0.008215613382899629
1 0.26973061760841 0.4447490706319703 0.0052168199737187915 0.008317843866171003
1 0.2894349540078843 0.4383271375464684 0.0051708278580814716 0.007546468401486988
1 0.3272601839684625 0.42867100371747213 0.006616294349540079 0.010260223048327136
1 0.3514060446780552 0.4230483271375465 0.0041721419185282525 0.006440520446096654
1 0.36150459921156375 0.4494888475836431 0.005367936925098554 0.008745353159851301
1 0.42203022339027596 0.4351394052044609 0.005919842312746386 0.01021375464684015
1 0.05555847568988174 0.3398234200743494 0.005532194480946124 0.008104089219330856
1 0.02161629434954008 0.3459944237918216 0.006944809461235217 0.006886617100371748
1 0.1483048620236531 0.28581784386617104 0.005486202365308804 0.007193308550185874
1 0.16558475689881735 0.24915427509293678 0.005919842312746386 0.006254646840148699
1 0.18482917214191852 0.27140334572490704 0.010295663600525624 0.010027881040892193
1 0.2148226018396846 0.18292750929368032 0.006294349540078844 0.005027881040892194
1 0.16344940867279895 0.30578996282527876 0.0037779237844940868 0.004907063197026023
1 0.15218791064388962 0.5199163568773234 0.007923784494086728 0.012342007434944237
1 0.25299605781865964 0.6500278810408922 0.004796320630749014 0.005604089219330855
1 0.28789093298291724 0.8108271375464684 0.00954664914586071 0.005929368029739777
1 0.293107752956636 0.8765334572490706 0.00611695137976347 0.010659851301115242
1 0.34464520367936924 0.8574070631970261 0.0036333771353482263 0.005594795539033457
1 0.3531865965834428 0.8883364312267659 0.005795006570302234 0.005613382899628253
1 0.4127398160315375 0.8997397769516728 0.006537450722733245 0.008810408921933086
1 0.36691852825229965 0.6262453531598513 0.00659658344283837 0.006310408921933085
1 0.4426084099868594 0.6576208178438662 0.006557161629434954 0.004200743494423792
1 0.4776938239159001 0.6865985130111524 0.006360052562417871 0.009368029739776951
1 0.46726018396846253 0.7648048327137545 0.0036136662286465177 0.008921933085501859
1 0.4775755584756899 0.8559200743494424 0.003981603153745072 0.008643122676579927
1 0.4840998685939553 0.6778810408921933 0.003173455978975033 0.007007434944237919
1 0.4828646517739816 0.7503531598513011 0.0038961892247043363 0.005650557620817844
1 0.4962089356110381 0.896496282527881 0.00607095926412615 0.012881040892193309
1 0.5828712220762156 0.9369237918215614 0.006655716162943496 0.009265799256505577
1 0.5927989487516426 0.9659944237918217 0.005177398160315374 0.0055762081784386614
1 0.6035479632063075 0.9730390334572491 0.0064191852825229954 0.007592936802973978
1 0.6401445466491459 0.9376115241635687 0.004960578186596583 0.00912639405204461
1 0.6500197109067017 0.9397397769516729 0.0044546649145860715 0.007351301115241636
1 0.6239093298291721 0.9080762081784387 0.006813403416557161 0.010018587360594794
1 0.59080814717477 0.9049907063197026 0.006530880420499343 0.008754646840148698
1 0.5846452036793692 0.9201672862453532 0.004862023653088042 0.004405204460966543
1 0.5906833114323259 0.8759851301115241 0.004152431011826544 0.011078066914498141
1 0.6386859395532195 0.8566542750929368 0.005249671484888305 0.010120817843866172
1 0.6329566360052562 0.8306691449814126 0.0044612352168199735 0.006403345724907063
1 0.6170893561103811 0.9017007434944239 0.004710906701708278 0.006691449814126394
1 0.616819973718791 0.7439869888475836 0.005243101182654402 0.006486988847583644
1 0.5995466491458608 0.7351301115241635 0.00480946123521682 0.00687732342007435
1 0.5954927726675427 0.7545260223048327 0.00416557161629435 0.006449814126394052
1 0.5997634691195796 0.7852509293680296 0.005243101182654402 0.010594795539033457
1 0.8673258869908015 0.8321096654275093 0.004021024967148489 0.004767657992565056
1 0.9157161629434954 0.7880018587360594 0.006971090670170828 0.010055762081784388
1 0.8547109067017082 0.733689591078067 0.0065111695137976345 0.008522304832713755
1 0.7886333771353482 0.7871375464684015 0.006576872536136662 0.00683085501858736
1 0.9318988173455979 0.990371747211896 0.0052168199737187915 0.007574349442379182
1 0.9721353482260183 0.7210873605947955 0.007844940867279895 0.00895910780669145
1 0.9402299605781865 0.6739033457249071 0.0026741130091984234 0.006598513011152416
1 0.954862023653088 0.5862267657992565 0.0031537450722733244 0.006198884758364312
1 0.9076872536136662 0.633364312267658 0.004776609724047306 0.008466542750929368
1 0.7712812089356111 0.5006133828996282 0.0038633377135348225 0.005408921933085502
1 0.6738961892247044 0.36603159851301115 0.005302233902759527 0.004730483271375464
1 0.6649474375821287 0.3206877323420074 0.006583442838370565 0.007546468401486988
1 0.979993429697766 0.40225836431226764 0.005440210249671485 0.007797397769516729
1 0.942358738501971 0.3152602230483272 0.0037385019710906705 0.007258364312267658
1 0.8030157687253614 0.19052973977695167 0.0033574244415243105 0.0066635687732342005
1 0.8743363994743758 0.19221189591078067 0.004178712220762155 0.007007434944237919
1 0.6213337713534822 0.16016728624535317 0.007871222076215507 0.007769516728624535
1 0.5719250985545336 0.09549256505576208 0.006084099868593955 0.009637546468401486
1 0.564257555847569 0.08594795539033458 0.005676741130091985 0.010157992565055762
1 0.5432194480946123 0.09922862453531599 0.00838370565045992 0.0095817843866171
1 0.5596714848883049 0.11594795539033458 0.006103810775295663 0.008327137546468402
1 0.630946123521682 0.034999999999999996 0.007890932982917214 0.009321561338289963
1 0.6295597897503286 0.02157992565055762 0.011530880420499344 0.012648698884758364
1 0.5759461235216821 0.006189591078066914 0.007201051248357425 0.006078066914498141
1 0.45095926412614984 0.172453531598513 0.0083311432325887 0.006710037174721189
1 0.4778186596583443 0.2191078066914498 0.004474375821287779 0.005
1 0.4926215505913272 0.3403996282527881 0.006360052562417871 0.006254646840148699
1 0.5356964520367937 0.3436988847583643 0.005065703022339028 0.008327137546468402
1 0.5428777923784494 0.37843866171003715 0.00557161629434954 0.0069144981412639405
1 0.5413009198423128 0.3962918215613383 0.0034822601839684625 0.0034014869888475837
1 0.5517871222076216 0.40157992565055767 0.005256241787122208 0.006440520446096654
1 0.5393561103810776 0.2870167286245353 0.0038633377135348225 0.006570631970260223
1 0.5035676741130092 0.27304832713754645 0.003718791064388962 0.007286245353159851
1 0.42751642575558474 0.25533457249070635 0.006235216819973719 0.008057620817843865
1 0.36781208935611037 0.2087825278810409 0.005183968462549277 0.006970260223048327
1 0.31289750328515115 0.025938661710037173 0.00304862023653088 0.006282527881040892
1 0.1766425755584757 0.22436802973977693 0.0035085413929040734 0.007973977695167287
1 0.2820762155059133 0.27689591078066916 0.0032063074901445467 0.005009293680297397
1 0.03454664914586071 0.14652416356877324 0.004132720105124835 0.006942379182156133
1 0.4409921156373193 0.008057620817843865 0.004250985545335085 0.007221189591078066
1 0.516892247043364 0.13392193308550185 0.007470433639947437 0.008940520446096653
1 0.7125164257555848 0.08011152416356877 0.008646517739816032 0.011877323420074349
1 0.9965703022339027 0.16904275092936802 0.006852825229960578 0.011161710037174722
1 0.6567017082785808 0.2543215613382899 0.005223390275952694 0.0048327137546468404
1 0.6937779237844941 0.3007342007434944 0.006038107752956635 0.00412639405204461
1 0.5621616294349541 0.29937732342007434 0.004914586070959265 0.008224907063197026
1 0.4574770039421813 0.25424721189591076 0.007155059132720106 0.006384758364312268
1 0.6160906701708279 0.5988754646840149 0.009375821287779237 0.010278810408921934
1 0.5319513797634691 0.5195631970260223 0.007017082785808147 0.009804832713754647
1 0.6666031537450723 0.6500092936802974 0.006990801576872536 0.007100371747211896
1 0.6644678055190539 0.6392565055762082 0.006327201051248358 0.007685873605947955
1 0.6795203679369252 0.9130297397769517 0.00637976346911958 0.005910780669144982