0 0.3056897689768977 0.33838112858464386 0.017247524752475245 0.024662349676225718
0 0.49755775577557754 0.6716558741905643 0.016587458745874587 0.022562442183163736
0 0.7646468646864687 0.5053654024051804 0.019564356435643564 0.02664199814986124
0 0.7128910891089109 0.5512210915818686 0.02207920792079208 0.033385753931544866
1 0.29638943894389436 0.9327197039777984 0.01048844884488449 0.012886216466234968
1 0.18237623762376237 0.3349768732654949 0.011326732673267326 0.009380203515263646
0 0.15653465346534653 0.7067345050878816 0.018092409240924093 0.02377428307123034
1 0.3852541254125412 0.05222016651248844 0.011326732673267326 0.01269195189639223
1 0.497069306930693 0.9628307123034227 0.008514851485148515 0.012303422756706754
1 0.5131815181518152 0.9689916743755782 0.008 0.013977798334875115
1 0.3313003300330033 0.623413506012951 0.011643564356435643 0.019944495837187787
1 0.18725412541254124 0.3729509713228492 0.009056105610561057 0.011119333950046254
1 0.40063366336633666 0.41367252543940797 0.00970957095709571 0.012349676225716928
1 0.05499009900990099 0.3620074005550416 0.006237623762376237 0.009944495837187789
1 0.4265148514851485 0.9306660499537465 0.008950495049504952 0.011387604070305273
1 0.5151353135313531 0.417095282146161 0.008877887788778878 0.009824236817761331
1 0.6088844884488449 0.9600925069380203 0.010171617161716173 0.011933395004625346
1 0.9477557755775577 0.3190656799259945 0.011735973597359737 0.010915818686401482
1 0.2812475247524752 0.9464107308048104 0.007122112211221121 0.009861239592969473
1 0.41405940594059404 0.5460869565217392 0.007815181518151816 0.010212765957446808
1 0.1917755775577558 0.3873265494912118 0.005135313531353136 0.010416281221091582
1 0.4672871287128713 0.8068085106382978 0.011115511551155116 0.012257169287696577
1 0.5283234323432343 0.16508788159111934 0.011782178217821784 0.014699352451433858
1 0.13512871287128714 0.9108233117483812 0.007874587458745875 0.010101757631822387
1 0.24511551155115513 0.950518038852914 0.009016501650165017 0.01095282146160962
1 0.3432607260726072 0.23557816836262718 0.0065148514851485146 0.013089731729879742
1 0.08154455445544555 0.5826919518963922 0.009894389438943895 0.009491211840888067
1 0.19677887788778878 0.5426641998149861 0.007551155115511551 0.01211840888066605
1 0.046475247524752475 0.38048103607770584 0.011914191419141915 0.006845513413506013
1 0.03173597359735973 0.2530249768732655 0.007696369636963697 0.01240518038852914
1 0.021623762376237622 0.9594079555966697 0.01029042904290429 0.014310823311748381
1 0.2846666666666667 0.5166604995374653 0.008745874587458746 0.010333024976873266
1 0.26806600660066005 0.9060314523589269 0.00596039603960396 0.012349676225716928
1 0.10284488448844885 0.07484736355226641 0.008217821782178218 0.01294172062904718
1 0.15966996699669966 0.44514338575393153 0.006930693069306931 0.00902867715078631
1 0.1818877887788779 0.6364107308048104 0.006877887788778878 0.012155411655874191
1 0.13916171617161718 0.664468085106383 0.007346534653465347 0.011211840888066604
1 0.4211419141914191 0.5067345050878815 0.007485148514851485 0.010786308973172988
1 0.6088844884488449 0.31872340425531914 0.0065148514851485146 0.00818686401480111
1 0.6494125412541254 0.592617946345976 0.00844884488448845 0.008122109158186864
1 0.6816435643564357 0.967622571692877 0.007148514851485149 0.010416281221091582
1 0.04083168316831683 0.230268270120259 0.008877887788778878 0.013395004625346901
1 0.8422838283828382 0.37603145235892693 0.007841584158415842 0.006641998149861239
1 0.9682640264026403 0.33702127659574466 0.0106996699669967 0.009491211840888067
1 0.04037623762376238 0.5580573543015727 0.006613861386138614 0.006484736355226642
1 0.6845676567656765 0.22017576318223867 0.010092409240924092 0.01053654024051804
1 0.2541518151815182 0.08639222941720628 0.006191419141914192 0.010379278445883442
1 0.5297821782178218 0.32436632747456057 0.004415841584158416 0.010416281221091582
1 0.43188778877887785 0.7411193339500463 0.007577557755775578 0.012738205365402405
1 0.3359405940594059 0.40682701202590194 0.006772277227722772 0.008381128584643849
1 0.3845214521452145 0.45335800185013875 0.004006600660066007 0.009269195189639222
1 0.049960396039603956 0.5423219241443108 0.00532013201320132 0.0072895467160037
1 0.14355775577557756 0.8725069380203515 0.007841584158415842 0.0071507863089731736
1 0.03240924092409241 0.7595929694727105 0.005491749174917492 0.006743755781683626
1 0.0200990099009901 0.7712210915818687 0.007669966996699669 0.010453283996299724
1 0.19555775577557755 0.9580388529139686 0.006191419141914192 0.007095282146160962
1 0.3571749174917492 0.9628307123034227 0.006264026402640264 0.007779833487511563
1 0.2327854785478548 0.1126549491211841 0.009676567656765677 0.00998149861239593
1 0.13464026402640264 0.39176688251618874 0.006191419141914192 0.007456059204440334
1 0.6015643564356435 0.9778908418131359 0.007841584158415842 0.009528214616096207
1 0.11517491749174918 0.39279370952821463 0.008184818481848185 0.008482886216466234
1 0.6972673267326732 0.5902220166512488 0.0046270627062706265 0.008288621646623497
1 0.08178877887788778 0.7144218316373727 0.007346534653465347 0.010582793709528214
1 0.7778349834983499 0.27235892691951896 0.006363036303630364 0.005911193339500462
1 0.2382838283828383 0.6921831637372803 0.007122112211221121 0.00851063829787234
1 0.30908250825082506 0.9381961147086032 0.00598019801980198 0.006688251618871416
1 0.8896501650165016 0.6846623496762257 0.005425742574257426 0.006771507863089732
1 0.6191419141914192 0.6928677150786309 0.0057293729372937295 0.009898242368177613
1 0.21423102310231024 0.2940888066604996 0.007009900990099009 0.00960222016651249
1 0.08166336633663367 0.31803885291396855 0.007313531353135313 0.00888991674375578
1 0.7475577557755775 0.3245328399629972 0.0043960396039603965 0.007631822386679001
1 0.7622046204620462 0.33566142460684556 0.005003300330033003 0.007123034227567068
1 0.7021452145214522 0.9854116558741906 0.006264026402640264 0.0072895467160037
1 0.12743894389438942 0.3394172062904718 0.004594059405940594 0.007724329324699352
1 0.09203960396039604 0.8902960222016651 0.007036303630363037 0.007696577243293247
1 0.3002904290429043 0.815023126734505 0.008745874587458746 0.00902867715078631
1 0.13122772277227723 0.8430804810360777 0.004924092409240924 0.007696577243293247
1 0.7407194719471948 0.5289731729879742 0.006442244224422442 0.006540240518038853
1 0.4084488448844884 0.39895467160037 0.005867986798679868 0.006484736355226642
1 0.9418943894389439 0.39758556891766883 0.007122112211221121 0.009204440333024977
1 0.9487326732673267 0.8300740055504162 0.005867986798679868 0.007197039777983349
1 0.8852541254125413 0.7643848288621646 0.0074059405940594064 0.008316373728029602
1 0.8398415841584158 0.31393154486586494 0.0054059405940594055 0.006688251618871416
1 0.7875973597359737 0.31735430157261796 0.004864686468646864 0.00902867715078631
1 0.08007920792079208 0.26756706753006476 0.009636963696369637 0.0074005550416281225
1 0.9868184818481848 0.22343200740055505 0.010528052805280528 0.008954671600370027
1 0.7392607260726073 0.3081128584643848 0.00598019801980198 0.006068455134135059
1 0.12670627062706272 0.3661054579093432 0.004666666666666667 0.007058279370952821
1 0.8779273927392739 0.5980943570767807 0.0055115511551155115 0.009130434782608695
1 0.303953795379538 0.8608695652173913 0.004521452145214521 0.008714153561517115
1 0.5981452145214522 0.24481036077705826 0.004099009900990099 0.007696577243293247
1 0.9804686468646865 0.18185938945420907 0.007287128712871287 0.0076040703052728965
1 0.2993135313531353 0.2506290471785384 0.005425742574257426 0.011572617946345976
1 0.1527128712871287 0.28330249768732657 0.007900990099009901 0.009343200740055504
1 0.9267590759075908 0.8868732654949122 0.010455445544554456 0.00902867715078631
1 0.43188778877887785 0.9778908418131359 0.005755775577557756 0.008066604995374654
1 0.019273927392739275 0.8636077705827937 0.007036303630363037 0.007668825161887141
1 0.07824422442244225 0.6880758556891766 0.006613861386138614 0.008288621646623497
1 0.5454125412541254 0.2603792784458835 0.005221122112211221 0.008066604995374654
1 0.9780264026402641 0.03888066604995375 0.008574257425742575 0.008982423681776134
1 0.058990099009900994 0.44959296947271044 0.00467986798679868 0.005975948196114709
1 0.22815181518151814 0.3241905642923219 0.006052805280528053 0.007058279370952821
1 0.9853531353135313 0.9491489361702128 0.006587458745874588 0.006614246068455135
1 0.9003894389438943 0.1443940795559667 0.005023102310231023 0.008612395929694728
1 0.2000726072607261 0.6634412580943571 0.005537953795379538 0.005957446808510639
1 0.8471683168316831 0.41879740980573543 0.00532013201320132 0.006873265494912118
1 0.2335181518151815 0.9224606845513413 0.00629042904290429 0.005642923219241443
1 0.2832013201320132 0.581322849213691 0.005577557755775577 0.007816836262719703
1 0.08508250825082508 0.8697687326549491 0.004811881188118812 0.006873265494912118
1 0.9985478547854785 0.38972247918593894 0.0029042904290429044 0.008917668825161887
1 0.6147458745874588 0.23112858464384828 0.0054059405940594055 0.0071507863089731736
1 0.19213861386138611 0.815023126734505 0.004264026402640264 0.006096207215541166
1 0.05697689768976897 0.9765217391304347 0.006264026402640264 0.005911193339500462
1 0.8457029702970297 0.27697502312673455 0.004607260726072608 0.008029602220166512
1 0.9331023102310232 0.13198889916743756 0.005201320132013201 0.008066604995374654
1 0.9682640264026403 0.13241443108233117 0.005346534653465346 0.005707678075855689
1 0.20862046204620463 0.11992599444958371 0.005386138613861387 0.007012025901942645
1 0.02001980198019802 0.2805735430157262 0.005135313531353136 0.006817761332099908
1 0.280026402640264 0.042340425531914895 0.004363036303630363 0.007844588344125809
1 0.20336633663366338 0.08117483811285846 0.005867986798679868 0.0079740980573543
1 0.5649438943894389 0.7623311748381129 0.004943894389438944 0.006688251618871416
1 0.6494125412541254 0.15696577243293247 0.004666666666666667 0.0057724329324699356
1 0.2962376237623762 0.9592969472710453 0.014481848184818482 0.01957446808510638
1 0.17765676567656763 0.7966882516188715 0.006897689768976897 0.008788159111933395
1 0.2587920792079208 0.796327474560592 0.00500990099009901 0.008066604995374654
1 0.09104290429042905 0.7250971322849215 0.005359735973597359 0.007853839037927845
1 0.10658745874587458 0.7500832562442183 0.005115511551155115 0.006891766882516189
1 0.009194719471947195 0.6564107308048104 0.004567656765676568 0.00396854764107308
1 0.024165016501650163 0.685235892691952 0.004435643564356435 0.0054209065679926
1 0.11907590759075908 0.9595929694727104 0.0037755775577557756 0.004403330249768732
1 0.15022442244224424 0.530536540240518 0.004666666666666667 0.006873265494912118
1 0.175986798679868 0.4606382978723404 0.00605940594059406 0.007585568917668825
1 0.3116105610561056 0.31338575393154483 0.004118811881188119 0.00814986123959297
1 0.1679009900990099 0.18014801110083256 0.003676567656765677 0.0051156336725254395
1 0.09925412541254126 0.2771692876965772 0.004237623762376238 0.004199814986123959
1 0.09500330033003301 0.3364107308048104 0.0045082508250825085 0.006780758556891767
1 0.08347854785478548 0.05383903792784459 0.0065148514851485146 0.007160037002775208
1 0.4239537953795379 0.47991674375578164 0.0032343234323432344 0.007511563367252543
1 0.4309438943894389 0.49138760407030535 0.00467986798679868 0.007622571692876966
1 0.4363564356435644 0.5651896392229417 0.004224422442244225 0.007696577243293247
1 0.4244356435643564 0.6047641073080481 0.005452145214521452 0.007816836262719703
1 0.7131881188118812 0.2737742830712303 0.00398019801980198 0.007964847363552265
1 0.7100198019801981 0.3624421831637373 0.005174917491749175 0.007909343200740056
1 0.8764554455445545 0.014643848288621647 0.004693069306930693 0.007807585568917669
1 0.9884554455445544 0.36183163737280294 0.006877887788778878 0.006688251618871416
1 0.6675511551155116 0.7272617946345975 0.0041848184818481845 0.006910268270120258
1 0.6410825082508251 0.8761239592969473 0.002633663366336634 0.006077705827937096
1 0.5503630363036304 0.8278353376503238 0.004158415841584159 0.006096207215541166
1 0.46633003300330034 0.783145235892692 0.006528052805280528 0.006281221091581869
1 0.45318151815181523 0.8710083256244218 0.00403960396039604 0.006382978723404256
1 0.4424026402640264 0.9714338575393153 0.005042904290429043 0.008769657724329326
1 0.8135709570957096 0.4058186864014801 0.0035643564356435645 0.006059204440333025