0 0.3634364713627386 0.6878293135435993 0.023706385780118498 0.030686456400742114
0 0.06396313364055299 0.8015584415584416 0.03136932192231731 0.03829313543599258
0 0.6054707044107966 0.9357235621521336 0.023100724160631997 0.040918367346938773
1 0.9916984858459513 0.5101762523191095 0.015602369980250164 0.030575139146567717
1 0.4382356813693219 0.3883951762523191 0.014226464779460171 0.02173469387755102
0 0.8842791310072416 0.5865491651205936 0.030441079657669522 0.035695732838589976
0 0.4086899275839368 0.9653061224489795 0.03789993416721527 0.05461038961038961
1 0.28052007899934167 0.5091465677179963 0.016919025674786044 0.02027829313543599
1 0.14416721527320606 0.9295361781076067 0.008880842659644504 0.012272727272727274
1 0.6049835418038183 0.5683116883116883 0.010947992100065832 0.017050092764378477
1 0.5053719552337064 0.4843784786641929 0.011329822251481238 0.019211502782931354
1 0.5209940750493746 0.7073005565862709 0.015602369980250164 0.021827458256029685
1 0.5004871626069782 0.8751762523191096 0.010171165240289664 0.015426716141001854
1 0.5600592495062541 0.7203710575139146 0.011685319289005925 0.0187847866419295
1 0.5073271889400922 0.33507421150278294 0.008446346280447664 0.01352504638218924
1 0.8510730743910467 0.4410296846011132 0.019716919025674785 0.015074211502782932
1 0.8159183673469389 0.3469387755102041 0.009598420013166556 0.01030612244897959
1 0.8452139565503621 0.43896103896103894 0.007314022383146807 0.009461966604823747
1 0.7075181040157998 0.11946196660482375 0.008847926267281106 0.012133580705009276
1 0.12475312705727452 0.8593506493506493 0.008097432521395656 0.010714285714285714
1 0.17407504937458856 0.4995083487940631 0.011507570770243582 0.011539888682745825
1 0.18273864384463462 0.9611781076066791 0.008189598420013166 0.012087198515769945
1 0.869137590520079 0.6956029684601114 0.007873601053324556 0.016595547309833026
1 0.45214614878209347 0.8132560296846012 0.00881500987491771 0.012133580705009276
1 0.8496115865701119 0.2638589981447124 0.007373271889400921 0.010547309833024118
1 0.7543976300197499 0.24493506493506495 0.008123765635286372 0.010547309833024118
1 0.8310533245556286 0.6581076066790353 0.007432521395655036 0.011363636363636364
1 0.13989466754443713 0.3464285714285714 0.008782093482554312 0.011011131725417438
1 0.3105464121132324 0.9185250463821892 0.009822251481237656 0.011539888682745825
1 0.20531928900592494 0.5205009276437849 0.00815668202764977 0.013469387755102041
1 0.9321263989466755 0.32853432282003714 0.011073074391046742 0.00984230055658627
1 0.8940421329822251 0.2019387755102041 0.00945358788676761 0.009953617810760668
1 0.8662080315997367 0.39355287569573283 0.00793285055957867 0.009545454545454544
1 0.8525411454904542 0.32905380333951767 0.007037524687294273 0.008766233766233766
1 0.9902369980250165 0.7348144712430427 0.007037524687294273 0.00865491651205937
1 0.7128900592495063 0.6746196660482375 0.008314680710994076 0.0076716141001855285
1 0.448973008558262 0.5060482374768089 0.0066886109282422645 0.009916512059369201
1 0.8637722185648452 0.566595547309833 0.010526662277814352 0.009322820037105752
1 0.6806649111257407 0.41763450834879406 0.005003291639236339 0.009211502782931353
1 0.5009743252139566 0.7272541743970315 0.005181040157998683 0.016345083487940632
1 0.143798551678736 0.8221985157699444 0.0069058591178406846 0.009211502782931353
1 0.4062475312705728 0.5593692022263451 0.005984200131665569 0.008719851576994434
1 0.046537195523370635 0.20125231910946195 0.007149440421329822 0.009656771799628943
1 0.7294930875576037 0.04224489795918367 0.008676761026991442 0.01326530612244898
1 0.5278341013824884 0.4860946196660482 0.0054312047399605 0.012374768089053804
1 0.6035154707044108 0.2041743970315399 0.007485187623436471 0.008821892393320964
1 0.7875971033574719 0.3020500927643785 0.00815668202764977 0.00924860853432282
1 0.9267610269914417 0.05151205936920223 0.009637919684002634 0.012857142857142857
1 0.51513495720869 0.8779313543599258 0.007123107307439105 0.008896103896103897
1 0.5498025016458196 0.9143970315398887 0.007406188281764319 0.011493506493506493
1 0.7285187623436471 0.33369202226345085 0.008676761026991442 0.006317254174397031
1 0.9628900592495063 0.3949350649350649 0.009855167873601054 0.00976808905380334
1 0.7875971033574719 0.06523191094619665 0.007458854509545754 0.013998144712430426
1 0.21581961816984857 0.08978664192949908 0.010487162606978274 0.011994434137291279
1 0.15441737985516787 0.8504081632653061 0.005892034233048057 0.01
1 0.30664252797893354 0.7382560296846011 0.007373271889400921 0.009582560296846012
1 0.09826859776168533 0.9577458256029685 0.004963791968400263 0.007532467532467532
1 0.3815931533903884 0.8559090909090908 0.005641869651086241 0.008432282003710575
1 0.6713890717577353 0.8359554730983302 0.007123107307439105 0.007949907235621521
1 0.06842001316655695 0.9570500927643785 0.0062606978275181035 0.00792207792207792
1 0.21350230414746543 0.7795454545454545 0.00870967741935484 0.009322820037105752
1 0.05099407504937459 0.3687847866419295 0.005556287030941408 0.007829313543599257
1 0.9311520737327189 0.37669758812615955 0.005799868334430546 0.008330241187384044
1 0.9977880184331798 0.48919294990723566 0.004423963133640553 0.008200371057513915
1 0.8261751152073733 0.4523840445269017 0.005062541145490454 0.006576994434137291
1 0.4814483212639895 0.9673747680890538 0.007551020408163266 0.012606679035250463
1 0.5473601053324556 0.7382560296846011 0.004772876892692561 0.01088126159554731
1 0.05758393680052666 0.01495361781076067 0.006293614219881501 0.009693877551020408
1 0.7397432521395656 0.2624860853432282 0.005062541145490454 0.007077922077922078
1 0.31225806451612903 0.32664192949907234 0.005510204081632652 0.007467532467532468
1 0.4794930875576037 0.8036178107606679 0.005470704410796577 0.00862708719851577
1 0.6250032916392363 0.900630797773655 0.005220539828834759 0.007300556586270872
1 0.8881830151415405 0.12186456400742116 0.00641211323238973 0.007328385899814472
1 0.18529953917050693 0.8208256029684601 0.004522712310730744 0.007133580705009277
1 0.8354509545753785 0.1653896103896104 0.005385121790651744 0.00826530612244898
1 0.4846214614878209 0.46717068645640075 0.005984200131665569 0.0060760667903525046
1 0.36963133640553 0.9116419294990723 0.005345622119815667 0.010352504638218924
1 0.010408163265306122 0.6890630797773655 0.0065898617511520735 0.00826530612244898
1 0.21997366688610928 0.4871243042671614 0.005404871626069783 0.007615955473098331
1 0.9964318630678077 0.5112059369202226 0.007142857142857143 0.016855287569573284
1 0.22180381830151416 0.3476252319109462 0.005240289664252798 0.008070500927643784
1 0.9982488479262672 0.5452690166975881 0.003502304147465438 0.012319109461966604
1 0.4204081632653061 0.864860853432282 0.005181040157998683 0.008172541743970316
1 0.6269519420671494 0.87930426716141 0.005510204081632652 0.00738404452690167
1 0.00803159973666886 0.33507421150278294 0.005819618169848584 0.007764378478664192
1 0.5849637919684002 0.5776066790352504 0.004252797893350889 0.009322820037105752
1 0.29711652402896643 0.8208256029684601 0.005892034233048057 0.007133580705009277
1 0.016662277814351548 0.9185250463821892 0.006142198815009875 0.006521335807050093
1 0.32104674127715604 0.8614192949907236 0.00488479262672811 0.007244897959183673
1 0.4211454904542462 0.9398515769944341 0.005773535220539828 0.0072170686456400745
1 0.6630875576036867 0.7478942486085344 0.003930217248189598 0.009322820037105752
1 0.6425806451612903 0.3147773654916512 0.004845292955892034 0.006883116883116883
1 0.4658196181698486 0.559025974025974 0.005200789993416722 0.006679035250463822
1 0.7709940750493747 0.8710482374768089 0.01785385121790652 0.031651205936920224
1 0.688479262672811 0.9109554730983302 0.004832126398946675 0.010074211502782931
1 0.6376958525345622 0.8682931354359925 0.004700460829493087 0.010510204081632652
1 0.3264186965108624 0.2607606679035251 0.004002633311389072 0.007272727272727273
1 0.16454904542462145 0.3103061224489796 0.006714944042132982 0.006131725417439704
1 0.36010533245556287 0.029025974025974025 0.005911784068466096 0.01114100185528757
1 0.5063462804476629 0.1881725417439703 0.006221198156682027 0.007708719851576995
1 0.24218564845292956 0.06282931354359926 0.00468071099407505 0.00839517625231911
1 0.3444832126398947 0.8827458256029684 0.004522712310730744 0.007328385899814472
1 0.3305661619486504 0.4637384044526902 0.004068466096115866 0.007801484230055659
1 0.18139565503620805 0.12719851576994434 0.004628044766293614 0.007439703153988868
1 0.520019749835418 0.37910946196660483 0.004430546412113233 0.006298701298701298
1 0.6030283080974326 0.3173562152133581 0.004924292297564187 0.005714285714285714
1 0.619137590520079 0.4107513914656772 0.004963791968400263 0.0061502782931354355
1 0.9614285714285715 0.774721706864564 0.004865042791310072 0.007161410018552875
1 0.9638643844634628 0.9549907235621522 0.005444371296905859 0.009072356215213358
1 0.48705727452271236 0.8614192949907236 0.004384463462804477 0.006938775510204082
1 0.6254904542462146 0.2721150278293135 0.004279131007241606 0.0068089053803339515
1 0.3132323897300856 0.6120037105751391 0.004845292955892034 0.006623376623376623
1 0.703614219881501 0.3680983302411874 0.004417379855167874 0.0061502782931354355
1 0.566405529953917 0.02515769944341373 0.005773535220539828 0.01030612244897959
1 0.7666030283080975 0.8634786641929499 0.006714944042132982 0.011539888682745825
1 0.40014483212639895 0.9226530612244898 0.004002633311389072 0.0061781076066790355
1 0.43725477287689274 0.6804638218923933 0.004470046082949309 0.008719851576994434
1 0.8867215273206057 0.917152133580705 0.005200789993416722 0.00702226345083488
1 0.47363396971691907 0.03700371057513915 0.004944042132982225 0.008933209647495362
1 0.986326530612245 0.939165120593692 0.006050032916392363 0.006243042671614101
1 0.1491705069124424 0.24907235621521337 0.0054312047399605 0.006883116883116883
1 0.7216787360105332 0.31357142857142856 0.004265964450296248 0.005148423005565863
1 0.8549835418038183 0.8249536178107606 0.00488479262672811 0.006057513914656772
1 0.05676102699144174 0.8627922077922078 0.004483212639894667 0.005918367346938775
1 0.5844700460829493 0.21294990723562152 0.004213298222514813 0.007244897959183673
1 0.5166030283080975 0.3966512059369202 0.004384463462804477 0.006706864564007421
1 0.7553719552337065 0.7341280148423005 0.003956550362080316 0.006270871985157699
1 0.22717577353522053 0.027625231910946197 0.005299539170506913 0.00577922077922078
1 0.982422646477946 0.9123283858998145 0.004502962475312706 0.006131725417439704
1 0.9101579986833442 0.9329684601113173 0.003956550362080316 0.0061502782931354355
1 0.3950164581961817 0.9494805194805195 0.009269256089532588 0.01217996289424861
1 0.040026333113890714 0.8603339517625233 0.005990783410138248 0.005092764378478665
1 0.1700263331138907 0.6015862708719851 0.007761685319289006 0.009063079777365491
1 0.26360105332455563 0.9483766233766234 0.004121132323897301 0.009684601113172542
1 0.12529295589203424 0.883126159554731 0.005470704410796577 0.008961038961038961
1 0.17309414088215933 0.6940630797773656 0.005674786043449637 0.008608534322820037
1 0.2009019091507571 0.508821892393321 0.007024358130348914 0.008951762523191095
1 0.34429888084265964 0.53430426716141 0.007630019749835418 0.0112430426716141
1 0.3532126398946675 0.48678107606679033 0.007353522053982884 0.0112152133580705
1 0.3377156023699803 0.6028293135435993 0.005964450296247531 0.009239332096474954
1 0.2631863067807768 0.4419387755102041 0.0065898617511520735 0.009601113172541744
1 0.2914088215931534 0.4200927643784787 0.005470704410796577 0.007634508348794064
1 0.20389730085582622 0.40485157699443414 0.006431863067807768 0.009591836734693878
1 0.33547070441079657 0.38913729128014846 0.00641211323238973 0.010602968460111316
1 0.3006583278472679 0.4247959183673469 0.00586570111915734 0.007755102040816326
1 0.2353061224489796 0.36096474953617813 0.008387096774193548 0.009888682745825604
1 0.16235023041474655 0.33300556586270874 0.007221856484529296 0.004944341372912802
1 0.23021066491112574 0.34439703153988865 0.0064252797893350885 0.006883116883116883
1 0.4896379196840026 0.5179777365491651 0.0071823568136932196 0.008719851576994434
1 0.46291639236339693 0.5888775510204081 0.008011849901250824 0.011456400742115028
1 0.469651086240948 0.7103061224489796 0.0066820276497695855 0.006335807050092765
1 0.3699736668861093 0.8194526901669759 0.006339697169190257 0.006771799628942486
1 0.47122448979591836 0.6920037105751392 0.00489137590520079 0.0068089053803339515
1 0.48746543778801843 0.6924768089053803 0.006129032258064516 0.007764378478664192
1 0.5067083607636603 0.6788682745825604 0.0067807768268597765 0.008358070500927644
1 0.5296905859117841 0.6908441558441558 0.006695194206714944 0.009128014842300556
1 0.5303620803159974 0.7901205936920223 0.00804476629361422 0.00836734693877551
1 0.5560039499670837 0.7717161410018553 0.0066886109282422645 0.010955473098330242
1 0.5974786043449638 0.6872077922077922 0.00739960500329164 0.008803339517625233
1 0.5660697827518104 0.7085714285714286 0.005444371296905859 0.009814471243042671
1 0.6609216589861752 0.7300371057513915 0.0059973666886109275 0.008719851576994434
1 0.6326991441737986 0.6255936920222634 0.0071165240289664256 0.008404452690166977
1 0.5604213298222515 0.39512059369202224 0.007300855826201449 0.010983302411873841
1 0.6157077024358131 0.7384786641929499 0.006023699802501646 0.007059369202226345
1 0.8109084924292298 0.687430426716141 0.004983541803818302 0.011567717996289426
1 0.9154180381830151 0.8255287569573283 0.005115207373271889 0.007337662337662338
1 0.48512837393021724 0.27611317254174395 0.0063857801184990124 0.00937847866419295
1 0.5978736010533245 0.2280055658627087 0.00489137590520079 0.010500927643784786
1 0.9201184990125083 0.40240259740259743 0.016161948650427915 0.011651205936920223
1 0.41260697827518106 0.04935992578849722 0.00608294930875576 0.010120593692022263
1 0.70312047399605 0.004192949907235621 0.006510862409479921 0.008376623376623376
1 0.22294930875576038 0.2295269016697588 0.008347597103357472 0.008896103896103897
1 0.21194206714944042 0.30522263450834874 0.006076366030283081 0.009656771799628943
1 0.17413429888084264 0.2556864564007421 0.006122448979591837 0.00792207792207792
1 0.13475971033574718 0.2728385899814471 0.007965766951942068 0.00976808905380334
1 0.02209348255431205 0.2781076066790353 0.007959183673469388 0.0087291280148423
1 0.1770572745227123 0.08646567717996288 0.007030941408821593 0.007838589981447123
1 0.15931533903884135 0.06557513914656772 0.00608294930875576 0.00777365491651206
1 0.13973666886109282 0.39616883116883117 0.004759710335747202 0.008450834879406307
1 0.7701053324555629 0.9642393320964749 0.04343647136273865 0.07153061224489796