0 0.4687433510638298 0.6177849264705882 0.01721409574468085 0.01780330882352941
1 0.7666023936170213 0.7181801470588235 0.014840425531914893 0.024871323529411765
1 0.8286103723404256 0.6155790441176471 0.010492021276595744 0.011856617647058823
1 0.3115226063829787 0.5960018382352942 0.013690159574468085 0.02197610294117647
1 0.5034175531914894 0.627389705882353 0.015126329787234043 0.026130514705882353
1 0.7963896276595744 0.9436213235294119 0.010405585106382979 0.014604779411764706
1 0.09808510638297872 0.38844669117647057 0.009089095744680852 0.010193014705882353
1 0.010950797872340426 0.6334650735294118 0.010246010638297873 0.012757352941176471
1 0.6953125 0.55078125 0.007546542553191489 0.011534926470588236
1 0.1367220744680851 0.7114246323529412 0.01548537234042553 0.025202205882352943
1 0.20642287234042553 0.22746323529411763 0.010565159574468085 0.011672794117647059
0 0.890625 0.49779411764705883 0.02136303191489362 0.030229779411764707
1 0.4931648936170213 0.48834558823529417 0.016402925531914896 0.02410845588235294
1 0.6787101063829787 0.5214154411764705 0.023105053191489363 0.029531250000000002
1 0.9838896276595744 0.37090073529411766 0.01069813829787234 0.01400735294117647
1 0.8447273936170213 0.41477022058823526 0.022626329787234042 0.030395220588235294
1 0.15405585106382977 0.4188235294117647 0.008577127659574468 0.013465073529411765
1 0.8144547872340426 0.20586397058823527 0.008477393617021276 0.013069852941176472
1 0.8808577127659574 0.5430147058823529 0.022799202127659575 0.025441176470588234
1 0.8022473404255319 0.46640624999999997 0.021988031914893617 0.03151654411764706
1 0.8916023936170213 0.040836397058823526 0.019940159574468083 0.024384191176470588
1 0.13061835106382977 0.7006249999999999 0.011642287234042554 0.01261029411764706
1 0.6079122340425531 0.8072702205882353 0.008091755319148936 0.009696691176470588
1 0.8940425531914894 0.6938786764705883 0.020445478723404256 0.03769301470588235
1 0.9311502659574469 0.25547794117647055 0.016981382978723404 0.02931985294117647
1 0.2349867021276596 0.3901378676470588 0.015073138297872341 0.016029411764705882
1 0.4821808510638298 0.037628676470588235 0.01583776595744681 0.02347426470588235
1 0.24170212765957447 0.39080882352941176 0.026263297872340427 0.030919117647058823
1 0.021010638297872343 0.2770772058823529 0.01692154255319149 0.01635110294117647
1 0.7016622340425531 0.918639705882353 0.007207446808510638 0.013952205882352941
1 0.6582047872340426 0.4124080882352941 0.008610372340425531 0.010431985294117646
1 0.23706117021276596 0.9361948529411765 0.008743351063829787 0.013373161764705883
1 0.7827127659574469 0.7363970588235295 0.008949468085106384 0.010073529411764707
1 0.6977526595744681 0.9341727941176471 0.006003989361702127 0.011498161764705882
1 0.3369148936170213 0.2995220588235294 0.007872340425531916 0.013272058823529411
1 0.3728058510638298 0.41105698529411766 0.008517287234042553 0.01015625
1 0.7543949468085106 0.8254963235294117 0.007573138297872341 0.00823529411764706
1 0.7622074468085106 0.948345588235294 0.00901595744680851 0.011452205882352942
1 0.8115226063829787 0.24889705882352942 0.004753989361702128 0.007987132352941176
1 0.3557114361702128 0.8653216911764706 0.008710106382978724 0.0103125
1 0.5029321808510638 0.42185661764705884 0.007872340425531916 0.009696691176470588
1 0.2749002659574468 0.5328952205882352 0.007460106382978724 0.009540441176470588
1 0.9228523936170213 0.2171783088235294 0.007147606382978723 0.012858455882352942
1 0.3579122340425532 0.6851011029411764 0.009634308510638298 0.010928308823529412
1 0.6665026595744681 0.7991727941176471 0.009089095744680852 0.007564338235294118
1 0.7485372340425531 0.9199908088235295 0.005425531914893617 0.01177389705882353
1 0.6992220744680852 0.7363970588235295 0.007207446808510638 0.00889705882352941
1 0.4885239361702128 0.9685937499999999 0.007845744680851065 0.010680147058823529
1 0.8222672872340426 0.5727205882352941 0.005319148936170213 0.006599264705882353
1 0.25488031914893616 0.5092738970588235 0.0052393617021276595 0.008272058823529412
1 0.4873071808510638 0.8626194852941176 0.008031914893617022 0.008014705882352941
1 0.27783244680851066 0.31724264705882355 0.005910904255319149 0.008106617647058823
1 0.1790757978723404 0.6341452205882353 0.006688829787234043 0.008014705882352941
1 0.5273470744680852 0.5946507352941177 0.0059375 0.007647058823529412
1 0.2563497340425532 0.4653952205882353 0.007373670212765957 0.008143382352941176
1 0.7602526595744681 0.5693474264705882 0.00971409574468085 0.007886029411764707
1 0.9575199468085106 0.2372518382352941 0.008610372340425531 0.014227941176470589
1 0.40942154255319146 0.8443933823529413 0.006988031914893617 0.0072977941176470594
1 0.5302726063829787 0.213125 0.006003989361702127 0.009917279411764705
1 0.7934574468085106 0.6844301470588235 0.00648936170212766 0.00921875
1 0.40942154255319146 0.35909007352941175 0.005551861702127659 0.00849264705882353
1 0.6845678191489362 0.6554044117647059 0.006436170212765957 0.0103125
1 0.5454122340425531 0.68578125 0.009454787234042554 0.010716911764705883
1 0.3654787234042553 0.3958731617647059 0.007207446808510638 0.006553308823529412
1 0.7954122340425531 0.7573253676470588 0.006343085106382978 0.007674632352941176
1 0.6479521276595744 0.28113051470588235 0.008783244680851064 0.010928308823529412
1 0.6767553191489362 0.41443933823529416 0.005551861702127659 0.0071599264705882355
1 0.08898936170212766 0.9564430147058822 0.005664893617021276 0.007803308823529412
1 0.3693816489361702 0.057205882352941176 0.008284574468085107 0.00943014705882353
1 0.5917952127659574 0.2787683823529412 0.004680851063829788 0.011856617647058823
1 0.29614361702127656 0.358079044117647 0.004202127659574468 0.008428308823529412
1 0.5449202127659574 0.4083639705882353 0.009481382978723404 0.008272058823529412
1 0.5283178191489362 0.7060294117647059 0.005159574468085106 0.008299632352941176
1 0.44995345744680854 0.8275183823529412 0.006190159574468086 0.005983455882352941
1 0.453125 0.8538419117647059 0.005644946808510638 0.0075275735294117645
1 0.5727526595744681 0.04931985294117647 0.007460106382978724 0.01208639705882353
1 0.6533178191489362 0.341875 0.004906914893617022 0.007647058823529412
1 0.3439960106382979 0.9517187500000001 0.005598404255319149 0.007922794117647057
1 0.8681648936170213 0.4974540441176471 0.005219414893617021 0.006277573529411765
1 0.8686502659574469 0.3226378676470588 0.005139627659574469 0.006939338235294117
1 0.6689428191489362 0.3516636029411765 0.006263297872340426 0.006755514705882352
1 0.6723603723404256 0.3989154411764706 0.004315159574468085 0.007352941176470588
1 0.6318351063829787 0.5062316176470588 0.006003989361702127 0.0072977941176470594
1 0.7719747340425531 0.22021139705882353 0.005179521276595745 0.0069117647058823525
1 0.5786103723404256 0.5575275735294118 0.005445478723404255 0.0075
1 0.5947273936170213 0.4329963235294118 0.004248670212765957 0.0067279411764705884
1 0.9448271276595744 0.8032261029411765 0.006389627659574468 0.009356617647058823
1 0.08929521276595745 0.045560661764705884 0.004906914893617022 0.008832720588235294
1 0.8544946808510638 0.9517187500000001 0.004607712765957447 0.006939338235294117
1 0.046110372340425525 0.9679136029411763 0.00538563829787234 0.006884191176470589
1 0.5366223404255319 0.5264797794117646 0.004468085106382979 0.006452205882352941
1 0.12390292553191488 0.39520220588235294 0.005598404255319149 0.00578125
1 0.5888696808510638 0.6240165441176471 0.005405585106382979 0.006599264705882353
1 0.23462101063829788 0.16140625 0.004401595744680851 0.007270220588235295
1 0.21850398936170212 0.4238878676470588 0.004055851063829787 0.006029411764705882
1 0.6328125 0.6236764705882353 0.005405585106382979 0.005533088235294117
1 0.7255851063829787 0.3688786764705882 0.004348404255319149 0.005983455882352941
1 0.9521476063829787 0.3153860294117647 0.00586436170212766 0.005284926470588236
1 0.07555851063829787 0.0659375 0.004507978723404255 0.007564338235294118
1 0.5732446808510638 0.4292830882352941 0.00492686170212766 0.006700367647058824
1 0.8129853723404256 0.25379595588235293 0.011595744680851065 0.017656250000000002
1 0.6845678191489362 0.8025459558823529 0.005345744680851063 0.005716911764705882
1 0.4768085106382979 0.5521323529411765 0.003856382978723404 0.006626838235294118
1 0.6059574468085106 0.5139981617647059 0.004182180851063829 0.006011029411764706
1 0.7709973404255319 0.38406250000000003 0.004667553191489361 0.005873161764705882
1 0.6367220744680852 0.3015441176470588 0.004680851063829788 0.006700367647058824
1 0.06952127659574468 0.2902389705882353 0.004361702127659574 0.005716911764705882
1 0.8325199468085106 0.015900735294117646 0.004594414893617021 0.006176470588235294
1 0.7758776595744681 0.9962683823529412 0.003902925531914894 0.005349264705882353
1 0.4431183510638298 0.2774172794117647 0.004042553191489362 0.005183823529411764
1 0.3764627659574468 0.9901930147058823 0.024700797872340426 0.017316176470588234