0 0.5183178438661711 0.25865789473684214 0.03279739776951673 0.026421052631578946
1 0.16184014869888474 0.576171052631579 0.017091078066914497 0.013276315789473685
0 0.45558550185873603 0.8955065789473685 0.03483271375464684 0.03161842105263158
1 0.5618122676579925 0.4216315789473684 0.02246282527881041 0.013532894736842105
1 0.1079460966542751 0.8066381578947368 0.013141263940520446 0.008710526315789474
1 0.6807992565055762 0.7563486842105264 0.01087360594795539 0.011960526315789474
1 0.5024907063197026 0.730953947368421 0.008680297397769517 0.012480263157894736
1 0.41489776951672863 0.8100592105263158 0.009526022304832713 0.00725657894736842
1 0.7552973977695168 0.9365263157894737 0.009237918215613383 0.006171052631578948
1 0.07669144981412639 0.048861842105263155 0.009488847583643123 0.006125
1 0.5711245353159851 0.3979473684210526 0.006635687732342007 0.006671052631578947
1 0.11578996282527881 0.5327171052631579 0.008717472118959109 0.006072368421052632
1 0.24814126394052044 0.2700197368421053 0.006236059479553903 0.005980263157894737
1 0.2981505576208178 0.5864276315789474 0.00842007434944238 0.007013157894736842
1 0.07855018587360595 0.8842763157894736 0.007723048327137547 0.006743421052631579
1 0.4528345724907063 0.2668486842105263 0.006486988847583644 0.005730263157894737
1 0.23917286245353162 0.5141578947368421 0.00775092936802974 0.005914473684210527
1 0.7311524163568773 0.2834473684210526 0.006384758364312268 0.006690789473684211
1 0.9567007434944239 0.9873026315789474 0.014200743494423792 0.005914473684210527
1 0.43351301115241636 0.5629868421052632 0.007723048327137547 0.0062434210526315795
1 0.4217936802973978 0.19616447368421053 0.006979553903345725 0.005039473684210527
1 0.25763011152416354 0.3068815789473684 0.00629182156133829 0.00619078947368421
1 0.9649814126394052 0.5390657894736842 0.006719330855018588 0.005914473684210527
1 0.12191449814126394 0.5883815789473684 0.006979553903345725 0.006486842105263157
1 0.13070631970260221 0.1745592105263158 0.006115241635687732 0.005690789473684211
1 0.546635687732342 0.3737763157894737 0.005381040892193309 0.0062434210526315795
1 0.7773698884758364 0.5986315789473684 0.006821561338289962 0.0053421052631578946
1 0.6573420074349442 0.3417960526315789 0.0055762081784386614 0.005822368421052632
1 0.7884014869888476 0.15417763157894737 0.00645910780669145 0.004572368421052631
1 0.5887174721189592 0.5717763157894737 0.0070353159851301115 0.005980263157894737
1 0.3045353159851301 0.5551776315789474 0.006161710037174721 0.005914473684210527
1 0.5680204460966544 0.8984407894736843 0.006431226765799256 0.0052171052631578944
1 0.14476765799256505 0.9209013157894737 0.0070353159851301115 0.005690789473684211
1 0.7032156133828996 0.7871118421052632 0.008187732342007436 0.008348684210526315
1 0.12975836431226767 0.5141578947368421 0.007202602230483271 0.004756578947368422
1 0.1400185873605948 0.12292763157894736 0.006189591078066914 0.004539473684210526
1 0.2353810408921933 0.6191381578947369 0.00696096654275093 0.004756578947368422
1 0.6745910780669145 0.05309868421052631 0.005511152416356877 0.005644736842105263
1 0.07669144981412639 0.2944342105263158 0.005975836431226765 0.004572368421052631
1 0.3507434944237918 0.16332894736842105 0.005055762081784387 0.005868421052631579
1 0.06298327137546468 0.6513684210526316 0.0070353159851301115 0.004769736842105263
1 0.7187360594795539 0.5146513157894737 0.006737918215613383 0.004927631578947368
1 0.3350557620817844 0.8115263157894737 0.006979553903345725 0.0048289473684210524
1 0.5721561338289962 0.9091776315789474 0.006050185873605948 0.005664473684210526
1 0.604581784386617 0.38965131578947365 0.005464684014869888 0.005197368421052632
1 0.1354553903345725 0.487796052631579 0.006979553903345725 0.00494078947368421
1 0.10449814126394052 0.10632236842105264 0.005687732342007435 0.004677631578947369
1 0.19141263940520448 0.7275394736842105 0.007230483271375465 0.004789473684210527
1 0.5718122676579925 0.4924342105263158 0.006068773234200743 0.005243421052631579
1 0.08350371747211896 0.02948026315789474 0.006143122676579926 0.005039473684210527
1 0.30298327137546466 0.5244144736842106 0.006933085501858736 0.004717105263157895
1 0.5035315985130111 0.8154276315789474 0.005427509293680298 0.005868421052631579
1 0.3438475836431227 0.2788092105263158 0.005529739776951673 0.004809210526315789
1 0.09647769516728624 0.43530263157894733 0.0065334572490706325 0.004809210526315789
1 0.3914405204460967 0.9677763157894737 0.005492565055762082 0.006513157894736842
1 0.41524163568773237 0.15967105263157894 0.005659851301115242 0.004888157894736842
1 0.2936710037174721 0.6264671052631579 0.005315985130111524 0.005322368421052631
1 0.9801579925650559 0.8564473684210526 0.007230483271375465 0.0050197368421052635
1 0.20641263940520446 0.9467763157894736 0.006050185873605948 0.005980263157894737
1 0.04672862453531599 0.4755855263157895 0.00570631970260223 0.005177631578947369
1 0.6666542750929368 0.8398421052631578 0.006050185873605948 0.005578947368421053
1 0.6628624535315986 0.5766578947368421 0.006849442379182156 0.0046644736842105265
1 0.6038940520446097 0.5507828947368422 0.00687732342007435 0.004519736842105263
1 0.06242565055762082 0.8915986842105263 0.005771375464684015 0.0050197368421052635
1 0.26900557620817844 0.19811842105263158 0.006505576208178439 0.005138157894736842
1 0.49214684014869886 0.909671052631579 0.005548327137546468 0.004809210526315789
1 0.7180483271375465 0.3500986842105263 0.005157992565055762 0.004789473684210527
1 0.19762081784386615 0.22241447368421052 0.0048234200743494425 0.005302631578947369
1 0.7939219330855019 0.008375 0.005929368029739777 0.006638157894736842
1 0.11010223048327138 0.543453947368421 0.005315985130111524 0.004809210526315789
1 0.9373884758364313 0.4736315789473684 0.006096654275092936 0.004164473684210526
1 0.08393122676579926 0.857421052631579 0.006050185873605948 0.004980263157894737
1 0.5287081784386617 0.607421052631579 0.005864312267657992 0.004177631578947369
1 0.4145446096654275 0.9790065789473684 0.005241635687732342 0.006171052631578948
1 0.1829646840148699 0.03594736842105263 0.006263940520446097 0.004736842105263158
1 0.4039591078066915 0.7934342105263158 0.010566914498141263 0.006493421052631578
1 0.6772490706319703 0.8502236842105263 0.010130111524163569 0.006828947368421053
1 0.5761245353159851 0.5819013157894737 0.009154275092936802 0.005361842105263158
1 0.2665799256505576 0.43017105263157895 0.009312267657992564 0.006934210526315789
1 0.6938475836431227 0.023473684210526317 0.009144981412639405 0.007631578947368421