0 0.28852213541666666 0.4312101313320826 0.0196875 0.02478424015009381
0 0.16052083333333333 0.6448217636022514 0.021529947916666667 0.028189493433395874
0 0.2138671875 0.5670731707317073 0.02072265625 0.03519699812382739
1 0.025865885416666665 0.6719043151969981 0.015188802083333333 0.015112570356472795
1 0.07629557291666667 0.6289868667917449 0.0178515625 0.020187617260787993
0 0.21044921875 0.9596622889305816 0.03253255208333333 0.054793621013133204
1 0.5009765625 0.551594746716698 0.025377604166666665 0.04564727954971857
1 0.6435546875 0.5962757973733583 0.016848958333333334 0.027926829268292683
0 0.45849609375 0.9308161350844277 0.0341796875 0.03181050656660413
1 0.7201953125 0.9533302063789869 0.032031250000000004 0.04810506566604128
1 0.56640625 0.7450750469043153 0.016282552083333336 0.026163227016885553
0 0.56005859375 0.6901969981238274 0.02056640625 0.03167917448405254
1 0.27001953125 0.6631144465290807 0.017044270833333333 0.012129455909943715
1 0.3388671875 0.11934333958724203 0.012194010416666666 0.0200281425891182
1 0.94677734375 0.34034709193245777 0.019303385416666666 0.018405253283302066
1 0.08505208333333332 0.89718574108818 0.00994140625 0.012120075046904315
0 0.62353515625 0.674718574108818 0.022936197916666665 0.031022514071294558
1 0.06439453125 0.4956660412757974 0.009713541666666667 0.009793621013133207
1 0.32958984375 0.5245121951219512 0.012194010416666666 0.01299249530956848
1 0.10669270833333333 0.3778142589118199 0.010208333333333333 0.011088180112570357
1 0.28052083333333333 0.9702157598499062 0.013020833333333334 0.016838649155722325
1 0.5849609375 0.7274859287054409 0.012480468750000001 0.016904315196998122
1 0.38940755208333333 0.650797373358349 0.014674479166666666 0.014427767354596624
1 0.16638020833333333 0.30323639774859285 0.00720703125 0.013405253283302063
1 0.9169921875 0.5245121951219512 0.014733072916666666 0.021632270168855532
1 0.66357421875 0.04082551594746717 0.009635416666666667 0.0175046904315197
1 0.0941796875 0.34351782363977484 0.007350260416666666 0.00953095684803002
0 0.70556640625 0.3456285178236398 0.023072916666666665 0.03834896810506567
0 0.83447265625 0.26542213883677296 0.029205729166666666 0.03634146341463415
1 0.35962239583333333 0.019352720450281424 0.010859375 0.015168855534709196
1 0.94873046875 0.9828799249530957 0.019427083333333334 0.027551594746716698
1 0.916015625 0.6620544090056285 0.0123828125 0.012654784240150095
1 0.028170572916666668 0.26454033771106944 0.006796875 0.012945590994371483
1 0.30347005208333333 0.8984521575984991 0.011067708333333334 0.016904315196998122
1 0.75341796875 0.6592401500938087 0.010735677083333332 0.021060037523452157
1 0.30859375 0.6694465290806754 0.012239583333333333 0.012851782363977484
1 0.35571614583333333 0.50093808630394 0.007669270833333333 0.011219512195121953
1 0.9514973958333334 0.9322232645403377 0.01447265625 0.015590994371482177
1 0.90087890625 0.9434803001876173 0.011067708333333334 0.01274859287054409
1 0.17712239583333333 0.7366322701688556 0.009127604166666666 0.013095684803001877
1 0.48559895833333333 0.9026735459662288 0.013372395833333333 0.01670731707317073
1 0.39794921875 0.9674015009380863 0.011549479166666666 0.013198874296435271
0 0.47241536458333333 0.9596622889305816 0.02298177083333333 0.03192307692307692
1 0.42944661458333333 0.8942307692307693 0.007903645833333334 0.016772983114446527
1 0.38550130208333333 0.8836772983114447 0.00857421875 0.01571294559099437
1 0.43921223958333333 0.47878048780487803 0.009778645833333334 0.011219512195121953
1 0.46216145833333333 0.08060037523452157 0.014173177083333334 0.027926829268292683
1 0.6240234375 0.25469043151969983 0.010091145833333334 0.010422138836772983
1 0.72998046875 0.724671669793621 0.017916666666666668 0.025243902439024392
1 0.11779947916666667 0.9230769230769231 0.008346354166666667 0.011388367729831145
1 0.7802734375 0.674015009380863 0.0127734375 0.014427767354596624
1 0.95751953125 0.6585365853658537 0.012194010416666666 0.011088180112570357
0 0.7490234375 0.7197467166979362 0.022799479166666668 0.03388367729831144
1 0.76416015625 0.37887429643527204 0.0071484375 0.01670731707317073
1 0.95263671875 0.1174953095684803 0.010169270833333332 0.022729831144465293
1 0.19225911458333333 0.9097091932457786 0.013020833333333334 0.012795497185741089
1 0.18579427083333333 0.9392589118198874 0.012011718749999999 0.013883677298311446
1 0.25513020833333333 0.5413977485928705 0.008782552083333334 0.010834896810506566
1 0.9365234375 0.4703377110694184 0.010169270833333332 0.01626641651031895
1 0.68408203125 0.8703095684803002 0.013372395833333333 0.016772983114446527
1 0.19787760416666667 0.4143996247654784 0.010169270833333332 0.008686679174484053
1 0.74462890625 0.9111163227016885 0.014114583333333333 0.011894934333958725
1 0.04302734375 0.4530956848030019 0.006666666666666667 0.007879924953095686
1 0.96142578125 0.4420168855534709 0.015716145833333334 0.009155722326454034
1 0.90087890625 0.7943245778611632 0.010651041666666666 0.01050656660412758
1 0.37134114583333333 0.7464821763602252 0.006985677083333333 0.011707317073170732
1 0.341796875 0.22971857410881802 0.00775390625 0.008358348968105066
1 0.08166666666666667 0.6029549718574109 0.009127604166666666 0.01299249530956848
1 0.8896484375 0.5744652908067542 0.01033203125 0.01075046904315197
1 0.791015625 0.6106941838649156 0.008092447916666667 0.015590994371482177
1 0.96337890625 0.0749718574108818 0.0094140625 0.012598499061913696
1 0.8515625 0.8351313320825516 0.013587239583333334 0.016575984990619137
1 0.7900390625 0.9645872420262664 0.012825520833333333 0.014146341463414635
1 0.669921875 0.2615478424015009 0.009231770833333333 0.011979362101313321
1 0.40966796875 0.68140712945591 0.010208333333333333 0.011838649155722325
1 0.90576171875 0.4900375234521576 0.012291666666666666 0.019953095684803003
1 0.20727864583333333 0.07651031894934335 0.006315104166666666 0.012354596622889305
1 0.9973046874999999 0.9075984990619137 0.005390625 0.01050656660412758
1 0.19787760416666667 0.5076266416510319 0.009713541666666667 0.006801125703564728
1 0.8759765625 0.9420731707317073 0.010208333333333333 0.00975609756097561
1 0.83984375 0.9209662288930581 0.007402343749999999 0.013095684803001877
1 0.22570963541666667 0.925187617260788 0.01078125 0.011791744840525328
1 0.1396484375 0.450281425891182 0.009231770833333333 0.006341463414634146
1 0.75537109375 0.48300187617260787 0.013483072916666667 0.016388367729831144
1 0.52392578125 0.7422607879924953 0.00638671875 0.01274859287054409
1 0.9765625 0.7091932457786116 0.009088541666666667 0.00971857410881801
1 0.27661458333333333 0.9329268292682927 0.007936197916666667 0.013095684803001877
1 0.9482421875 0.37640712945590993 0.007552083333333333 0.010919324577861165
1 0.19580078125 0.8590525328330206 0.008313802083333334 0.017035647279549718
1 0.95849609375 0.6110506566604128 0.01056640625 0.00875234521575985
1 0.59765625 0.9146341463414634 0.007037760416666667 0.01350844277673546
1 0.728515625 0.5121951219512195 0.009674479166666666 0.013939962476547841
1 0.38354817708333333 0.5783302063789869 0.009055989583333333 0.01050656660412758
1 0.6357421875 0.6388367729831145 0.012291666666666666 0.022579737335834897
1 0.58837890625 0.3711350844277673 0.012727864583333333 0.01670731707317073
1 0.87109375 0.2895215759849906 0.011373697916666667 0.01950281425891182
1 0.68212890625 0.38414634146341464 0.011822916666666667 0.012213883677298311
1 0.57177734375 0.9695121951219512 0.00806640625 0.01449343339587242
1 0.234375 0.8196529080675422 0.00775390625 0.008292682926829269
1 0.80078125 0.6873827392120075 0.016158854166666667 0.017570356472795496
1 0.80322265625 0.06670731707317074 0.010091145833333334 0.008855534709193246
1 0.36206380208333333 0.9350375234521576 0.00806640625 0.011341463414634146
1 0.6669921875 0.9434803001876173 0.009557291666666667 0.01399624765478424
1 0.31665364583333333 0.8893058161350844 0.008313802083333334 0.011435272045028142
1 0.5927734375 0.3901313320825516 0.01353515625 0.010787992495309569
1 0.18335286458333333 0.8442776735459663 0.008125 0.010590994371482176
1 0.51025390625 0.28687617260787995 0.005774739583333333 0.012129455909943715
1 0.6728515625 0.2782645403377111 0.008548177083333334 0.011050656660412758
1 0.33667317708333333 0.9280018761726079 0.008815104166666666 0.01270168855534709
1 0.7880859375 0.7274859287054409 0.011419270833333333 0.010919324577861165
1 0.38720703125 0.524859287054409 0.009270833333333334 0.007317073170731707
1 0.72021484375 0.7837711069418386 0.007669270833333333 0.012129455909943715
1 0.21435546875 0.009906191369606004 0.0064127604166666664 0.009136960600375235
1 0.060638020833333334 0.3563602251407129 0.0060481770833333325 0.007467166979362101
1 0.32544270833333333 0.773921200750469 0.007233072916666666 0.010028142589118199
1 0.953125 0.5807973733583489 0.00720703125 0.011575984990619136
1 0.47388020833333333 0.46224202626641653 0.0054296875 0.013564727954971859
1 0.7333984375 0.7985459662288931 0.0065625 0.011754221388367729
1 0.32983723958333333 0.9033771106941839 0.007936197916666667 0.010422138836772983
1 0.43017578125 0.23621951219512197 0.006985677083333333 0.008583489681050657
1 0.2548828125 0.9090056285178236 0.0065364583333333325 0.013405253283302063
1 0.787109375 0.10113508442776736 0.00884765625 0.009277673545966229
1 0.87060546875 0.4200281425891182 0.0087109375 0.012073170731707316
1 0.07263020833333333 0.6057692307692307 0.007122395833333333 0.008780487804878048
1 0.9375 0.8245778611632271 0.006907552083333333 0.008067542213883677
1 0.84751953125 0.4151125703564728 0.009674479166666666 0.024615384615384615
1 0.47314453125 0.9920262664165104 0.009674479166666666 0.012795497185741089
1 0.91357421875 0.42213883677298314 0.007727864583333333 0.010881801125703564
1 0.15454427083333333 0.9160412757973734 0.0062890625 0.010590994371482176
1 0.966796875 0.9554409005628518 0.00701171875 0.010384615384615384
1 0.42333984375 0.8738273921200751 0.008216145833333332 0.013151969981238274
1 0.0805078125 0.7844746716697936 0.006315104166666666 0.007636022514071295
1 0.6767578125 0.5157129455909943 0.010696614583333333 0.008198874296435272
1 0.6875 0.3350750469043152 0.011373697916666667 0.019052532833020636
1 0.8203125 0.5354127579737336 0.010208333333333333 0.007879924953095686
1 0.60546875 0.9603658536585366 0.009375 0.014315196998123827
1 0.61669921875 0.40068480300187614 0.012291666666666666 0.007851782363977485
1 0.7470703125 0.31924015009380863 0.017239583333333332 0.011894934333958725
1 0.67431640625 0.33067542213883677 0.005260416666666667 0.015112570356472795
1 0.13647786458333333 0.46646341463414637 0.014173177083333334 0.03784240150093809
1 0.9140625 0.22409005628517822 0.007291666666666666 0.007045028142589118
1 0.6298828125 0.5375234521575984 0.009016927083333333 0.008489681050656662
1 0.82177734375 0.8534240150093808 0.011640625 0.007091932457786116
1 0.32251302083333333 0.9793621013133208 0.005983072916666666 0.009061913696060037
1 0.77392578125 0.48863039399624764 0.006093749999999999 0.018114446529080674
1 0.021360677083333335 0.8147279549718575 0.00494140625 0.006904315196998124
1 0.20044270833333333 0.7598499061913696 0.009596354166666666 0.015347091932457785
1 0.06943359375000001 0.8979831144465291 0.005338541666666666 0.005628517823639775
1 0.11854166666666667 0.8617448405253283 0.003444010416666667 0.007945590994371483
1 0.078125 0.9773545966228893 0.0041796875 0.0076454033771106945
1 0.14571614583333334 0.9568855534709193 0.00587890625 0.007664165103189493
1 0.1091796875 0.9500375234521576 0.006966145833333333 0.00821763602251407
1 0.11216145833333334 0.7373733583489681 0.003033854166666667 0.006763602251407129
1 0.08245442708333334 0.6851594746716698 0.006666666666666667 0.0074202626641651035
1 0.12625 0.6800093808630394 0.0052669270833333335 0.006022514071294559
1 0.11399088541666667 0.6743339587242027 0.005455729166666667 0.007148217636022514
1 0.16386067708333332 0.7270731707317073 0.005084635416666666 0.003977485928705441
1 0.15522786458333335 0.8525422138836772 0.0051171875 0.007354596622889306
1 0.16110677083333333 0.8040150093808631 0.00451171875 0.006482176360225141
1 0.19233723958333335 0.6483302063789869 0.005169270833333334 0.0067823639774859295
1 0.2290690104166667 0.6568011257035647 0.005716145833333333 0.005919324577861163
1 0.24333333333333332 0.684484052532833 0.0045768229166666665 0.006078799249530957
1 0.25528645833333335 0.6836022514071295 0.005 0.007861163227016887
1 0.24889973958333333 0.7390525328330206 0.00458984375 0.006566604127579738
1 0.26254557291666664 0.8065103189493433 0.004680989583333334 0.006125703564727955
1 0.23219401041666665 0.8514258911819887 0.004544270833333333 0.006904315196998124
1 0.24169921875 0.8466416510318949 0.003782552083333333 0.00624765478424015
1 0.25067057291666667 0.8436022514071294 0.0030013020833333337 0.010853658536585367
1 0.24122395833333332 0.8645215759849907 0.007779947916666666 0.009943714821763603
1 0.28057942708333333 0.8573827392120076 0.006139322916666666 0.008142589118198875
1 0.2857747395833333 0.8709943714821764 0.0032421875000000003 0.007382739212007505
1 0.23770833333333333 0.9196904315196998 0.00568359375 0.006303939962476548
1 0.21630208333333334 0.9080581613508443 0.004895833333333333 0.006181988742964353
1 0.23607421875 0.9084990619136961 0.004895833333333333 0.005290806754221388
1 0.26831380208333333 0.9465666041275798 0.006328125 0.006622889305816134
1 0.24271484375 0.8960600375234522 0.005813802083333333 0.005337711069418387
1 0.18727213541666665 0.9003939962476548 0.006171875 0.006894934333958724
1 0.1922265625 0.7357317073170732 0.0074218750000000005 0.008827392120075047
1 0.18094401041666666 0.6221857410881801 0.004635416666666667 0.007926829268292683
1 0.17618489583333333 0.5912476547842401 0.005013020833333334 0.008395872420262664
1 0.18175130208333334 0.6059568480300188 0.006106770833333334 0.004934333958724202
1 0.15528645833333335 0.5659943714821764 0.005240885416666667 0.0077579737335834896
1 0.19059244791666666 0.578358348968105 0.006627604166666666 0.009333958724202627
1 0.09984375000000001 0.5343339587242026 0.005598958333333333 0.006772983114446528
1 0.14972005208333333 0.5351407129455911 0.005227864583333333 0.006613508442776735
1 0.20265624999999998 0.5342589118198874 0.0048046875 0.008386491557223263
1 0.22130859375 0.5439024390243902 0.0050260416666666665 0.008095684803001877
1 0.31169270833333335 0.5573170731707318 0.0040885416666666665 0.004652908067542214
1 0.33416666666666667 0.5592307692307692 0.005781250000000001 0.006688555347091932
1 0.36477213541666664 0.5673358348968105 0.006425781249999999 0.005084427767354596
1 0.33146484375 0.5944934333958725 0.0040885416666666665 0.007767354596622889
1 0.32016276041666664 0.6065009380863039 0.007434895833333333 0.008611632270168855
1 0.37045572916666664 0.6603283302063789 0.004192708333333334 0.007636022514071295
1 0.3048828125 0.6988461538461539 0.006549479166666667 0.008076923076923077
1 0.3160221354166667 0.7285178236397749 0.006575520833333333 0.008649155722326454
1 0.30826171875 0.8355816135084428 0.00587890625 0.010834896810506566
1 0.2939453125 0.8486303939962476 0.008151041666666666 0.006660412757973733
1 0.3075 0.8554033771106943 0.004361979166666667 0.00773921200750469
1 0.34668619791666666 0.8497279549718574 0.006093749999999999 0.008855534709193246
1 0.3199609375 0.865046904315197 0.00580078125 0.007439024390243902
1 0.2896223958333333 0.6611726078799249 0.005690104166666667 0.007542213883677298
1 0.31890625 0.6677392120075046 0.004921875 0.004643527204502815
1 0.38211588541666663 0.8204502814258912 0.005260416666666667 0.009071294559099437
1 0.37097656250000005 0.8510131332082551 0.005227864583333333 0.007870544090056285
1 0.3207877604166667 0.9339962476547842 0.006223958333333334 0.009981238273921202
1 0.3133333333333333 0.9020544090056285 0.004908854166666666 0.006641651031894935
1 0.3598307291666667 0.9008818011257036 0.005201822916666667 0.006069418386491557
1 0.3740364583333333 0.9201688555347092 0.005182291666666667 0.005478424015009381
1 0.38016927083333335 0.9510225140712946 0.005084635416666666 0.006632270168855535
1 0.3643359375 0.9695872420262663 0.004309895833333333 0.004577861163227017
1 0.3590169270833334 0.9726735459662288 0.0048046875 0.007176360225140713
1 0.33761067708333337 0.554765478424015 0.004016927083333333 0.008442776735459663
1 0.40470052083333335 0.6583020637898687 0.0047005208333333335 0.008911819887429643
1 0.39958333333333335 0.6923921200750469 0.006822916666666667 0.009418386491557223
1 0.4147721354166667 0.7977110694183865 0.003828125 0.006332082551594747
1 0.4319856770833333 0.8165572232645404 0.004889322916666667 0.006632270168855535
1 0.40627604166666664 0.8354127579737335 0.00662109375 0.006932457786116323
1 0.39130859375 0.8462288930581614 0.0051171875 0.007204502814258912
1 0.4138997395833333 0.8807692307692307 0.004557291666666667 0.006819887429643527
1 0.44123697916666665 0.8301782363977486 0.0036197916666666666 0.007157598499061914
1 0.46182942708333335 0.8250281425891182 0.0040104166666666665 0.0057692307692307696
1 0.47986328125000005 0.8410037523452157 0.0054687500000000005 0.007439024390243902
1 0.47603515625000004 0.8634615384615385 0.003990885416666667 0.007823639774859286
1 0.4531966145833333 0.8788649155722327 0.00404296875 0.004793621013133209
1 0.4574869791666667 0.8860037523452158 0.009615885416666666 0.0065947467166979365
1 0.4911979166666667 0.9376923076923077 0.00712890625 0.008452157598499061
1 0.5186002604166667 0.9862945590994372 0.0050651041666666665 0.007711069418386492
1 0.54669921875 0.9794465290806753 0.00564453125 0.00825515947467167
1 0.5324934895833333 0.9674390243902439 0.0056640625 0.007410881801125704
1 0.5595833333333333 0.9104409005628518 0.00421875 0.007401500938086304
1 0.5378971354166667 0.9487992495309568 0.009055989583333333 0.011078799249530957
1 0.5 0.8346810506566604 0.0037174479166666666 0.0054690431519699816
1 0.5048958333333333 0.8716979362101314 0.006093749999999999 0.011819887429643527
1 0.4947395833333333 0.8310694183864915 0.0030859375 0.005375234521575985
1 0.5246744791666667 0.8361350844277674 0.006093749999999999 0.008395872420262664
1 0.49907552083333334 0.8264915572232645 0.005572916666666667 0.008686679174484053
1 0.5450130208333334 0.8473264540337712 0.0059765625 0.009399624765478424
1 0.5205403645833333 0.8213414634146341 0.0052343749999999994 0.007298311444652908
1 0.598515625 0.8770825515947468 0.005442708333333333 0.008348968105065666
1 0.5930013020833333 0.8005065666041276 0.004303385416666667 0.006585365853658536
1 0.5159830729166667 0.7904127579737337 0.007252604166666667 0.007767354596622889
1 0.53212890625 0.8103564727954972 0.007408854166666667 0.01026266416510319
1 0.45626302083333337 0.7756097560975609 0.003997395833333333 0.0066697936210131335
1 0.44925781249999996 0.7683208255159475 0.00482421875 0.008105065666041276
1 0.51322265625 0.7076360225140713 0.0066796875 0.009634146341463415
1 0.47750000000000004 0.7365009380863039 0.008157552083333333 0.010365853658536586
1 0.4216080729166667 0.6668480300187617 0.006380208333333334 0.006425891181988742
1 0.5355598958333333 0.6694840525328329 0.005611979166666666 0.009924953095684802
1 0.55533203125 0.7197936210131332 0.005611979166666666 0.007232645403377111
1 0.543828125 0.7647091932457786 0.00732421875 0.00802063789868668
1 0.5759244791666667 0.9203001876172607 0.006002604166666667 0.011078799249530957
1 0.5871744791666667 0.9438836772983114 0.003782552083333333 0.0048217636022514065
1 0.5968294270833333 0.9469699812382739 0.005781250000000001 0.007429643527204503
1 0.5848177083333334 0.9841463414634145 0.006477864583333333 0.010534709193245778
1 0.5804817708333333 0.9654596622889307 0.003990885416666667 0.00699812382739212
1 0.6035221354166667 0.9907879924953096 0.005572916666666667 0.006022514071294559
1 0.6395833333333333 0.9231801125703565 0.008483072916666666 0.00970919324577861
1 0.6256901041666666 0.8979174484052532 0.007884114583333332 0.009061913696060037
1 0.64419921875 0.9565384615384614 0.005345052083333334 0.00875234521575985
1 0.6255403645833334 0.9063789868667917 0.006015625 0.007851782363977485
1 0.6093424479166667 0.7731801125703565 0.006093749999999999 0.007148217636022514
1 0.622734375 0.7105909943714822 0.0056770833333333335 0.006641651031894935
1 0.6594921875 0.7068761726078799 0.0060481770833333325 0.007279549718574109
1 0.6679361979166667 0.7130581613508443 0.004381510416666667 0.004155722326454034
1 0.68521484375 0.7170637898686679 0.0066992187499999994 0.006538461538461538
1 0.6800976562500001 0.7615947467166979 0.0033072916666666667 0.004108818011257035
1 0.6951953125 0.8288742964352721 0.005169270833333334 0.0035365853658536586
1 0.7184960937499999 0.8563414634146341 0.005852864583333333 0.006378986866791745
1 0.6788346354166667 0.9210506566604127 0.006634114583333333 0.006313320825515948
1 0.6590885416666666 0.891547842401501 0.005247395833333334 0.006416510318949343
1 0.65548828125 0.9308255159474672 0.006842447916666667 0.007560975609756098
1 0.6444661458333333 0.9397373358348968 0.007252604166666667 0.007073170731707317
1 0.6584440104166667 0.9715759849906191 0.004934895833333334 0.004606003752345216
1 0.6192317708333334 0.9730863039399624 0.005631510416666667 0.006210131332082551
1 0.7598437499999999 0.9346060037523451 0.006497395833333333 0.008086303939962475
1 0.7524153645833334 0.9574859287054408 0.005319010416666666 0.007382739212007505
1 0.7660677083333334 0.9622514071294559 0.0052669270833333335 0.007082551594746717
1 0.82947265625 0.9444465290806754 0.005084635416666666 0.008048780487804878
1 0.79009765625 0.9434521575984991 0.004485677083333333 0.008883677298311445
1 0.80455078125 0.9812851782363977 0.0060416666666666665 0.007138836772983115
1 0.8659309895833333 0.8455065666041275 0.006692708333333333 0.00724202626641651
1 0.8848697916666667 0.8410225140712946 0.006477864583333333 0.008123827392120074
1 0.8044401041666666 0.8563414634146341 0.003860677083333333 0.006378986866791745
1 0.7430143229166667 0.8443527204502814 0.004095052083333333 0.004934333958724202
1 0.7832747395833333 0.7846998123827392 0.00451171875 0.00526266416510319
1 0.7930143229166666 0.7821388367729831 0.0034765625 0.0057692307692307696
1 0.8268033854166666 0.751219512195122 0.005611979166666666 0.008686679174484053
1 0.8835416666666666 0.7756660412757974 0.0067382812499999995 0.008311444652908067
1 0.8662630208333333 0.7805065666041275 0.004427083333333333 0.006726078799249531
1 0.9124153645833334 0.7401688555347091 0.005885416666666666 0.007692307692307692
1 0.89638671875 0.7510600375234522 0.005084635416666666 0.005553470919324578
1 0.9464322916666666 0.8946904315196998 0.00357421875 0.007073170731707317
1 0.9096354166666667 0.8807786116322701 0.004231770833333333 0.00600375234521576
1 0.9712630208333333 0.9844934333958725 0.00439453125 0.00650093808630394
1 0.9950065104166667 0.946594746716698 0.004993489583333333 0.00953095684803002
1 0.9622526041666667 0.9291275797373358 0.004830729166666666 0.009803001876172607
1 0.9186393229166666 0.695187617260788 0.004654947916666667 0.006407129455909944
1 0.8255598958333333 0.7354596622889306 0.004095052083333333 0.006716697936210132
1 0.7789192708333333 0.7422138836772983 0.0036132812499999997 0.00475609756097561
1 0.7181380208333333 0.7395872420262664 0.00416015625 0.006538461538461538
1 0.8001953125 0.7580393996247655 0.00513671875 0.005440900562851782
1 0.8202018229166667 0.7044183864915572 0.009993489583333333 0.012204502814258911
1 0.8579036458333333 0.7152063789868668 0.00431640625 0.005637898686679174
1 0.8415885416666667 0.6872701688555347 0.004895833333333333 0.006060037523452157
1 0.8197786458333334 0.6860506566604128 0.0052343749999999994 0.005037523452157598
1 0.8290299479166667 0.6332551594746716 0.005169270833333334 0.007823639774859286
1 0.8316080729166666 0.6592682926829267 0.006425781249999999 0.007776735459662288
1 0.82224609375 0.6697467166979363 0.004309895833333333 0.007617260787992495
1 0.85583984375 0.679812382739212 0.0060416666666666665 0.009437148217636023
1 0.7233398437499999 0.7015290806754222 0.0038216145833333335 0.005009380863039399
1 0.7699348958333333 0.7017542213883677 0.0051888020833333335 0.006866791744840526
1 0.7660221354166666 0.6529268292682927 0.00419921875 0.006341463414634146
1 0.7224479166666667 0.6301782363977486 0.003997395833333333 0.00447467166979362
1 0.72912109375 0.6859193245778612 0.006673177083333333 0.006181988742964353
1 0.7184505208333333 0.6849906191369607 0.0047851562499999995 0.005731707317073171
1 0.7054882812500001 0.6753846153846155 0.004264322916666666 0.007626641651031896
1 0.6653841145833334 0.6775984990619137 0.005130208333333333 0.007823639774859286
1 0.5920833333333334 0.6819512195121952 0.005071614583333333 0.00950281425891182
1 0.7288736979166667 0.6297654784240151 0.0031705729166666666 0.006463414634146341
1 0.7312565104166667 0.5876923076923077 0.004016927083333333 0.003968105065666042
1 0.7733593750000001 0.5903564727954972 0.007154947916666667 0.007879924953095686
1 0.768046875 0.5616135084427767 0.003359375 0.005300187617260788
1 0.7777408854166666 0.5777954971857411 0.0032096354166666666 0.005281425891181989
1 0.7895638020833333 0.5818667917448405 0.004401041666666667 0.006378986866791745
1 0.9689908854166666 0.5666791744840526 0.00376953125 0.005572232645403377
1 0.9769075520833334 0.5870544090056284 0.00396484375 0.004090056285178237
1 0.8039518229166666 0.5628986866791744 0.0028776041666666668 0.005046904315196998
1 0.7921874999999999 0.5419418386491558 0.004759114583333333 0.005365853658536585
1 0.7644466145833334 0.514296435272045 0.004954427083333333 0.0063696060037523455
1 0.7598893229166667 0.5244183864915571 0.00365234375 0.006913696060037523
1 0.7963932291666667 0.5357598499061914 0.0043749999999999995 0.008489681050656662
1 0.99076171875 0.575750469043152 0.00431640625 0.008227016885553471
1 0.9707291666666666 0.7667542213883678 0.004303385416666667 0.007382739212007505
1 0.8160872395833333 0.8124390243902438 0.0066471354166666675 0.0072701688555347095
1 0.7966341145833334 0.8162851782363977 0.00388671875 0.00651031894934334
1 0.76306640625 0.8185647279549719 0.006106770833333334 0.005422138836772983
1 0.861328125 0.8578424015009382 0.004322916666666667 0.006566604127579738
1 0.7976822916666667 0.6263977485928706 0.005 0.003949343339587242
1 0.6836328125 0.5911819887429643 0.005494791666666666 0.003911819887429643
1 0.660625 0.5838461538461538 0.003430989583333333 0.004718574108818012
1 0.6863020833333334 0.5802908067542214 0.004967447916666667 0.006060037523452157
1 0.69970703125 0.5766791744840526 0.005403645833333334 0.008677298311444653
1 0.8166210937499999 0.616500938086304 0.0047786458333333335 0.005272045028142589
1 0.8561067708333333 0.5604971857410882 0.007558593749999999 0.008686679174484053
1 0.7106380208333333 0.5140712945590994 0.004798177083333333 0.007335834896810507
1 0.6960611979166668 0.5274015009380864 0.00591796875 0.00724202626641651
1 0.7113736979166667 0.5489962476547843 0.0033333333333333335 0.006791744840525329
1 0.6729622395833333 0.5518480300187617 0.005631510416666667 0.006866791744840526
1 0.6467513020833333 0.5375891181988743 0.0059635416666666665 0.00650093808630394
1 0.6249869791666667 0.5154127579737335 0.005416666666666667 0.0057973733583489674
1 0.6108463541666667 0.52640712945591 0.0064453125000000005 0.008076923076923077
1 0.5871875 0.5372983114446529 0.004069010416666667 0.005928705440900563
1 0.60806640625 0.5779174484052533 0.004791666666666667 0.005534709193245779
1 0.5529752604166667 0.5582551594746716 0.0059765625 0.005609756097560976
1 0.59841796875 0.5116322701688555 0.004055989583333333 0.005272045028142589
1 0.5835872395833334 0.5039493433395873 0.005657552083333333 0.006791744840525329
1 0.5724088541666666 0.5281707317073171 0.0047851562499999995 0.004549718574108817
1 0.5254752604166667 0.5246153846153846 0.00568359375 0.005891181988742965
1 0.5443749999999999 0.49276735459662285 0.006354166666666667 0.008358348968105066
1 0.5764778645833334 0.46319887429643525 0.007063802083333333 0.009746716697936211
1 0.56126953125 0.42154784240150095 0.0030208333333333333 0.00526266416510319
1 0.5831901041666666 0.4198499061913696 0.004856770833333334 0.0074953095684803005
1 0.6022200520833333 0.42567542213883675 0.0028645833333333336 0.005084427767354596
1 0.6286979166666666 0.4305534709193246 0.006002604166666667 0.009193245778611633
1 0.6020833333333333 0.4125703564727955 0.005533854166666667 0.007026266416510319
1 0.739765625 0.3796341463414634 0.0034570312499999996 0.005900562851782364
1 0.7091080729166667 0.3726547842401501 0.004661458333333333 0.00601313320825516
1 0.7265559895833333 0.32953095684802997 0.00341796875 0.005628517823639775
1 0.6908528645833334 0.31927767354596626 0.004303385416666667 0.0076454033771106945
1 0.7973893229166666 0.27970919324577864 0.004407552083333333 0.005928705440900563
1 0.80974609375 0.3012382739212007 0.0037304687500000003 0.00675422138836773
1 0.8132617187500001 0.3296904315196998 0.003919270833333333 0.00876172607879925
1 0.8231510416666666 0.32626641651031896 0.004166666666666667 0.007542213883677298
1 0.8412044270833333 0.39281425891181987 0.004127604166666667 0.015365853658536585
1 0.8390690104166666 0.3742870544090056 0.0027864583333333335 0.005056285178236398
1 0.8947851562500001 0.31893058161350846 0.006757812500000001 0.008348968105065666
1 0.8796875000000001 0.3282457786116323 0.004895833333333333 0.005881801125703565
1 0.8827994791666667 0.3386585365853658 0.004283854166666667 0.00699812382739212
1 0.8631705729166667 0.35262664165103186 0.005078125 0.0067823639774859295
1 0.8720182291666667 0.36538461538461536 0.0042122395833333335 0.0055440900562851786
1 0.87537109375 0.395750469043152 0.0031054687499999997 0.007166979362101313
1 0.9124153645833334 0.40046904315196996 0.010761718750000001 0.008142589118198875
1 0.9144140625 0.44550656660412763 0.005970052083333333 0.008151969981238273
1 0.8762630208333334 0.26039399624765475 0.0048828125 0.005300187617260788
1 0.8927799479166666 0.26924015009380864 0.0047005208333333335 0.006097560975609756
1 0.8837760416666667 0.24066604127579738 0.00427734375 0.006651031894934334
1 0.8588085937500001 0.22627579737335834 0.006126302083333333 0.008855534709193246
1 0.8500520833333334 0.1971857410881801 0.005208333333333333 0.006969981238273921
1 0.83724609375 0.17024390243902437 0.0059765625 0.006566604127579738
1 0.8214192708333333 0.12571294559099436 0.005579427083333334 0.00899624765478424
1 0.9294401041666666 0.01729831144465291 0.006712239583333334 0.007523452157598498
1 0.9393098958333334 0.05454971857410882 0.0030078125 0.004624765478424015
1 0.9574739583333334 0.06076923076923077 0.005143229166666667 0.007204502814258912
1 0.9616731770833334 0.1971857410881801 0.004752604166666666 0.006969981238273921
1 0.9740299479166666 0.20138836772983115 0.004075520833333333 0.00550656660412758
1 0.9949088541666667 0.2073170731707317 0.004798177083333333 0.007514071294559099
1 0.760078125 0.18584427767354597 0.004036458333333334 0.005403377110694184
1 0.7556770833333334 0.26953095684803 0.0040234375 0.006679174484052533
1 0.72162109375 0.29954971857410884 0.0072265624999999995 0.00900562851782364
1 0.6973177083333333 0.20295497185741088 0.0045377604166666665 0.005834896810506566
1 0.6929166666666666 0.21666979362101313 0.004524739583333334 0.01074108818011257
1 0.5880143229166667 0.24442776735459662 0.006692708333333333 0.005741088180112571
1 0.5532877604166667 0.24577861163227016 0.005618489583333334 0.004202626641651032
1 0.5434375 0.2567636022514071 0.004479166666666667 0.006482176360225141
1 0.5773177083333333 0.2899906191369606 0.004837239583333333 0.008180112570356474
1 0.609375 0.31619136960600375 0.006438802083333334 0.004287054409005629
1 0.590234375 0.22755159474671668 0.0062499999999999995 0.007166979362101313
1 0.6248958333333333 0.2906941838649156 0.0042578125 0.006772983114446528
1 0.678359375 0.2898311444652908 0.00470703125 0.005046904315196998
1 0.6378515625 0.3751500938086304 0.0047786458333333335 0.005365853658536585
1 0.6498372395833333 0.12668855534709195 0.0072591145833333336 0.00673545966228893
1 0.6055338541666667 0.16084427767354598 0.0053125 0.005422138836772983
1 0.57142578125 0.12197936210131333 0.003802083333333333 0.005759849906191369
1 0.6491666666666667 0.10625703564727955 0.00298828125 0.009493433395872419
1 0.6794921875000001 0.10603189493433396 0.00404296875 0.007636022514071295
1 0.7018554687499999 0.12605065666041276 0.0057942708333333336 0.006857410881801126
1 0.7142643229166666 0.08193245778611633 0.004225260416666667 0.007307692307692308
1 0.7686197916666666 0.05976547842401501 0.004505208333333333 0.0065947467166979365
1 0.7219791666666667 0.022570356472795497 0.0040234375 0.00821763602251407
1 0.9284114583333333 0.32345215759849905 0.005638020833333333 0.006144465290806754
1 0.9098046875 0.30984052532833023 0.0035872395833333333 0.005656660412757974
1 0.9234114583333333 0.3038461538461538 0.004427083333333333 0.004934333958724202
1 0.9711393229166667 0.3449906191369606 0.005130208333333333 0.006979362101313321
1 0.9130729166666667 0.3374202626641651 0.004264322916666666 0.005928705440900563
1 0.9123828125000001 0.29644465290806754 0.00484375 0.007026266416510319
1 0.9428385416666667 0.2898780487804878 0.003235677083333333 0.005150093808630394
1 0.936171875 0.3006472795497186 0.00455078125 0.005562851782363977
1 0.9649609375 0.4602251407129456 0.0054752604166666665 0.005206378986866792
1 0.9559114583333334 0.45166041275797375 0.005937499999999999 0.007701688555347093
1 0.9819661458333333 0.5049155722326454 0.00431640625 0.005919324577861163
1 0.8888867187499999 0.49367729831144463 0.0037565104166666662 0.00877110694183865
1 0.9096744791666667 0.5102720450281426 0.006256510416666666 0.006763602251407129
1 0.85140625 0.494953095684803 0.0049869791666666665 0.008517823639774859
1 0.7930598958333334 0.5090056285178237 0.0035677083333333338 0.005656660412757974
1 0.7937044270833334 0.47088180112570355 0.003880208333333333 0.006819887429643527
1 0.77783203125 0.46332082551594744 0.004368489583333334 0.0057692307692307696
1 0.80759765625 0.42141651031894933 0.00333984375 0.006416510318949343
1 0.7904361979166666 0.43730769230769234 0.003203125 0.005825515947467167
1 0.8212044270833333 0.4723921200750469 0.004173177083333333 0.008424015009380864
1 0.8251627604166667 0.5044652908067542 0.00427734375 0.007814258911819888
1 0.7519791666666666 0.43730769230769234 0.006393229166666667 0.005825515947467167
1 0.7436197916666667 0.4499906191369606 0.0062825520833333336 0.005863039399624765
1 0.7615104166666667 0.4169981238273921 0.0049479166666666664 0.00601313320825516
1 0.7010872395833333 0.4439774859287054 0.0071874999999999994 0.012120075046904315
1 0.7407421875 0.5082926829268293 0.004440104166666667 0.007045028142589118
1 0.67669921875 0.48897748592870544 0.00431640625 0.006407129455909944
1 0.6738541666666666 0.4460787992495309 0.0083984375 0.007879924953095686
1 0.6898111979166667 0.45626641651031896 0.006126302083333333 0.007138836772983115
1 0.6792317708333333 0.4700093808630394 0.006458333333333333 0.005065666041275798
1 0.6825911458333334 0.4372326454033771 0.0053515625 0.007082551594746717
1 0.5842122395833333 0.3268105065666041 0.0039713541666666664 0.005816135084427768
1 0.5272591145833333 0.3559662288930581 0.00728515625 0.006416510318949343
1 0.5308138020833334 0.38348968105065667 0.006588541666666666 0.00797373358348968
1 0.5413606770833334 0.791454033771107 0.006184895833333333 0.007523452157598498
1 0.5588997395833334 0.6577298311444653 0.0031640625 0.004690431519699813
1 0.5418880208333333 0.6335084427767355 0.00431640625 0.006923076923076923
1 0.5115234375000001 0.602204502814259 0.004147135416666667 0.004840525328330207
1 0.548515625 0.6200187617260788 0.003893229166666667 0.0038649155722326454
1 0.4667252604166667 0.6093527204502814 0.00638671875 0.007870544090056285
1 0.43607421874999996 0.6172701688555347 0.007591145833333333 0.00821763602251407
1 0.4903385416666666 0.5906097560975611 0.0096484375 0.008395872420262664
1 0.46265625 0.6332833020637899 0.004108072916666666 0.005065666041275798
1 0.4771549479166666 0.6683677298311445 0.004765625 0.007664165103189493
1 0.41019531249999996 0.5980112570356473 0.005657552083333333 0.006303939962476548
1 0.4435546875 0.5895684803001876 0.005768229166666666 0.009165103189493432
1 0.45574869791666667 0.5205440900562851 0.005911458333333334 0.007607879924953096
1 0.4022526041666667 0.5613320825515947 0.00443359375 0.007551594746716699
1 0.3791276041666667 0.5001313320825516 0.005071614583333333 0.006200750469043152
1 0.29266927083333333 0.5092682926829268 0.00408203125 0.007579737335834897
1 0.2864908854166667 0.5086866791744841 0.004420572916666666 0.006425891181988742
1 0.24113932291666665 0.46742964352720445 0.0045703125 0.006941838649155723
1 0.20870442708333334 0.474765478424015 0.006126302083333333 0.006125703564727955
1 0.25192057291666664 0.4039305816135084 0.004641927083333333 0.00803001876172608
1 0.3355598958333333 0.42314258911819885 0.0048632812499999995 0.00424015009380863
1 0.34162109375 0.43135084427767356 0.006458333333333333 0.005168855534709193
1 0.41330078125 0.4106848030018762 0.0040494791666666665 0.006060037523452157
1 0.40203125 0.48930581613508445 0.004954427083333333 0.007073170731707317
1 0.4229947916666667 0.41312382739212006 0.0038997395833333336 0.008123827392120074
1 0.4399544270833333 0.42080675422138836 0.0036328125 0.006604127579737336
1 0.4542057291666666 0.4468855534709193 0.0047851562499999995 0.005272045028142589
1 0.47928385416666663 0.39572232645403377 0.0051171875 0.007110694183864915
1 0.4317513020833333 0.3677204502814259 0.004811197916666667 0.008818011257035647
1 0.49421875 0.364296435272045 0.005690104166666667 0.007589118198874296
1 0.47883463541666665 0.3328705440900563 0.005201822916666667 0.008076923076923077
1 0.4715690104166667 0.2980675422138837 0.005319010416666666 0.006050656660412758
1 0.44673828125000004 0.27391181988742963 0.0044986979166666665 0.00699812382739212
1 0.3842643229166667 0.33328330206378987 0.0036197916666666666 0.006088180112570357
1 0.371328125 0.3573733583489681 0.00705078125 0.006416510318949343
1 0.3377799479166667 0.3535272045028143 0.004427083333333333 0.007176360225140713
1 0.25738932291666666 0.32496247654784244 0.004830729166666666 0.006341463414634146
1 0.21010416666666668 0.33358348968105067 0.004036458333333334 0.005272045028142589
1 0.23033203125 0.2710694183864915 0.004446614583333334 0.005534709193245779
1 0.11951171875 0.2748968105065666 0.00455078125 0.007560975609756098
1 0.14132161458333334 0.2949812382739212 0.004205729166666667 0.00550656660412758
1 0.13909505208333334 0.38094746716697936 0.0046484375 0.0056941838649155726
1 0.10828776041666667 0.43803939962476546 0.004563802083333333 0.005872420262664165
1 0.0772265625 0.26611632270168856 0.004967447916666667 0.005478424015009381
1 0.06406901041666667 0.170609756097561 0.00404296875 0.005900562851782364
1 0.21368489583333336 0.11294559099437149 0.005338541666666666 0.004577861163227017
1 0.23718098958333333 0.15658536585365854 0.006419270833333333 0.007392120075046904
1 0.250234375 0.1752626641651032 0.005169270833333334 0.008161350844277673
1 0.09757161458333334 0.10147279549718574 0.004622395833333333 0.004155722326454034
1 0.07972005208333334 0.01603189493433396 0.0050651041666666665 0.006397748592870544
1 0.0129296875 0.002542213883677298 0.00640625 0.005084427767354596
1 0.21436197916666666 0.009868667917448405 0.006979166666666667 0.010150093808630394
1 0.20832682291666668 0.07665103189493433 0.00830078125 0.01222326454033771
1 0.3414518229166667 0.08454033771106942 0.00591796875 0.0054690431519699816
1 0.3609700520833334 0.09414634146341463 0.002942708333333333 0.003574108818011257
1 0.36557291666666664 0.10228893058161351 0.003359375 0.005778611632270169
1 0.38947265625 0.1550187617260788 0.005240885416666667 0.004268292682926829
1 0.38095703124999997 0.22787992495309567 0.0038411458333333336 0.006416510318949343
1 0.41830729166666664 0.20214821763602253 0.005279947916666666 0.007045028142589118
1 0.42888671875 0.21425891181988743 0.0049479166666666664 0.005919324577861163
1 0.43382161458333335 0.16642589118198875 0.0030924479166666665 0.004559099437148218
1 0.42388671875 0.12096622889305815 0.0037369791666666667 0.006538461538461538
1 0.44407552083333335 0.08696998123827392 0.005032552083333333 0.007532833020637898
1 0.4368489583333333 0.1149718574108818 0.0042578125 0.005816135084427768
1 0.51716796875 0.1546060037523452 0.004694010416666667 0.00625703564727955
1 0.5409570312499999 0.04454971857410882 0.004407552083333333 0.005731707317073171
1 0.48615885416666665 0.033658536585365856 0.0042122395833333335 0.007879924953095686
1 0.5653710937499999 0.08967166979362101 0.00537109375 0.005891181988742965
1 0.6013216145833333 0.10550656660412758 0.0040039062500000005 0.006585365853658536
1 0.7605989583333334 0.015853658536585366 0.0031184895833333334 0.007457786116322702
1 0.7796940104166666 0.04734521575984991 0.004192708333333334 0.0056941838649155726
1 0.78708984375 0.04321763602251407 0.0033789062500000004 0.005872420262664165
1 0.7960091145833333 0.0973264540337711 0.0036132812499999997 0.008536585365853657
1 0.78283203125 0.3915478424015009 0.0076302083333333335 0.008818011257035647
1 0.83044921875 0.3127204502814259 0.0036848958333333334 0.006285178236397748
1 0.8522005208333333 0.3401688555347092 0.00484375 0.007157598499061914
1 0.8511523437499999 0.35385553470919323 0.003958333333333334 0.008386491557223263
1 0.8510481770833334 0.3916979362101313 0.0061588541666666675 0.0056472795497185735
1 0.8406380208333334 0.38909005628517823 0.007122395833333333 0.010872420262664165
1 0.830234375 0.40372420262664166 0.0080859375 0.00877110694183865
1 0.8348893229166667 0.4226078799249531 0.0077148437499999995 0.008198874296435272
1 0.9253450520833333 0.5478517823639775 0.0083984375 0.009446529080675422
1 0.8337304687499999 0.41317073170731705 0.009029947916666666 0.008489681050656662
1 0.92685546875 0.3386585365853658 0.00537109375 0.005881801125703565
1 0.54345703125 0.524859287054409 0.014674479166666666 0.010881801125703564
1 0.4541145833333333 0.9704033771106942 0.0072591145833333336 0.011979362101313321
1 0.018782552083333334 0.5430863039399624 0.005423177083333334 0.005375234521575985
1 0.03219401041666667 0.500328330206379 0.004134114583333333 0.006632270168855535
1 0.13419921875 0.5226829268292682 0.004361979166666667 0.009399624765478424
1 0.16033203125 0.39243902439024386 0.006438802083333334 0.006378986866791745
1 0.13780598958333332 0.5088180112570356 0.00455078125 0.006266416510318949
0 0.6864713541666667 0.9546435272045027 0.02265625 0.03318011257035647
1 0.4381184895833334 0.9903095684803003 0.0050260416666666665 0.010825515947467166
1 0.4673567708333333 0.9869136960600374 0.00408203125 0.009174484052532832
1 0.446015625 0.8962101313320826 0.00775390625 0.009296435272045028
1 0.4776106770833333 0.9136397748592872 0.00794921875 0.008180112570356474