0 0.8005277221108885 0.4546069469835466 0.02182364729458918 0.019881170018281536
0 0.7973613894455578 0.6003290676416819 0.020247160988643955 0.029460694698354658
0 0.802244488977956 0.9554570383912249 0.02079492317969272 0.018948811700182817
1 0.6948229792919173 0.38151736745886655 0.015016700066800268 0.014186471663619743
1 0.976559786239145 0.6795063985374772 0.010647962591850368 0.014570383912248628
1 0.9541015364061456 0.33173674588665447 0.012972611890447563 0.015740402193784277
1 0.4353039412157648 0.9521115173674588 0.01751503006012024 0.03393053016453382
1 0.9238276553106213 0.5548994515539305 0.01209752839011356 0.00926873857404022
1 0.5029325317301269 0.8138117001828153 0.019198396793587175 0.028747714808043875
1 0.6025384101536406 0.8572394881170019 0.013954575818303274 0.03420475319926874
1 0.9775417501670007 0.5712705667276051 0.009412157648630595 0.009597806215722121
1 0.47558450233800936 0.7069012797074955 0.019091516366065462 0.018519195612431445
1 0.16625918503674014 0.9835191956124315 0.027221108884435536 0.022449725776965263
1 0.31665330661322644 0.9066819012797075 0.011422845691382766 0.010009140767824496
1 0.2366933867735471 0.721599634369287 0.02162324649298597 0.03236745886654479
1 0.5644555778223113 0.9273948811700183 0.014114896459585838 0.013327239488117001
1 0.11736806947227788 0.17438756855575868 0.010614562458249833 0.009414990859232177
1 0.8627922511690046 0.4139213893967093 0.007842351369405478 0.006691042047531993
1 0.3620574482297929 0.7162614259597806 0.006933867735470943 0.013135283363802559
1 0.5566399465597862 0.9113619744058501 0.006513026052104208 0.011078610603290675
1 0.5087909151636606 0.9775045703839124 0.004943219772879092 0.01146252285191956
1 0.24657982631930528 0.4530073126142596 0.021990647962591852 0.028254113345521022
1 0.2927254509018036 0.8011151736745886 0.007234468937875752 0.007577696526508226
1 0.8344756179024716 0.9146983546617915 0.005704742818971275 0.006736745886654479
1 0.2514629258517034 0.4449908592321755 0.010006680026720107 0.010776965265082266
1 0.6201202404809619 0.8398628884826325 0.00490313961255845 0.006087751371115174
1 0.1451436205744823 0.7496617915904936 0.00584502338009352 0.006764168190127971
1 0.5908216432865732 0.9828519195612432 0.005617902471609887 0.007285191956124314
1 0.5209953239812959 0.9093510054844607 0.005063460253841016 0.008244972577696526
1 0.4343286573146293 0.9093510054844607 0.00490313961255845 0.006188299817184643
1 0.8779291917167669 0.7115813528336381 0.004736138944555778 0.006526508226691042
1 0.5097661990647963 0.9821846435100549 0.0062925851703406815 0.007998171846435101
1 0.5185571142284569 0.8806215722120658 0.004448897795591183 0.007486288848263254
1 0.11084168336673347 0.09179159049360146 0.0058650634602538405 0.009195612431444242
1 0.5068336673346694 0.9868555758683728 0.005664662658650635 0.015868372943327238
1 0.5253907815631262 0.25723948811700187 0.004756179024716099 0.006215722120658135
1 0.06500334001336006 0.558235831809872 0.004983299933199733 0.005393053016453382
1 0.3994121576486306 0.3258866544789762 0.00406813627254509 0.008244972577696526
1 0.23791583166332667 0.4593510054844607 0.004769539078156313 0.005786106032906764
1 0.278563794255177 0.3718281535648994 0.004849699398797595 0.006553930530164534
1 0.38305945223780896 0.2802925045703839 0.00511690046760187 0.006928702010968921
1 0.5361322645290582 0.48507312614259596 0.003633934535738143 0.0062614259597806214
1 0.7968737474949901 0.5919835466179159 0.004281897127588511 0.016617915904936015
1 0.5273413493653974 0.20111517367458867 0.005197060788243153 0.005950639853747715
1 0.22082832331329325 0.7643601462522852 0.0033867735470941886 0.005292504570383912