1 0.6974417314095449 0.8590418502202644 0.016220865704772474 0.036211453744493395
1 0.3568312985571587 0.4244933920704846 0.014189789123196449 0.024140969162995598
1 0.11455049944506103 0.5492290748898678 0.01216426193118757 0.024140969162995598
1 0.19343507214206437 0.8519603524229076 0.012031076581576027 0.02513215859030837
1 0.10795227524972253 0.6722687224669603 0.01076581576026637 0.02262114537444934
1 0.07693118756936737 0.5459801762114538 0.009495005549389568 0.01633259911894273
1 0.008546059933407325 0.5032599118942731 0.009495005549389568 0.01633259911894273
1 0.3719866814650389 0.6527863436123348 0.012031076581576027 0.023876651982378854
1 0.11396781354051054 0.7639977973568283 0.007597114317425083 0.015077092511013215
1 0.08357935627081022 0.7118502202643172 0.010133185349611544 0.0138215859030837
1 0.2352219755826859 0.8161453744493391 0.01076581576026637 0.018843612334801762
1 0.2643451720310766 0.6345704845814979 0.009495005549389568 0.017588105726872246
1 0.046220865704772476 0.2833590308370044 0.013928967813540511 0.023876651982378854
1 0.33367924528301884 0.33487885462555067 0.0063318534961154275 0.01633259911894273
1 0.30043840177580466 0.6282819383259912 0.009495005549389568 0.02513215859030837
1 0.38718091009988903 0.34556167400881055 0.008229744728079911 0.015077092511013215
1 0.4799389567147614 0.5195925110132159 0.005066592674805772 0.01131057268722467
1 0.5220477247502775 0.41780837004405286 0.006964483906770256 0.0138215859030837
1 0.09782463928967813 0.1476431718061674 0.009495005549389568 0.0138215859030837
1 0.0582519422863485 0.26073788546255505 0.007597114317425083 0.01633259911894273
1 0.5701664816870144 0.0508920704845815 0.006964483906770256 0.018843612334801762
1 0.35837402885682573 0.013193832599118943 0.007597114317425083 0.021365638766519823
1 0.3501387347391787 0.10743392070484581 0.005066592674805772 0.0138215859030837
1 0.5584517203107658 0.8117400881057268 0.00886237513873474 0.02262114537444934
1 0.6939511653718091 0.6062995594713656 0.015194228634850166 0.028898678414096914
1 0.9845726970033296 0.5572907488986784 0.012663706992230855 0.023876651982378854
1 0.9880577136514983 0.06408590308370044 0.006964483906770256 0.017588105726872246