1 0.47053550640279396 0.8350682056663169 0.009959254947613504 0.015561385099685205
1 0.2546915017462165 0.8123294858342077 0.009959254947613504 0.01795383001049318
1 0.3224330616996508 0.827292759706191 0.008632130384167637 0.016757607555089194
1 0.1623806752037253 0.9938614900314795 0.00730500582072177 0.012277019937040922
1 0.4589115250291036 0.5082266526757607 0.007968568102444703 0.015561385099685205
1 0.28657159487776485 0.5525288562434417 0.008632130384167637 0.015561385099685205
1 0.46156577415599537 0.42202518363064007 0.015937136204889405 0.02514165792235047
1 0.3008498253783469 0.3968835257082896 0.010628637951105939 0.015561385099685205
1 0.1690221187427241 0.46093389296956977 0.008632130384167637 0.014365162644281216
1 0.08334691501746216 0.3801259181532004 0.008632130384167637 0.01316894018887723
1 0.030547147846332945 0.38491080797481636 0.009295692665890571 0.015561385099685205
1 0.14278812572759023 0.24603357817418678 0.009295692665890571 0.015561385099685205
1 0.0959662398137369 0.25501573976915004 0.009959254947613504 0.014365162644281216
1 0.07272409778812573 0.26878279118572923 0.005977881257275902 0.010776495278069254
1 0.07371944121071013 0.256211962224554 0.005314318975552969 0.009580272822665268
1 0.08401047729918511 0.2532109129066107 0.005977881257275902 0.01316894018887723
1 0.1700174621653085 0.304102833158447 0.006641443538998836 0.009580272822665268
1 0.3181140861466822 0.030524658971668416 0.011955762514551804 0.020356768100734522
1 0.30516298020954596 0.04249737670514166 0.008632130384167637 0.01316894018887723
1 0.29088474970896394 0.03232948583420776 0.006641443538998836 0.011972717733473243
1 0.4257043073341094 0.045498426023084994 0.006641443538998836 0.009580272822665268
1 0.4017986030267753 0.05207764952780693 0.005314318975552969 0.008384050367261281
1 0.35735157159487774 0.23631689401888772 0.006059371362048894 0.01037775445960126
1 0.3429569266589057 0.23331584470094438 0.006973224679860303 0.008740818467995803
1 0.35341094295692665 0.25380902413431267 0.005454016298020954 0.011479538300104931
1 0.33371362048894065 0.25517313746065057 0.006059371362048894 0.009832109129066105
1 0.3231024447031432 0.2529800629590766 0.005454016298020954 0.009832109129066105
1 0.324918509895227 0.2628226652675761 0.0042433061699650755 0.008740818467995803
1 0.3349243306169965 0.2682791185729276 0.004848661233993015 0.006558237145855194
1 0.26566356228172294 0.24752360965372505 0.006973224679860303 0.010923399790136411
1 0.2908207217694994 0.2748373557187828 0.003940628637951106 0.007649527806925498
1 0.20459254947613503 0.2584470094438615 0.004848661233993015 0.006558237145855194
1 0.1751920838183935 0.2557187827911857 0.005454016298020954 0.007649527806925498
1 0.18958672875436552 0.25681007345225604 0.003940628637951106 0.008740818467995803
1 0.19610593713620492 0.2592654774396642 0.003637951105937136 0.007103882476390346
1 0.20701396973224678 0.2710178384050367 0.0042433061699650755 0.007649527806925498
1 0.03121653084982538 0.24560335781741868 0.004848661233993015 0.007103882476390346
1 0.03470314318975553 0.2710178384050367 0.0063678696158323625 0.008740818467995803
1 0.07456344586728754 0.24260230849947534 0.005454016298020954 0.009832109129066105
1 0.10881257275902212 0.2581741867785939 0.005454016298020954 0.00819517313746065
1 0.38675203725261936 0.2365897166841553 0.004848661233993015 0.008740818467995803
1 0.40630384167636785 0.2365897166841553 0.003940628637951106 0.008740818467995803
1 0.3958440046565774 0.2671878279118573 0.006059371362048894 0.009832109129066105
1 0.3935739231664726 0.2570828961175236 0.004545983701979045 0.007103882476390346
1 0.3841792782305006 0.2628226652675761 0.0051513387660069845 0.008740818467995803
1 0.4350989522700815 0.2579013641133263 0.0051513387660069845 0.009832109129066105
1 0.4581315483119907 0.25353620146904515 0.0051513387660069845 0.007649527806925498
1 0.48768335273573926 0.2650052465897167 0.004848661233993015 0.009832109129066105
1 0.5166298020954598 0.24670514165792237 0.005756693830034925 0.009286463798530955
1 0.45009895227008145 0.1721196222455404 0.006059371362048894 0.009832109129066105
1 0.4466123399301513 0.14479538300104933 0.0051513387660069845 0.009832109129066105
1 0.4958672875436554 0.17922350472193074 0.004848661233993015 0.009832109129066105
1 0.4823806752037253 0.17430220356768103 0.0063678696158323625 0.009832109129066105
1 0.47738067520372524 0.17621196222455404 0.0042433061699650755 0.009286463798530955
1 0.5134458672875437 0.17730325288562435 0.0042433061699650755 0.007103882476390346
1 0.523754365541327 0.16173137460650577 0.004848661233993015 0.007649527806925498
1 0.5333003492433062 0.18550891920251836 0.007578579743888242 0.016935991605456453
1 0.6266530849825378 0.21692549842602307 0.0063678696158323625 0.014207764952780692
1 0.5663387660069849 0.24423924449108078 0.009394644935972061 0.0163903462749213
1 0.5537601862630966 0.24260230849947534 0.0042433061699650755 0.008740818467995803
1 0.5551222351571595 0.2606295907660021 0.007578579743888242 0.010923399790136411
1 0.569825378346915 0.1109233997901364 0.005454016298020954 0.010923399790136411
1 0.6728754365541327 0.21637985309548793 0.007275902211874272 0.012025183630640085
1 0.6881839348079162 0.20818467995802728 0.005756693830034925 0.012025183630640085
1 0.7148544819557624 0.22047219307450158 0.008789289871944122 0.01037775445960126
1 0.7057625145518044 0.2330430220356768 0.0051513387660069845 0.009286463798530955
1 0.680302677532014 0.22921301154249737 0.005756693830034925 0.011479538300104931
1 0.5088998835855646 0.09015739769150052 0.006670547147846333 0.013116474291710388
1 0.5520954598370198 0.08605456453305352 0.005756693830034925 0.009286463798530955
1 0.5714901047729919 0.18769150052465897 0.0063678696158323625 0.00819517313746065
1 0.5936204889406287 0.1035466946484785 0.003940628637951106 0.007103882476390346
1 0.6589348079161815 0.21282266526757607 0.005454016298020954 0.01037775445960126
1 0.7686554132712456 0.3122665267576075 0.005454016298020954 0.009286463798530955
1 0.7241036088474971 0.2573557187827912 0.004848661233993015 0.007649527806925498
1 0.7500174621653085 0.14889821615949633 0.011821885913853317 0.020220356768100734
1 0.7653201396973224 0.2191080797481637 0.005454016298020954 0.008740818467995803
1 0.7651688009313155 0.19260230849947535 0.007578579743888242 0.014753410283315845
1 0.8929278230500581 0.3404092339979014 0.012729918509895228 0.0163903462749213
1 0.8156344586728754 0.38959076600209863 0.010913853317811409 0.0163903462749213
1 0.9208149010477299 0.34996852046169985 0.005454016298020954 0.009286463798530955
1 0.9076251455180442 0.2529800629590766 0.0051513387660069845 0.010923399790136411
1 0.9752211874272411 0.2497061909758657 0.008183934807916182 0.013116474291710388
1 0.9950698486612339 0.27401888772298005 0.005454016298020954 0.009286463798530955
1 0.8986845168800932 0.10545645330535153 0.006059371362048894 0.009832109129066105
1 0.9382421420256112 0.1906925498426023 0.0063678696158323625 0.014207764952780692
1 0.9762805587892899 0.19424973767051418 0.005454016298020954 0.009286463798530955
1 0.9682479627473807 0.2005351521511018 0.004545983701979045 0.008740818467995803
1 0.9192956926658905 0.1734837355718783 0.006059371362048894 0.01366211962224554
1 0.8800465657741561 0.20954879328436515 0.008183934807916182 0.011479538300104931
1 0.8586786961583237 0.2147324239244491 0.005454016298020954 0.008740818467995803
1 0.8638300349243306 0.2073557187827912 0.005454016298020954 0.01037775445960126
1 0.8497380675203725 0.20873032528856242 0.0051513387660069845 0.008740818467995803
1 0.8506461001164145 0.23686253934942286 0.0051513387660069845 0.007103882476390346
1 0.8556461001164144 0.622077649527807 0.006670547147846333 0.01037775445960126
1 0.8657974388824214 0.6830010493179434 0.005756693830034925 0.009832109129066105
1 0.7221303841676368 0.8376390346274921 0.005756693830034925 0.010923399790136411
1 0.8691327124563446 0.9816159496327388 0.004545983701979045 0.00819517313746065
1 0.6263504074505238 0.9551101783840504 0.0051513387660069845 0.008740818467995803
1 0.3962980209545984 0.034973767051416575 0.004545983701979045 0.010923399790136411
1 0.39221187427240983 0.03688352570828961 0.0042433061699650755 0.009286463798530955
1 0.3518975552968568 0.015299055613850997 0.004848661233993015 0.007649527806925498
1 0.3391676367869616 0.027051416579223504 0.004848661233993015 0.00819517313746065
1 0.32810244470314315 0.02131164742917104 0.0051513387660069845 0.010923399790136411
1 0.3400756693830035 0.018845750262329486 0.0042433061699650755 0.007103882476390346