1 0.24279711096520024 0.39999068901303536 0.006868023637557453 0.010763500931098697
1 0.29711753118844386 0.5141154562383612 0.008883782009192383 0.017905027932960893
1 0.474123440577807 0.7678864059590317 0.009297439264609323 0.01670391061452514
1 0.297360472751149 0.5882029795158287 0.008745896257386736 0.009869646182495345
1 0.42284963887065 0.20547486033519555 0.007931713722915299 0.011247672253258845
1 0.8066382140512147 0.615903165735568 0.008949441891004597 0.012746741154562383
1 0.37646749835850296 0.6782216014897579 0.00566644780039396 0.009376163873370577
1 0.7783191070256075 0.45387337057728117 0.006217990807616547 0.014702048417132215
1 0.4890151017728168 0.14791433891992553 0.007261982928430729 0.009236499068901304
1 0.983887065003283 0.5792085661080075 0.008378200919238346 0.01026070763500931
1 0.10211424819435326 0.8627467411545624 0.011464215364412344 0.008445065176908753
1 0.07653972422849638 0.813584729981378 0.006362442547603414 0.00766294227188082
1 0.5527314510833881 0.8426629422718808 0.00809586342744583 0.012783985102420858
1 0.2365725541694025 0.5733147113594041 0.01133289560078792 0.009674115456238362
1 0.554688115561392 0.4912662942271881 0.006717005909389363 0.01026070763500931
1 0.3586408404464872 0.9091433891992551 0.010610636900853579 0.015828677839851025
1 0.3439921208141825 0.7713500931098696 0.007603414313854235 0.008677839851024209
1 0.3911162179908076 0.4878026070763501 0.005430072225869993 0.00909683426443203
1 0.43432698621142485 0.9333705772811919 0.012147078135259356 0.014087523277467413
1 0.5673801707156927 0.4614897579143389 0.009415627051871307 0.012020484171322161
1 0.10412344057780697 0.40956238361266295 0.012573867367038739 0.01926443202979516
1 0.8935521996060408 0.8142830540037244 0.009816152330925804 0.012886405959031658
1 0.560059093893631 0.14506517690875234 0.005869993434011818 0.007998137802607077
1 0.9584963887065003 0.8599813780260708 0.005797767564018385 0.0124487895716946
1 0.9497045305318451 0.9264525139664804 0.006638214051214708 0.008677839851024209
1 0.05954038082731451 0.5539292364990689 0.005200262639527249 0.007728119180633148
1 0.4611818778726198 0.7124953445065177 0.0054038082731451085 0.011517690875232774
1 0.9511687458962574 0.5978957169459963 0.0070978332239001974 0.00835195530726257
1 0.07824688115561391 0.5438919925512105 0.005915955351280367 0.010540037243947859
1 0.2037360472751149 0.9534543761638734 0.008778726198292843 0.009562383612662942
1 0.32055810899540377 0.925754189944134 0.008063033486539724 0.011396648044692738
1 0.1470978332239002 0.7256517690875233 0.005732107682206172 0.007849162011173184
1 0.03066973079448457 0.7678864059590317 0.006769533814839134 0.007877094972067039
1 0.517091267235719 0.9049813780260708 0.011917268548916612 0.016191806331471135
1 0.4018581746552856 0.8080446927374302 0.004983585029546947 0.009981378026070764
1 0.7548850952068287 0.06253258845437616 0.006342744583059751 0.009236499068901304
0 0.6655285620485883 0.2516945996275605 0.01428102429415627 0.022122905027932963
1 0.6635718975705843 0.3181657355679702 0.005869993434011818 0.011610800744878958
1 0.7910177281680894 0.5113500931098697 0.009166119500984898 0.010456238361266294
1 0.9072291529875246 0.46011173184357546 0.00623768877216021 0.008128491620111733
1 0.8793959290873276 0.8308938547486033 0.009297439264609323 0.009636871508379889
1 0.505370978332239 0.8835195530726256 0.007754432042022324 0.010875232774674115
1 0.22692711753118847 0.13398510242085662 0.00474064346684176 0.007905027932960895
1 0.8842744583059751 0.17743016759776536 0.004812869336835193 0.008286778398510242
1 0.8750032829940907 0.39121042830540037 0.005430072225869993 0.007141527001862197
1 0.9096651346027578 0.7561173184357542 0.007432698621142482 0.006797020484171322
1 0.370118187787262 0.3410148975791434 0.013532501641497045 0.025595903165735567
1 0.843263296126067 0.9195251396648045 0.0073473407747866055 0.009376163873370577
1 0.05572554169402495 0.09338919925512104 0.005797767564018385 0.007783985102420856
1 0.5004858831254104 0.8675977653631285 0.005574523965856862 0.00851024208566108
1 0.29272488509520683 0.9264525139664804 0.006986211424819436 0.007402234636871508
1 0.022672357189757058 0.5078864059590317 0.005344714379514118 0.00638733705772812
1 0.5786145764937624 0.5262383612662942 0.009783322390019698 0.008221601489757915
1 0.37133946158896913 0.13233705772811918 0.005843729481286934 0.006163873370577281
1 0.19042678923177936 0.3354748603351955 0.0047012475377544325 0.006284916201117319
1 0.4594747209455023 0.12636871508379888 0.005889691398555483 0.006983240223463687
1 0.9262705187130663 0.8468249534450651 0.005062376887721602 0.010996275605214153
1 0.7358371634931058 0.8052793296089386 0.007406434668417596 0.006135940409683426
1 0.645016414970453 0.6238640595903165 0.004773473407747866 0.00766294227188082
1 0.31445173998686804 0.22832402234636873 0.005239658568614577 0.0065921787709497205
1 0.7758765594221931 0.18141527001862198 0.004576493762311228 0.009338919925512104
1 0.8481418253447144 0.5781657355679702 0.0067957977675640185 0.00851024208566108
1 0.036073539067629674 0.696219739292365 0.0060472751149047935 0.005418994413407822
1 0.4978003939592909 0.6560614525139665 0.004668417596848326 0.008547486033519553
1 0.33447143795141165 0.19145251396648044 0.005062376887721602 0.00621973929236499
1 0.8149441891004596 0.6546741154562383 0.005869993434011818 0.007402234636871508
1 0.85741956664478 0.4777653631284916 0.005022980958634275 0.007067039106145251
1 0.7460932370321733 0.9015270018621974 0.006690741956664478 0.0074581005586592175
1 0.7207025607353907 0.2999906890130354 0.005915955351280367 0.005884543761638734
1 0.51172028890348 0.6716387337057729 0.00525935653315824 0.007122905027932961
1 0.17810242941562704 0.15743947858472998 0.004313854235062377 0.007346368715083798
1 0.33813525935653316 0.9063687150837989 0.004924491135915955 0.008128491620111733
1 0.3322783978988838 0.17197392923649907 0.005239658568614577 0.006135940409683426
1 0.3371569271175312 0.023798882681564243 0.006093237032173342 0.006983240223463687
1 0.212521339461589 0.6044785847299814 0.004832567301378858 0.006824953445065177
1 0.007669074195666448 0.6207448789571695 0.006165462902166776 0.006098696461824953
1 0.2386474064346684 0.9506797020484171 0.005384110308601444 0.006741154562383613
1 0.598634274458306 0.9430633147113594 0.006290216677609981 0.007290502793296089
1 0.554688115561392 0.7408845437616388 0.005778069599474721 0.006638733705772812
1 0.5156270518713066 0.48261638733705775 0.005469468154957321 0.006052141527001862
1 0.728516086671044 0.6484450651769087 0.005121470781352593 0.006191806331471136
1 0.3071306631648063 0.9146741154562383 0.005620485883125411 0.007141527001862197
1 0.5834931057124096 0.3041433891992551 0.00551543007222587 0.006564245810055866
1 0.8168942875902824 0.4957728119180633 0.00536441234405778 0.006312849162011173
1 0.5346684175968482 0.4857262569832402 0.004865397242284964 0.007402234636871508
1 0.7358371634931058 0.8675977653631285 0.0053053184504267895 0.006489757914338919
1 0.734865397242285 0.9783798882681564 0.005778069599474721 0.006983240223463687
1 0.05966513460275772 0.8627467411545624 0.005062376887721602 0.005865921787709497
1 0.5165988181221274 0.3013687150837989 0.004924491135915955 0.00633147113594041
1 0.2646487196323047 0.9299162011173184 0.013223900196979646 0.01904096834264432
1 0.017852921864740644 0.07771880819366853 0.005686145764937623 0.006489757914338919
1 0.3320288903479974 0.813584729981378 0.004629021667760998 0.006405959031657356
1 0.723145108338805 0.5175791433891993 0.0047012475377544325 0.006024208566108007
1 0.24279711096520024 0.2570577281191806 0.004202232435981616 0.0060707635009310985
1 0.2176493762311228 0.6571042830540037 0.004517399868680236 0.006052141527001862
1 0.8364281024294157 0.5172346368715084 0.003992120814182535 0.00643389199255121
1 0.15038739330269205 0.022830540037243947 0.005022980958634275 0.00643389199255121
1 0.7202166776099803 0.9036033519553073 0.004865397242284964 0.006694599627560522
1 0.9018581746552856 0.578854748603352 0.004228496388706501 0.006266294227188082
1 0.04831254103742613 0.34915270018621974 0.00443204202232436 0.005595903165735568
1 0.12976362442547604 0.3410148975791434 0.003992120814182535 0.0057262569832402235
1 0.20019697964543662 0.8357448789571695 0.021575837163493105 0.029553072625698323
1 0.09087984241628365 0.3174674115456238 0.004668417596848326 0.007122905027932961
1 0.010131319763624426 0.9776908752327746 0.006290216677609981 0.007430167597765364
1 0.7846684175968482 0.5425046554934823 0.02556139198949442 0.02845437616387337
1 0.6279317137229153 0.9880726256983241 0.005620485883125411 0.010335195530726256
1 0.9780302035456336 0.017700186219739292 0.005022980958634275 0.006508379888268157
0 0.7582994090610637 0.8523649906890131 0.02237032173342088 0.029338919925512106
1 0.13492449113591595 0.715903165735568 0.005436638214051214 0.005037243947858473
1 0.1343795141168746 0.7542644320297952 0.005837163493105713 0.006564245810055866
1 0.3141628365068943 0.7214618249534451 0.005410374261326329 0.006629422718808194
1 0.3469468154957321 0.750661080074488 0.006007879185817465 0.00888268156424581
1 0.2861851608667105 0.7529795158286778 0.006217990807616547 0.00717877094972067
1 0.07739330269205516 0.5575418994413407 0.00531188443860801 0.005465549348230913
1 0.17009848982271833 0.5708379888268157 0.0056073539067629675 0.005977653631284916
1 0.43775443204202236 0.4548882681564246 0.004195666447800394 0.005623836126629422
1 0.41742613263296124 0.4131564245810056 0.004615889691398555 0.0054934823091247675
1 0.3349179251477347 0.40712290502793297 0.005771503611293499 0.005977653631284916
1 0.31011162179908075 0.250828677839851 0.004812869336835193 0.004292364990689013
1 0.06776099803020355 0.05625698324022346 0.0038739330269205517 0.004655493482309125
1 0.626500328299409 0.17528864059590316 0.003486539724228496 0.005344506517690875
1 0.6244977019041366 0.235316573556797 0.004215364412344057 0.007830540037243948
1 0.6701247537754432 0.2021042830540037 0.003683519369665135 0.005223463687150838
1 0.6394221930400525 0.3780633147113594 0.0038739330269205517 0.006973929236499069
1 0.6047406434668418 0.40631284916201116 0.004379514116874589 0.005540037243947859
1 0.7560932370321733 0.3617504655493482 0.0039001969796454367 0.006256983240223463
1 0.7822390019697963 0.370633147113594 0.004077478660538411 0.005549348230912477
1 0.7792449113591595 0.29036312849162016 0.004602757715036113 0.007085661080074488
1 0.764924491135916 0.23376163873370578 0.0031910702560735394 0.004729981378026071
1 0.9237754432042022 0.11576350093109869 0.00386736703873933 0.006108007448789571
1 0.8490676296782667 0.46038175046554936 0.019409061063690086 0.018044692737430167
1 0.8369271175311885 0.46696461824953445 0.004839133289560079 0.005940409683426443
1 0.5806434668417597 0.4992551210428306 0.0139198949441891 0.03582867783985102
1 0.5409586342744583 0.5315176908752328 0.004340118187787262 0.006108007448789571
1 0.5634537097833224 0.642364990689013 0.006126066973079448 0.007495344506517692
1 0.5634537097833224 0.7210148975791434 0.006126066973079448 0.006899441340782123
1 0.7251411687458963 0.639217877094972 0.004090610636900854 0.00686219739292365
1 0.8058831254103742 0.6469366852886406 0.0036966513460275773 0.0062476722532588454
1 0.997951411687459 0.7925418994413408 0.004097176625082075 0.00574487895716946