1 0.0699009247027741 0.6352173913043477 0.020918097754293263 0.030832562442183162
1 0.31979524438573315 0.6167160037002775 0.023117569352708058 0.027752081406105456
1 0.2845640686922061 0.5396207215541166 0.009907529722589167 0.018501387604070305
1 0.2157661822985469 0.44095282146160963 0.019815059445178335 0.024671600370027753
1 0.16127476882430647 0.4093432007400555 0.023117569352708058 0.026207215541165587
1 0.3192404227212682 0.4340148011100833 0.013210039630118891 0.020046253469010178
1 0.3164927344782034 0.3892969472710453 0.0077080581241743724 0.016956521739130433
1 0.375 0.8862904717853839 0.024048877146631436 0.02603145235892692
1 0.4541017173051519 0.7536170212765957 0.02128797886393659 0.03399629972247919
1 0.9350594451783356 0.6390749306197965 0.023698811096433292 0.02127659574468085
1 0.2819815059445178 0.9512580943570768 0.025132100396301187 0.025430157261794633
1 0.287107001321004 0.4175023126734505 0.008157199471598415 0.010046253469010176
1 0.4602047556142668 0.38946345975948193 0.010290620871862615 0.013080481036077706
1 0.34497357992073974 0.6599259944495837 0.008989431968295904 0.012007400555041629
1 0.2337648612945839 0.48144310823311753 0.008064729194187582 0.010573543015726179
1 0.4167503302509908 0.06791859389454209 0.015898282694848085 0.028205365402405178
1 0.4521466314398943 0.6527474560592045 0.007575957727873184 0.012062904717853838
1 0.13793923381770146 0.8336355226641998 0.025561426684280054 0.016059204440333024
1 0.16113606340819023 0.18549491211840888 0.009299867899603699 0.013283996299722479
1 0.9165059445178335 0.2822664199814986 0.009194187582562748 0.012146160962072156
1 0.31762879788639364 0.855513413506013 0.008414795244385733 0.009555966697502312
1 0.8901387054161163 0.30073080481036074 0.010171730515191546 0.009703977798334875
1 0.06756274768824307 0.28825161887141537 0.007787318361955085 0.010693802035152637
1 0.5869154557463673 0.57 0.010171730515191546 0.014412580943570768
1 0.8603500660501981 0.23080481036077705 0.009821664464993395 0.012303422756706754
1 0.1864002642007926 0.26055504162812215 0.013025099075297225 0.012627197039777984
1 0.625 0.370277520814061 0.02805812417437252 0.04996299722479186
1 0.16918758256274768 0.8821831637372802 0.007965653896961692 0.010943570767807586
1 0.7553698811096434 0.33645698427382054 0.0102443857331572 0.012534690101757633
1 0.5712879788639366 0.852099907493062 0.011373844121532363 0.0145790934320074
1 0.21899603698811096 0.8158464384828862 0.01085865257595773 0.011507863089731729
1 0.9843725231175693 0.3492876965772433 0.008513870541611625 0.013700277520814062
1 0.12854029062087188 0.904754856614246 0.007344782034346103 0.011110083256244218
1 0.6762681638044914 0.3545883441258094 0.009709379128137383 0.010166512488436632
1 0.7265653896961691 0.19353376503237743 0.008883751651254953 0.012830712303422757
1 0.3247093791281374 0.8363644773358002 0.006122853368560105 0.008122109158186864
1 0.9785138705416117 0.19216466234967622 0.009557463672391018 0.013496762257169288
1 0.5629854689564069 0.8760314523589269 0.008546895640686922 0.014014801110083257
1 0.08019815059445179 0.20139685476410732 0.007813738441215324 0.008122109158186864
1 0.3520475561426684 0.19951896392229418 0.007463672391017174 0.010286771507863088
1 0.7641611624834875 0.032802960222016654 0.010449141347424043 0.011110083256244218
1 0.5429656538969616 0.9054394079555966 0.009557463672391018 0.009703977798334875
1 0.8754887714663144 0.5853839037927844 0.010369881109643328 0.013802035152636448
1 0.4973117569352708 0.49340425531914894 0.008282694848084544 0.012627197039777984
1 0.6181638044914135 0.48281221091581866 0.007754293262879789 0.009444958371877891
1 0.6728203434610304 0.05488436632747456 0.014339498018494056 0.019518963922294172
1 0.7675759577278731 0.5255504162812211 0.016340819022457067 0.028982423681776132
1 0.7294914134742404 0.4899907493061979 0.00916116248348745 0.011110083256244218
1 0.5947291941875825 0.22943570767807586 0.007463672391017174 0.009222941720629048
1 0.534669749009247 0.942368177613321 0.008612945838837515 0.012146160962072156
1 0.7719749009247028 0.20105457909343202 0.007173051519154557 0.009777983348751157
1 0.19189564068692205 0.8288436632747456 0.008784676354029063 0.008843663274745606
1 0.8632826948480845 0.17216466234967623 0.007965653896961692 0.010573543015726179
1 0.8945310435931307 0.4975115633672525 0.010614266842800528 0.010046253469010176
1 0.1865257595772787 0.46297872340425533 0.006459709379128137 0.009195189639222941
1 0.9477542932628799 0.1663459759481961 0.009676354029062088 0.010212765957446808
1 0.4812021136063408 0.8302127659574469 0.005079260237780714 0.009935245143385753
1 0.6977542932628799 0.7625069380203515 0.010171730515191546 0.015272895467160038
1 0.5712879788639366 0.533413506012951 0.01272787318361955 0.012978723404255318
1 0.07079920739762219 0.2696114708603145 0.0048480845442536325 0.007113783533765032
1 0.7646499339498019 0.30910268270120256 0.007318361955085865 0.008057354301572619
1 0.8349603698811097 0.6801017576318225 0.008124174372523118 0.013441258094357077
1 0.8999009247027742 0.44382978723404254 0.005574636723910171 0.008214616096207217
1 0.4968229854689564 0.3060314523589269 0.006644649933949802 0.010212765957446808
1 0.3339828269484808 0.8691951896392229 0.004557463672391017 0.007724329324699352
0 0.7592800528401585 0.6595837187789084 0.036347424042272126 0.05407030527289547
1 0.38696169088507265 0.4479278445883441 0.004557463672391017 0.006845513413506013
1 0.9897490092470278 0.9498889916743755 0.010290620871862615 0.011646623496762256
1 0.3779326287978864 0.5416188714153561 0.007067371202113606 0.005901942645698427
1 0.1226221928665786 0.9820259019426456 0.005911492734478203 0.007391304347826087
1 0.9560568031704095 0.7344680851063831 0.007575957727873184 0.012201665124884365
1 0.6020475561426685 0.38261794634597596 0.005752972258916777 0.008575393154486586
1 0.8051783355350066 0.8541443108233118 0.007490092470277411 0.007345050878815911
1 0.7392602377807134 0.932109158186864 0.008282694848084544 0.010370027752081406
1 0.8808586525759576 0.6948103607770583 0.012430647291941876 0.01985198889916744
1 0.8686525759577279 0.1314708603145236 0.0065125495376486126 0.005661424606845514
1 0.8940422721268163 0.841840888066605 0.00560105680317041 0.0074838112858464385
1 0.19457727873183617 0.45477335800185015 0.004940554821664465 0.006253469010175763
1 0.778322324966975 0.4684458834412581 0.005138705416116249 0.007844588344125809
1 0.5776354029062087 0.6558279370952822 0.005383091149273448 0.008667900092506937
1 0.3779326287978864 0.7419888991674376 0.005449141347424042 0.006632747456059205
1 0.8007793923381771 0.362109158186864 0.006538969616908851 0.006845513413506013
1 0.7075165125495377 0.8958649398704902 0.007206076618229855 0.007992599444958372
1 0.6835931307793923 0.49204440333024974 0.005099075297225891 0.007992599444958372
1 0.31347424042272126 0.5190564292321924 0.004557463672391017 0.007428307123034227
1 0.25488110964332894 0.8985938945420906 0.005363276089828269 0.007058279370952821
1 0.9189431968295905 0.479731729879741 0.005799207397622193 0.0063089731729879745
1 0.842774108322325 0.5053746530989823 0.005667107001321004 0.00818686401480111
1 0.7729524438573315 0.28962072155411656 0.0060501981505944515 0.005920444033302498
1 0.45092470277410834 0.3297964847363552 0.004735799207397622 0.0069472710453283995
1 0.8559577278731837 0.4332284921369103 0.004960369881109643 0.006253469010175763
1 0.6406274768824306 0.9608325624421833 0.008216644649933949 0.015032377428307124
1 0.19128137384412155 0.459213691026827 0.016466314398943197 0.018307123034227567
1 0.23632760898282695 0.7037002775208141 0.004200792602377807 0.006558741905642923
1 0.47998018494055483 0.8083256244218316 0.0052179656538969615 0.005522664199814986
1 0.6025363276089828 0.050434782608695654 0.004960369881109643 0.007779833487511563
1 0.36279392338177013 0.28397779833487513 0.004180977542932629 0.00666049953746531
1 0.5937516512549538 0.700277520814061 0.011294583883751652 0.010009250693802036
1 0.791994715984148 0.31406105457909345 0.004682959048877147 0.0057631822386679
1 0.7954095112285336 0.5375208140610546 0.005726552179656539 0.0063089731729879745
1 0.6601585204755614 0.8541443108233118 0.006717305151915456 0.008769657724329326
1 0.7465852047556142 0.29696577243293243 0.005554821664464993 0.006530989824236818
1 0.6313474240422722 0.5262349676225717 0.004590488771466315 0.00666049953746531
1 0.6220673712021135 0.2926919518963922 0.005059445178335535 0.0054209065679926
1 0.8125033025099077 0.4787049028677151 0.004134742404227213 0.005901942645698427
1 0.48559445178335536 0.33679925994449583 0.004167767503302509 0.005208140610545791
1 0.375 0.07219241443108233 0.004451783355350066 0.006632747456059205
1 0.5595706737120212 0.7201110083256245 0.005363276089828269 0.006604995374653098
1 0.5791017173051519 0.3901480111008326 0.00607001321003963 0.0055689176688251615
1 0.9863276089828269 0.3658649398704903 0.005158520475561427 0.005541165587419057
1 0.5566380449141347 0.04231267345050879 0.004247027741083223 0.006706753006475485
1 0.8437516512549538 0.904754856614246 0.006387054161162483 0.005633672525439407
1 0.8056671070013209 0.694468085106383 0.006955085865257595 0.010407030527289547
1 0.912107001321004 0.8596207215541165 0.004828269484808454 0.0054209065679926
1 0.30192866578599736 0.8136447733580018 0.004438573315719947 0.006873265494912118
1 0.5605151915455746 0.7804440333024977 0.00416116248348745 0.005883441258094357
1 0.5448150594451784 0.5846716003700277 0.006116248348745046 0.00938945420906568
1 0.7127675033025099 0.6577613320999075 0.005634081902245706 0.00874190564292322
1 0.6674702774108322 0.5831267345050879 0.006519154557463672 0.007622571692876966
1 0.992225891677675 0.7255226641998149 0.0061294583883751644 0.009472710453283996
1 0.9590951122853368 0.7451341350601295 0.006763540290620872 0.010027752081406105
1 0.6842272126816381 0.3337835337650324 0.0033619550858652574 0.006234967622571693
1 0.5352575957727873 0.2835615171137835 0.0030779392338177013 0.004523589269195189
1 0.7427146631439895 0.16307123034227566 0.0035468956406869223 0.00788159111933395
1 0.6829260237780713 0.04493061979648474 0.010733157199471599 0.012960222016651248
1 0.6449603698811096 0.082895467160037 0.003870541611624835 0.006114708603145236
1 0.8543791281373844 0.011045328399629972 0.004570673712021136 0.005291396854764107