1 0.7062592343854935 0.4655868971792539 0.006118200134318334 0.007488626023657871
1 0.904788448623237 0.5196542311191993 0.005983881799865681 0.007525022747952684
1 0.761719274680994 0.413803457688808 0.005083948959032908 0.0054049135577798006
1 0.6904298186702484 0.6284804367606915 0.005097380792478173 0.0067242948134667874
1 0.8461920752182673 0.16952684258416742 0.004869039623908664 0.007042766151046406
1 0.612303559435863 0.674786169244768 0.003989254533243788 0.007042766151046406
1 0.7172867696440564 0.5008007279344859 0.004593687038280725 0.006169244767970883
1 0.5283210208193418 0.31242038216560514 0.005137676292813969 0.00813466787989081
1 0.6279314976494291 0.33640582347588716 0.006265950302216252 0.006342129208371247
1 0.7807588985896574 0.16629663330300273 0.005601074546675621 0.006751592356687898
1 0.5869173942243116 0.3330937215650591 0.005366017461383479 0.006824385805277525
1 0.5517595701813298 0.812393084622384 0.0050033579583613165 0.006696997270245678
1 0.5664069845533916 0.8878070973612375 0.00496306245802552 0.007643312101910828
1 0.8686501007387509 0.5715832575068244 0.004680993955674949 0.005896269335759782
1 0.9389657488247145 0.48558689717925385 0.005513767629281397 0.006888080072793449
1 0.8955070517125588 0.6800818926296633 0.005218267293485561 0.006442220200181984
1 0.7373069173942243 0.560336669699727 0.004922766957689725 0.0069335759781619655
1 0.8964875755540631 0.41711555959963603 0.00544660846205507 0.0057961783439490445
1 0.7827132303559436 0.23551410373066423 0.005889858965748824 0.005686988171064604
1 0.4816924110141034 0.2288989990900819 0.004922766957689725 0.006542311191992721
1 0.6279314976494291 0.8388535031847133 0.0047011417058428475 0.0074158325750682446
1 0.7119140362659503 0.052302092811646946 0.004754869039623908 0.006642402183803457
1 0.11858965748824715 0.5027843494085532 0.005574210879785091 0.00624203821656051
1 0.7656279382135661 0.22575978161965424 0.005083948959032908 0.00632393084622384
1 0.06176628609805238 0.5805186533212011 0.00473472128945601 0.007015468607825296
1 0.6621087978509066 0.47797088262056414 0.005345869711215581 0.007352138307552321
1 0.6181665547347214 0.8295905368516834 0.005238415043653458 0.006669699727024568
1 0.3000470114170584 0.5765423111919927 0.004889187374076562 0.007470427661510464
1 0.10229684351914035 0.5203184713375797 0.005661517797179315 0.006997270245677889
1 0.34350570852921425 0.6036669699727024 0.006165211551376763 0.008826205641492266
1 0.5454130288784419 0.7945313921747044 0.005083948959032908 0.006105550500454959
1 0.05175957018132975 0.7177888989990902 0.004573539288112827 0.006414922656960874
1 0.14489590329079918 0.1167606915377616 0.004680993955674949 0.006860782529572338
1 0.15319677635997314 0.5600090991810738 0.005822699798522498 0.00886260236578708
1 0.4819341840161182 0.5563694267515924 0.0051645399597045 0.006997270245677889
1 0.14819341840161182 0.7746860782529572 0.004721289456010746 0.008389444949954505
1 0.6215849563465413 0.09915377616014559 0.004150436534586971 0.006487716105550501
1 0.5058562793821357 0.12627843494085533 0.005117528542646071 0.006960873521383076
1 0.5498052384150436 0.9043494085532302 0.0046272666218938885 0.007352138307552321
1 0.17834788448623237 0.7660782529572339 0.004607118871725991 0.006888080072793449
1 0.18005372733378108 0.1789535941765241 0.005198119543317663 0.0067970882620564145
1 0.3408193418401612 0.7561601455868971 0.004311618535930154 0.00626933575978162
1 0.2756346541302888 0.3382165605095541 0.0040228341168569515 0.009062784349408553
1 0.4160174613834789 0.8540673339399454 0.005386165211551376 0.007070063694267516
1 0.5766621893888516 0.21235668789808917 0.004264607118871726 0.005868971792538672
1 0.5278307588985897 0.6807461328480436 0.005198119543317663 0.007352138307552321
1 0.2666017461383479 0.1959872611464968 0.004419073203492277 0.006696997270245678
1 0.7890597716588315 0.24593266606005457 0.004922766957689725 0.007707006369426752
1 0.4050302216252519 0.3243312101910828 0.005822699798522498 0.0076706096451319376
1 0.8613297515110813 0.28446769790718834 0.005137676292813969 0.006169244767970883
1 0.39501678979180654 0.8719290263876252 0.004889187374076562 0.006997270245677889
1 0.48486232370718607 0.4763239308462239 0.005366017461383479 0.008926296633303004
1 0.10089321692411013 0.29223839854413103 0.003962390866353257 0.006860782529572338
1 0.5058562793821357 0.7316833484986351 0.006689053055742109 0.007552320291173795
1 0.9492209536601747 0.6374067333939946 0.005366017461383479 0.008753412192902639
1 0.3159167226326393 0.282484076433121 0.005533915379449295 0.006396724294813467
1 0.15795836131631966 0.67049135577798 0.005426460711887173 0.00656960873521383
1 0.11010745466756211 0.8527479526842584 0.004889187374076562 0.005423111919927207
1 0.3710946944257891 0.33458598726114647 0.005708529214237743 0.006696997270245678
1 0.6855473472128946 0.34235668789808915 0.004754869039623908 0.009463148316651501
1 0.2004365345869711 0.5424749772520473 0.005728676964405641 0.007497725204731574
1 0.3386232370718603 0.34632393084622387 0.005198119543317663 0.007497725204731574
1 0.9462860980523842 0.7978343949044586 0.0050033579583613165 0.006442220200181984
1 0.16809267965077232 0.44291173794358507 0.005641370047011417 0.008926296633303004
1 0.09979180658159839 0.8672975432211101 0.004002686366689053 0.005532302092811647
1 0.24218938885157823 0.4412556869881711 0.005728676964405641 0.007616014558689717
1 0.3776830087306917 0.6675068243858053 0.006024177300201478 0.007852593266606006
1 0.054506380120886495 0.395277525022748 0.006877098723975823 0.007434030937215651
1 0.1408663532572196 0.2505641492265696 0.006440564137004701 0.008070973612374886
1 0.06512424445936871 0.6529572338489537 0.006615177971793149 0.007952684258416743
1 0.06817327065144392 0.6959599636032757 0.007783747481531229 0.009317561419472247
1 0.05041638683680322 0.1635668789808917 0.004231027535258562 0.005605095541401274
1 0.16857622565480188 0.33474977252047317 0.005426460711887173 0.00899909008189263
1 0.2395030221625252 0.7707097361237488 0.004775016789791807 0.00924476797088262
1 0.2009267965077233 0.9632302092811647 0.0051645399597045 0.006414922656960874
1 0.08660846205507053 0.8778889899909008 0.004869039623908664 0.006369426751592357
1 0.7597649429147079 0.9837306642402183 0.005305574210879785 0.00737943585077343
1 0.8041974479516454 0.952638762511374 0.004231027535258562 0.009171974522292993
1 0.044278038952316995 0.6291446769790718 0.005842847548690396 0.007470427661510464
1 0.36840832773673604 0.04585077343039127 0.0038549361987911352 0.006997270245677889
1 0.3344728005372733 0.9638853503184713 0.0051645399597045 0.008525932666060054
1 0.29638683680322364 0.7078616924476797 0.007488247145735393 0.009717925386715195
1 0.07574210879785091 0.9288262056414922 0.006124916051040967 0.009499545040946314
1 0.6469711215580927 0.014995450409463148 0.0049026192075218265 0.006032757051865332
1 0.04733378106111485 0.2866151046405824 0.006668905305574211 0.005605095541401274
1 0.14196776359973134 0.6559326660600546 0.007669576897246474 0.012129208371246588
1 0.7758764271323035 0.8858234758871701 0.006742780389523169 0.010391264786169245
1 0.007783747481531229 0.4984804367606916 0.006715916722632639 0.007015468607825296
1 0.26049697783747483 0.673130118289354 0.005842847548690396 0.010928116469517744
1 0.7358428475486904 0.34963603275705185 0.005486903962390866 0.011310282074613284
1 0.04476830087306917 0.0694631483166515 0.005117528542646071 0.006442220200181984
1 0.2619610476830087 0.11511373976342129 0.007783747481531229 0.007552320291173795
1 0.41894560107454665 0.664203821656051 0.005936870382807253 0.010928116469517744
1 0.5278307588985897 0.9731483166515014 0.006312961719274681 0.00829845313921747
1 0.055513767629281396 0.2479162875341219 0.006440564137004701 0.009281164695177433
1 0.11083948959032908 0.01633303002729754 0.004593687038280725 0.0067242948134667874
1 0.062316991269308265 0.3499636032757052 0.009637340496977837 0.007952684258416743
1 0.03689724647414372 0.9738125568698818 0.004680993955674949 0.006123748862602366
1 0.6772464741437206 0.009909008189262967 0.006145063801208865 0.006078252957233849
1 0.951168569509738 0.09980891719745223 0.007844190732034923 0.01167424931756142
1 0.26318334452652786 0.6972793448589626 0.0076359973136333106 0.011182893539581436
1 0.2440161182001343 0.2551956323930846 0.006541302887844191 0.010391264786169245
1 0.11877770315648087 0.9420564149226569 0.007145735392881129 0.011046405823475887
1 0.978025520483546 0.9142675159235668 0.006930826057756884 0.00861692447679709
1 0.21972464741437206 0.5695996360327571 0.006292813969106782 0.014658780709736124
1 0.14355271994627267 0.9797634212920837 0.007172599059771659 0.011310282074613284
1 0.44848891873740765 0.8745768880800727 0.008851578240429819 0.010227479526842585
1 0.9140631296171927 0.28463148316651504 0.007669576897246474 0.013939945404913558
1 0.654788448623237 0.3416924476797088 0.010094022834116857 0.012902638762511374
1 0.10540631296171926 0.08509554140127389 0.008515782404298186 0.01437670609645132
1 0.8745130960376092 0.7356505914467698 0.009194089993284082 0.010309372156505915
1 0.37255876427132306 0.9552866242038216 0.007488247145735393 0.014212920837124658
1 0.1070584284754869 0.7475614194722475 0.007723304231027535 0.010846223839854414
1 0.4143049026192075 0.058425841674249315 0.007461383478844862 0.010664240218380347
1 0.22546675621222298 0.3426842584167425 0.010449966420416387 0.01042766151046406
1 0.4421356615177972 0.6377434030937216 0.01150436534586971 0.00983621474067334
1 0.26977837474815314 0.9228753412192903 0.0072599059771658835 0.017170154686078253
1 0.9653324378777703 0.1667151956323931 0.010134318334452653 0.013776160145586898
1 0.1934788448623237 0.6807461328480436 0.0072061786433848226 0.01208371246587807
1 0.9873069173942243 0.00551410373066424 0.007548690396239087 0.0072975432211101
1 0.0994895903290799 0.9870427661510464 0.007904633982538616 0.01305732484076433
1 0.008985896574882472 0.28099181073703366 0.009126930826057757 0.013885350318471337
1 0.9462860980523842 0.6966151046405824 0.010369375419744795 0.014995450409463148
1 0.667971793149765 0.31473157415832576 0.00908663532572196 0.018116469517743403
0 0.4926729348556078 0.5150227479526842 0.015715245130960374 0.023439490445859874
0 0.008032236400268638 0.3853594176524113 0.015668233713901948 0.024749772520473157
1 0.09979180658159839 0.6046587807097361 0.021040967092008058 0.037670609645131935
1 0.6074210879785091 0.9738125568698818 0.023727333781061115 0.02743403093721565
0 0.8105439892545333 0.847452229299363 0.024137004701141704 0.0297270245677889
0 0.8266621893888516 0.5808462238398544 0.028488918737407658 0.03239308462238399
1 0.0787441235728677 0.8914012738853503 0.004714573539288112 0.006560509554140127
1 0.13783075889858964 0.7697179253867151 0.003210208193418402 0.00562329390354868
1 0.09142377434519812 0.7308553230209281 0.004137004701141706 0.005550500454959053
1 0.07952988582941571 0.7264513193812557 0.004620550705171256 0.004640582347588716
1 0.13908663532572196 0.6921383075523203 0.004278038952316991 0.006414922656960874
1 0.11918737407656145 0.6815923566878981 0.0028408327736736067 0.004413102820746133
1 0.08603760913364675 0.7169608735213832 0.005500335795836132 0.0053958143767060965
1 0.24420416386836805 0.6968516833484987 0.005110812625923439 0.006696997270245678
1 0.4267897918065816 0.9010828025477706 0.004150436534586971 0.005969062784349408
1 0.4428744123572868 0.8572247497725205 0.0046541302887844185 0.007434030937215651
1 0.8499059771658831 0.8025113739763422 0.003928811282740093 0.00835304822565969
1 0.7488784419073203 0.7138125568698818 0.0035594358629952986 0.0062147406733394
1 0.7487306917394224 0.7241856232939036 0.0038549361987911352 0.0038580527752502276
1 0.20589657488247146 0.4098999090081893 0.004204163868368032 0.007397634212920838
1 0.05862323707186031 0.5185532302092811 0.0036803223640026867 0.004931756141947225
1 0.28441235728676967 0.5225022747952685 0.0037474815312290126 0.005495905368516834
1 0.23945601074546677 0.30743403093721566 0.005090664875755541 0.006696997270245678
1 0.2954533243787777 0.25580527752502275 0.003519140362659503 0.005077343039126479
1 0.4764472800537273 0.3687443130118289 0.003223640026863667 0.005677888989990901
1 0.4055473472128946 0.30363057324840764 0.004042981867024849 0.007333939945404914
1 0.38949630624580256 0.2276160145586897 0.0037071860308932167 0.004576888080072793
1 0.41671591672263264 0.2229845313921747 0.00541974479516454 0.005386715195632393
1 0.4659100067159167 0.16362147406733393 0.003096037609133647 0.005696087352138307
1 0.49310946944257894 0.421565059144677 0.003425117528542646 0.0041856232939035485
1 0.4950436534586971 0.30527752502274796 0.003915379449294829 0.003303002729754322
1 0.5638146406984553 0.33313011828935396 0.004244459368703829 0.0068061874431301185
1 0.7869845533915379 0.08982711555959963 0.004546675621222297 0.007606915377616014
1 0.6265211551376763 0.03366696997270246 0.005701813297515111 0.006351228389444951
1 0.5175554063129617 0.7074158325750682 0.0060308932169241105 0.00565059144676979