1 0.3048614775725594 0.488952734012975 0.005837730870712401 0.005829471733086191
1 0.3312994722955145 0.4819369786839666 0.005910290237467019 0.007025023169601483
1 0.12408311345646439 0.5851899907321594 0.005178100263852243 0.006923076923076922
1 0.34643799472295517 0.4092215013901761 0.005778364116094986 0.00716404077849861
1 0.39160290237467016 0.7862001853568118 0.006365435356200528 0.01056533827618165
1 0.45068601583113455 0.7903151065801668 0.005910290237467019 0.006756255792400371
1 0.41430738786279686 0.7855143651529194 0.005303430079155672 0.009592215013901761
1 0.09967018469656992 0.7745319740500464 0.005514511873350923 0.00768303985171455
1 0.5712862796833773 0.38452270620945317 0.005817941952506596 0.008980537534754402
1 0.04015831134564644 0.2692678405931418 0.005639841688654354 0.006329935125115848
1 0.42089709762532984 0.16122335495829473 0.004769129287598945 0.006941612604263207
1 0.6147493403693932 0.5179610750695088 0.006312664907651715 0.01020389249304912
1 0.8193337730870712 0.37183503243744204 0.006240105540897098 0.006784059314179796
1 0.2070316622691293 0.19860982391102874 0.006959102902374671 0.007275254865616311
1 0.7275395778364117 0.4222520852641335 0.006767810026385224 0.00866543095458758
1 0.04831134564643799 0.48674698795180726 0.0055540897097625325 0.006867469879518072
1 0.5986345646437995 0.326728452270621 0.008575197889182058 0.008943466172381835
1 0.14831794195250658 0.7786561631139944 0.0067150395778364114 0.009184430027803522
1 0.08990765171503959 0.3807506950880445 0.008186015831134565 0.006626506024096386
1 0.8627902374670184 0.7265152919369786 0.005362796833773087 0.006895273401297498
1 0.4980474934036939 0.28316033364226134 0.004168865435356201 0.006941612604263207
1 0.4230936675461741 0.21369786839666358 0.006536939313984169 0.008767377201112142
1 0.26147757255936677 0.867840593141798 0.005362796833773087 0.007191844300278035
1 0.5712862796833773 0.4370064874884152 0.007011873350923483 0.007451343836886005
1 0.6406266490765172 0.4081927710843373 0.006853562005277045 0.0073030583873957364
1 0.8793931398416887 0.35810936051899905 0.005428759894459103 0.007136237256719184
1 0.29443271767810025 0.8698980537534754 0.0049802110817941956 0.008405931417979611
1 0.3288588390501319 0.2195366079703429 0.005448548812664908 0.008368860055607044
1 0.7055672823218998 0.4932622798887859 0.007783641160949869 0.007803521779425394
1 0.0179155672823219 0.5910194624652456 0.007460422163588391 0.008906394810009268
1 0.21850263852242743 0.8788137164040779 0.0064116094986807395 0.006682113067655236
1 0.1091292875989446 0.9288971269694161 0.005534300791556729 0.00670064874884152
1 0.08416886543535619 0.8287303058387396 0.006437994722955145 0.008980537534754402
1 0.23718337730870712 0.8445134383688601 0.005 0.010278035217794254
1 0.8315435356200527 0.2694439295644115 0.004452506596306069 0.010120481927710843
1 0.12695250659630608 0.7121037998146432 0.008218997361477572 0.007330861909175162
1 0.9394525065963061 0.486404077849861 0.0067150395778364114 0.006756255792400371
1 0.7841820580474934 0.5954772937905468 0.00616754617414248 0.009851714550509733
1 0.1270778364116095 0.7381742354031511 0.006741424802110818 0.007052826691380908
1 0.02937335092348285 0.4222520852641335 0.005 0.010398517145505099
1 0.29028364116094985 0.833531047265987 0.0054023746701846965 0.00814643188137164
1 0.5483377308707124 0.5649490268767378 0.01017150395778364 0.007506950880444856
1 0.2785620052770449 0.7868860055607043 0.006312664907651715 0.009740500463392029
1 0.2753891820580475 0.11267840593141798 0.004716358839050132 0.007896200185356812
1 0.6411147757255936 0.38212233549582947 0.006312664907651715 0.009925857275254867
1 0.0279089709762533 0.6870620945319741 0.006240105540897098 0.006626506024096386
1 0.511721635883905 0.8596014828544949 0.006147757255936676 0.006923076923076922
1 0.6889643799472296 0.6953012048192772 0.008218997361477572 0.009295644114921222
1 0.09417546174142481 0.6898146431881371 0.008951187335092349 0.007136237256719184
1 0.06561345646437995 0.867840593141798 0.006391820580474934 0.00670064874884152
1 0.20886543535620053 0.9364411492122335 0.005098944591029024 0.006227988878591288
1 0.23864775725593668 0.6507043558850788 0.006879947229551451 0.009258572752548657
1 0.23388522427440633 0.8170713623725672 0.007460422163588391 0.010852641334569046
1 0.8247097625329816 0.5080074142724745 0.006741424802110818 0.006839666357738647
1 0.9091820580474934 0.433920296570899 0.007902374670184696 0.0074142724745134385
1 0.16491424802110818 0.8458850787766451 0.008186015831134565 0.009629286376274328
1 0.10821240105540898 0.6678591288229843 0.007902374670184696 0.00768303985171455
1 0.8593733509234828 0.5995922150139018 0.005778364116094986 0.005968489341983318
1 0.7519525065963061 0.3560518999073216 0.005514511873350923 0.005968489341983318
1 0.20093007915567282 0.6911862835959222 0.009340369393139841 0.008433734939759036
1 0.7182585751978893 0.7910009267840593 0.0068007915567282326 0.005829471733086191
1 0.5288060686015831 0.8493141797961075 0.007011873350923483 0.008841519925857274
1 0.6391622691292876 0.7971733086190917 0.006240105540897098 0.006478220574606117
1 0.301754617414248 0.22193697868396664 0.01029023746701847 0.007831325301204818
1 0.7885751978891821 0.4126506024096386 0.005019788918205805 0.009082483781278962
1 0.9384762532981531 0.8143280815569972 0.005343007915567282 0.0073030583873957364
1 0.5371108179419525 0.9419277108433736 0.0073746701846965695 0.007330861909175162
1 0.6850593667546174 0.3157460611677479 0.005389182058047493 0.01056533827618165
1 0.25024406332453825 0.9666265060240964 0.00616754617414248 0.008563484708063021
1 0.48876649076517154 0.939870250231696 0.004848284960422163 0.009555143651529194
1 0.7670910290237467 0.5344207599629286 0.008344327176781003 0.009851714550509733
1 0.12963720316622693 0.0725949953660797 0.005514511873350923 0.006811862835959221
1 0.5341820580474934 0.6664874884151992 0.007546174142480211 0.006895273401297498
1 0.007348284960422164 0.7608155699721965 0.005303430079155672 0.007479147358665431
1 0.008713720316622691 0.6345875810936052 0.007810026385224275 0.01036144578313253
1 0.6245118733509235 0.8589156626506024 0.005956464379947229 0.012279888785912883
1 0.2919920844327177 0.9453568118628359 0.008779683377308707 0.007247451343836886
1 0.26684696569920846 0.4016774791473587 0.006048812664907651 0.011102873030583875
1 0.11816622691292875 0.9535959221501391 0.005468337730870712 0.007052826691380908
1 0.9843733509234828 0.7505282669138091 0.005059366754617415 0.007868396663577387
1 0.7167941952506597 0.7196570898980538 0.005844327176781002 0.011455050973123262
1 0.8715831134564643 0.7944300278035218 0.009782321899736149 0.006728452270620945
1 0.40209762532981536 0.05364226135310473 0.006688654353562006 0.007896200185356812
1 0.8393535620052771 0.6929008341056534 0.007843007915567283 0.007247451343836886
1 0.9033179419525066 0.8746987951807228 0.005389182058047493 0.0064967562557924005
1 0.4211411609498681 0.9597683039851714 0.006266490765171504 0.011241890639481002
1 0.6440435356200528 0.8410843373493976 0.006616094986807388 0.005829471733086191
1 0.5571306068601584 0.8314735866543095 0.006589709762532982 0.012242817423540315
1 0.5966820580474934 0.9666265060240964 0.006827176781002638 0.010278035217794254
1 0.7114248021108179 0.5821037998146432 0.006391820580474934 0.006941612604263207
1 0.9487335092348285 0.2848748841519926 0.011200527704485489 0.012140871177015755
1 0.9130870712401056 0.39206672845227064 0.010989445910290238 0.009740500463392029
1 0.1588126649076517 0.8067840593141797 0.008515831134564644 0.010806302131603336
1 0.5942414248021108 0.9131139944392956 0.005428759894459103 0.012622798887859128
1 0.5122097625329816 0.8767562557924004 0.006827176781002638 0.011455050973123262
1 0.2888192612137203 0.057367933271547725 0.004485488126649077 0.008303985171455051
1 0.7216820580474934 0.8630305838739574 0.004135883905013192 0.009332715477293791
1 0.6923812664907653 0.8253012048192772 0.005389182058047493 0.01036144578313253
1 0.8378891820580475 0.49737720111214084 0.009782321899736149 0.011640407784986099
1 0.8452176781002638 0.06838739573679334 0.0045514511873350925 0.009045412418906395
1 0.9589841688654354 0.475421686746988 0.009267810026385225 0.008239110287303059
1 0.02580474934036939 0.9515384615384616 0.0068007915567282326 0.009814643188137163
1 0.9335949868073878 0.8987117701575533 0.006490765171503958 0.006923076923076922
1 0.6914050131926122 0.3279240037071362 0.007097625329815303 0.014059314179796107
1 0.9570316622691292 0.8966543095458758 0.008344327176781003 0.00943466172381835
1 0.02508575197889182 0.873327154772938 0.008186015831134565 0.009471733086190919
1 0.9301781002638523 0.2955143651529194 0.010131926121372032 0.010936051899907323
1 0.8461939313984168 0.9378127896200185 0.005118733509234828 0.00567191844300278
1 0.22546174142480213 0.5001204819277109 0.012189973614775727 0.013067655236329934
1 0.1091292875989446 0.2869323447636701 0.011550131926121372 0.013688600556070435
1 0.9770514511873352 0.7155329008341056 0.00728891820580475 0.007052826691380908
1 0.8608377308707124 0.19226135310472658 0.009637203166226913 0.009045412418906395
1 0.9340831134564643 0.547117701575533 0.01029023746701847 0.006969416126042632
1 0.7207058047493403 0.5903336422613531 0.010817941952506595 0.008211306765523632
1 0.699221635883905 0.7738461538461539 0.004419525065963061 0.012724745134383689
1 0.03775065963060686 0.5800463392029657 0.009894459102902375 0.01133456904541242
1 0.9135751978891821 0.8774420759962929 0.006464379947229552 0.009740500463392029
1 0.6162137203166227 0.9069416126042632 0.009637203166226913 0.008470806302131604
1 0.661622691292876 0.8534291010194625 0.006240105540897098 0.008433734939759036
1 0.8637664907651715 0.9254680259499537 0.008674142480211082 0.007590361445783132
1 0.7290039577836412 0.36737720111214084 0.005705804749340369 0.014569045412418907
1 0.7714841688654354 0.28985171455050973 0.011378627968337732 0.009258572752548657
1 0.3103034300791557 0.9748563484708062 0.005428759894459103 0.012103799814643188
1 0.8735356200527704 0.5481464318813717 0.012572559366754617 0.012187210379981465
1 0.9760751978891821 0.24886005560704355 0.012097625329815303 0.011065801668211306
1 0.166622691292876 0.1782020389249305 0.007203166226912929 0.009666357738646896
1 0.7480474934036939 0.8486283595922149 0.009894459102902375 0.008368860055607044
1 0.8608377308707124 0.1699629286376274 0.009162269129287599 0.0141241890639481
1 0.8183575197889182 0.8623447636700649 0.007724274406332454 0.013901760889712697
1 0.4565435356200528 0.7141612604263207 0.006688654353562006 0.011825764596848934
1 0.9165039577836412 0.865097312326228 0.007638522427440633 0.008841519925857274
1 0.5424802110817942 0.9247822057460612 0.008093667546174143 0.017126969416126042
1 0.8471701846965699 0.6541334569045412 0.011114775725593669 0.012873030583873958
1 0.8662137203166227 0.9769138090824837 0.007579155672823219 0.010852641334569046
1 0.49951187335092345 0.43872103799814643 0.0073746701846965695 0.017191844300278036
1 0.8974604221635883 0.6462465245597775 0.01036939313984169 0.013642261353104727
1 0.5625 0.1520389249304912 0.012427440633245383 0.013021316033364226
1 0.9799802110817942 0.486404077849861 0.010006596306068602 0.00866543095458758
1 0.023284960422163586 0.8897868396663577 0.005982849604221636 0.012001853568118628
1 0.6708970976253299 0.6239481000926784 0.012572559366754617 0.01586654309545876
1 0.6450197889182058 0.06431881371640408 0.011114775725593669 0.009369786839666357
1 0.974122691292876 0.9247822057460612 0.0073746701846965695 0.015736793327154774
1 0.23620712401055408 0.6819184430027804 0.01316622691292876 0.013429101019462465
1 0.8105474934036939 0.9227247451343837 0.009195250659630607 0.014967562557924002
1 0.7641622691292876 0.6778035217794254 0.011550131926121372 0.011455050973123262
1 0.5146503957783641 0.6568767377201112 0.0179155672823219 0.028517145505097312
1 0.9555672823218998 0.5056070435588508 0.016220316622691293 0.01648748841519926
1 0.7592744063324538 0.8342261353104726 0.008186015831134565 0.015199258572752547
1 0.575197889182058 0.06058387395736794 0.016721635883905014 0.01561631139944393
1 0.30126649076517154 0.31711770157553293 0.01495382585751979 0.015199258572752547
1 0.7919920844327177 0.6980444856348471 0.013845646437994722 0.013169601482854495
1 0.9628891820580475 0.43323447636700646 0.018984168865435358 0.011686746987951807
1 0.2519525065963061 0.8980259499536608 0.014281002638522427 0.015736793327154774
1 0.008575197889182058 0.5388785912882299 0.016022427440633244 0.01901760889712697
1 0.006959102902374671 0.4853753475440223 0.012011873350923484 0.018943466172381837
1 0.7558575197889182 0.6915291936978684 0.016405013192612138 0.01561631139944393
1 0.6704089709762533 0.8548007414272475 0.009412928759894459 0.01655236329935125
1 0.5820316622691293 0.7464133456904541 0.014670184696569919 0.020936051899907323
1 0.8295910290237467 0.5062928637627433 0.025329815303430078 0.026821130676552365
1 0.2551253298153034 0.26291936978683966 0.01495382585751979 0.02861909175162187
1 0.7290039577836412 0.9021408711770157 0.016022427440633244 0.02176088971269694
1 0.035738786279683375 0.8987117701575533 0.020844327176781002 0.01991658943466172
1 0.7695316622691292 0.8548007414272475 0.018905013192612136 0.01999073215940686
1 0.24279683377308706 0.7059314179796108 0.023331134564643797 0.04399443929564412
1 0.2819854881266491 0.7079888785912882 0.023073878627968336 0.027395736793327154
1 0.9785158311345646 0.3515940685820204 0.02732849604221636 0.03013901760889713
0 0.6962862796833773 0.9474142724745134 0.01986807387862797 0.04103799814643188
1 0.21777044854881267 0.8276274328081556 0.006437994722955145 0.008285449490268767
1 0.08308707124010553 0.8910843373493976 0.004538258575197889 0.007581093605189991
1 0.30099604221635884 0.7324652455977757 0.005547493403693931 0.006848934198331789
1 0.3140633245382586 0.6700092678405932 0.00449868073878628 0.005542168674698795
1 0.32847625329815305 0.6144856348470806 0.004716358839050132 0.008016682113067655
1 0.36487467018469655 0.7973123262279889 0.0038588390501319257 0.008943466172381835
1 0.4436741424802111 0.7648656163113994 0.003403693931398417 0.005338276181649676
1 0.46151055408970976 0.7055050973123262 0.004030343007915567 0.006190917516218721
1 0.5183179419525066 0.6982761816496756 0.003937994722955145 0.005801668211306765
1 0.5451055408970976 0.7004448563484708 0.0031662269129287598 0.006107506950880445
1 0.5189775725593667 0.6435403151065802 0.005263852242744064 0.004837812789620018
1 0.5170514511873351 0.8354958294717331 0.007130606860158312 0.00793327154772938
1 0.5514050131926121 0.9357831325301205 0.0036081794195250657 0.0065523632993512515
1 0.5622031662269129 0.9155514365152919 0.00445910290237467 0.005264133456904541
1 0.55188654353562 0.8805468025949954 0.0052836411609498675 0.00659870250231696
1 0.7140963060686015 0.9818164967562559 0.003594986807387863 0.004170528266913809
1 0.8364643799472296 0.8173493975903614 0.004452506596306069 0.005801668211306765
1 0.8373021108179419 0.8810287303058387 0.005415567282321901 0.005560704355885079
1 0.6498482849604221 0.7222984244670991 0.004538258575197889 0.005607043558850788
1 0.6301055408970976 0.7502780352177942 0.005092348284960422 0.0053104726598702506
1 0.5595712401055408 0.6104263206672845 0.007777044854881266 0.011964782205746061
1 0.549188654353562 0.6074235403151066 0.0034564643799472297 0.004967562557924004
1 0.7533905013192613 0.5811214087117701 0.004934036939313984 0.005607043558850788
1 0.7367348284960423 0.4867933271547729 0.005237467018469657 0.005857275254865617
1 0.6022163588390501 0.42697868396663574 0.0036675461741424798 0.005783132530120482
1 0.6839445910290237 0.36709916589434666 0.004076517150395778 0.006617238183503243
1 0.6102902374670185 0.34154772937905464 0.005521108179419525 0.005746061167747915
1 0.6592084432717679 0.3253846153846154 0.005375989445910291 0.005588507877664505
1 0.6753496042216359 0.26144578313253014 0.004769129287598945 0.006320667284522706
1 0.6585224274406333 0.2500463392029657 0.005428759894459103 0.00963855421686747
1 0.6669656992084433 0.27714550509731234 0.0037203166226912926 0.005560704355885079
1 0.44549472295514514 0.10702502316960148 0.0034696569920844326 0.008962001853568118
1 0.32249340369393137 0.2600834105653383 0.004901055408970976 0.005588507877664505
1 0.20234168865435356 0.2834476367006487 0.005613456464379947 0.007108433734939759
1 0.3274208443271768 0.4205375347544022 0.004030343007915567 0.004967562557924004
1 0.28651715039577835 0.3731788693234477 0.006622691292875989 0.008721037998146433
1 0.4153759894459103 0.5374884151992586 0.004017150395778364 0.005755329008341056
1 0.23178759894459103 0.5486654309545875 0.0044327176781002635 0.008016682113067655
1 0.13516490765171504 0.605023169601483 0.004993403693931399 0.0061723818350324375
1 0.15474274406332453 0.5092215013901761 0.004109498680738786 0.007506950880444856
1 0.04269788918205805 0.47214087117701575 0.005996042216358839 0.005690454124189064
1 0.09954485488126649 0.4205097312326228 0.003845646437994723 0.005931417979610751
1 0.14067941952506596 0.4036051899907322 0.006721635883905013 0.007265987025023169
1 0.1733245382585752 0.4038368860055607 0.004795514511873351 0.007738646895273401
1 0.21436015831134567 0.4813253012048193 0.0039050131926121373 0.004958294717330862
1 0.12374670184696569 0.4468211306765524 0.0036213720316622695 0.005282669138090825
1 0.07687994722955145 0.3517052826691381 0.004993403693931399 0.00597775718257646
1 0.05660949868073878 0.33143651529193696 0.005936675461741424 0.006617238183503243
1 0.06723614775725593 0.2655607043558851 0.006457783641160949 0.007506950880444856
1 0.9182585751978891 0.30214087117701577 0.004182058047493404 0.005625579240037071