1 0.5196934116112198 0.3062792877225867 0.005936073059360731 0.009137769447047797
1 0.6074233529028049 0.5247422680412371 0.004735812133072407 0.006991565135895033
1 0.34472928897586436 0.29885660731021557 0.004311806914546641 0.007357075913776944
1 0.6533202870189171 0.48370196813495786 0.004905414220482713 0.006701030927835052
1 0.4733855185909981 0.28867853795688847 0.004540117416829746 0.006447985004686035
1 0.6484344422700586 0.31727272727272726 0.005061969993476843 0.0071883786316776005
1 0.857423352902805 0.5685941893158388 0.004846705805609915 0.0064198687910028114
1 0.784181343770385 0.2625492033739456 0.004905414220482713 0.006447985004686035
1 0.6650358773646445 0.34848172446110587 0.004885844748858448 0.006672914714151827
1 0.3217742987606001 0.3711152764761012 0.004181343770384867 0.006963448922211808
1 0.5629876060013046 0.23378631677600747 0.005407697325505544 0.0073008434864104965
1 0.2108153946510111 0.17783505154639176 0.0044161774298760595 0.007703842549203374
1 0.7016634050880627 0.49388003748828496 0.004350945857795173 0.007647610121836926
1 0.32324200913242007 0.10803186504217431 0.004553163731245923 0.006701030927835052
1 0.30102413568166997 0.7345079662605436 0.00452054794520548 0.0063167760074976575
1 0.5458969341161122 0.13179943767572633 0.005342465753424657 0.007582005623242736
1 0.6499021526418787 0.6334864104967197 0.004794520547945205 0.0063448922211808804
1 0.7167971298108283 0.2949953139643861 0.004735812133072407 0.005735707591377695
1 0.2763666014350946 0.6569821930646673 0.005446836268754076 0.007385192127460169
1 0.6333007175472929 0.33849109653233367 0.004807566862361383 0.0066447985004686036
1 0.7412133072407044 0.5812183692596063 0.005472928897586432 0.006082474226804124
1 0.6274429223744292 0.6604967197750703 0.005472928897586432 0.007553889409559513
1 0.1866470971950424 0.25465791940018745 0.005140247879973908 0.006747891283973758
1 0.31860404435746903 0.3105998125585755 0.004964122635355513 0.005960637300843487
1 0.3298369210697978 0.23799437675726334 0.005120678408349641 0.0063448922211808804
1 0.8735355512067842 0.7246860356138707 0.00568819308545336 0.006447985004686035
1 0.09875407697325504 0.2986785379568885 0.004696673189823875 0.00654170571696345
1 0.3630397912589693 0.3309465791940019 0.004755381604696673 0.007328959700093721
1 0.835446836268754 0.47178069353327085 0.004383561643835616 0.006007497656982193
1 0.3525375081539465 0.31516401124648546 0.004605348988910633 0.0064198687910028114
1 0.43725375081539464 0.5159793814432989 0.005427266797129811 0.007647610121836926
1 0.695799086757991 0.08743205248359888 0.00452054794520548 0.007047797563261481
1 0.1788323548597521 0.386194939081537 0.0044161774298760595 0.006522961574507966
1 0.10393998695368559 0.522642924086223 0.004696673189823875 0.007244611059044049
1 0.8598630136986302 0.48510777881911904 0.005577299412915852 0.006860356138706654
1 0.8911154598825831 0.19467666354264293 0.005427266797129811 0.006223055295220243
1 0.6621069797782126 0.6454076850984067 0.005512067840834964 0.00795688847235239
1 0.23303326810176125 0.48510777881911904 0.004572733202870189 0.008069353327085286
1 0.8359360730593607 0.7039925023430178 0.005844748858447489 0.008294283036551078
1 0.19714285714285715 0.6562792877225867 0.004350945857795173 0.008013120899718838
1 0.23230267449445532 0.6692596063730084 0.005492498369210698 0.00746954076850984
1 0.2238747553816047 0.5124648547328959 0.004624918460534899 0.007075913776944704
1 0.8344748858447488 0.5156232427366447 0.006073059360730594 0.007244611059044049
1 0.0927136333985649 0.13109653233364574 0.004885844748858448 0.006569821930646673
1 0.7890606653620353 0.19256794751640113 0.005890410958904109 0.007619493908153703
1 0.3408219178082192 0.7218744142455483 0.006027397260273973 0.006729147141518275
1 0.42895629484670583 0.2320337394564199 0.004311806914546641 0.007047797563261481
1 0.1408675799086758 0.3458575445173383 0.005159817351598174 0.006991565135895033
1 0.8579125896934117 0.4423149015932521 0.006360078277886497 0.006447985004686035
1 0.9360339204174821 0.8383317713214621 0.005218525766470972 0.007553889409559513
1 0.8657208088714938 0.1788940955951265 0.005061969993476843 0.0077413308341143395
1 0.1822504892367906 0.10233364573570759 0.0053033268101761255 0.0053233364573570755
1 0.9755838225701239 0.1623149015932521 0.004846705805609915 0.006597938144329897
1 0.6992172211350294 0.6906560449859418 0.004664057403783431 0.006860356138706654
1 0.8950163078930202 0.2679850046860356 0.005955642530984997 0.006832239925023431
1 0.8212915851272016 0.8713027179006559 0.006666666666666667 0.007703842549203374
1 0.8427723418134377 0.74572633552015 0.005662100456621005 0.0078912839737582
1 0.6625962165688193 0.9056794751640113 0.0047749510763209395 0.006729147141518275
1 0.8647488584474886 0.8776194939081536 0.005799086757990868 0.006935332708528585
1 0.16759947814742335 0.3595313964386129 0.00517938682322244 0.0066447985004686036
1 0.04394651011089368 0.3788284910965323 0.005120678408349641 0.0071883786316776005
1 0.7304696673189823 0.9070852858481725 0.005707762557077625 0.009653233364573572
1 0.9853489889106327 0.1987066541705717 0.00568819308545336 0.006597938144329897
1 0.945799086757991 0.2511527647610122 0.006392694063926941 0.00767572633552015
1 0.37426614481409004 0.8628865979381444 0.006666666666666667 0.006832239925023431
1 0.8188454011741683 0.3854920337394564 0.006640574037834312 0.007919400187441424
1 0.43286366601435095 0.9035707591377694 0.00568819308545336 0.007216494845360825
1 0.18701239399869538 0.33849109653233367 0.005662100456621005 0.007647610121836926
1 0.047149380300065234 0.3474320524835989 0.005492498369210698 0.006991565135895033
1 0.7612328767123288 0.896560449859419 0.005042400521852577 0.0085941893158388
1 0.631833007175473 0.8902436738519213 0.006340508806262231 0.009615745079662605
1 0.33325505544683626 0.9323336457357075 0.005551206784083496 0.00746954076850984
1 0.5385714285714286 0.041087160262417995 0.004605348988910633 0.008359887535145267
1 0.24585127201565557 0.9246204311152765 0.005342465753424657 0.008172446110590441
1 0.9985779517286366 0.8306185567010309 0.00284409654272668 0.006804123711340206
1 0.1003392041748206 0.6040206185567011 0.007371167645140248 0.008266166822867854
1 0.8120091324200913 0.952680412371134 0.005120678408349641 0.0077413308341143395
1 0.8603522504892368 0.8993626991565136 0.007906066536203522 0.00654170571696345
1 0.15686236138290932 0.8257075913776944 0.00726027397260274 0.008172446110590441
1 0.9624005218525766 0.3655014058106842 0.006490541422048271 0.00880037488284911
1 0.7744161774298761 0.9309372071227741 0.006125244618395304 0.007825679475164011
1 0.5932615786040444 0.8214901593252109 0.009452054794520548 0.010515463917525773
1 0.8266601435094586 0.9484723523898781 0.006771037181996086 0.009287722586691659
1 0.22558382257012394 0.49492970946579196 0.0066144814090019575 0.008894095595126524
1 0.576170906718852 0.42653233364573573 0.006510110893672537 0.013420805998125587
1 0.47119373776908025 0.6555857544517338 0.011069797782126549 0.012521087160262418
1 0.25952380952380955 0.5282567947516401 0.009302022178734508 0.011949390815370197
1 0.27245923026744945 0.31328959700093717 0.0038095238095238095 0.004732895970009372
1 0.7265949119373776 0.20577319587628867 0.0029223744292237444 0.0037582005623242733
1 0.8347619047619048 0.7445829428303655 0.005003261578604044 0.006485473289597001