1 0.36771147540983606 0.36594972067039105 0.0068 0.009348230912476722
1 0.6567409836065573 0.32932960893854746 0.005777049180327869 0.008202979515828678
1 0.38574426229508196 0.5484171322160148 0.0068 0.008621973929236498
1 0.4421377049180328 0.4672998137802607 0.0057508196721311475 0.007076350093109869
1 0.34448524590163937 0.42917132216014897 0.006931147540983606 0.006620111731843576
1 0.39526557377049176 0.7647392923649907 0.006124590163934426 0.007383612662942272
1 0.32080000000000003 0.83268156424581 0.005429508196721311 0.008044692737430168
1 0.7592786885245902 0.48532588454376163 0.004629508196721311 0.008724394785847299
1 0.7548852459016394 0.457243947858473 0.006688524590163934 0.008528864059590316
1 0.4968262295081967 0.5258845437616387 0.0064918032786885245 0.009581005586592178
1 0.5200196721311475 0.847243947858473 0.006026229508196721 0.008621973929236498
1 0.26684590163934424 0.4419925512104283 0.00479344262295082 0.008100558659217877
1 0.2690426229508197 0.41877094972067036 0.005278688524590164 0.006005586592178771
1 0.24804590163934426 0.8486312849162011 0.006052459016393443 0.009217877094972068
1 0.2127672131147541 0.8160428305400372 0.005980327868852458 0.006908752327746741
1 0.35522622950819677 0.8396182495344506 0.005180327868852459 0.008594040968342645
1 0.8940459016393443 0.47527001862197393 0.006124590163934426 0.007383612662942272
1 0.28198032786885247 0.8409962756052142 0.007318032786885246 0.00702048417132216
1 0.3630360655737705 0.4218901303538175 0.004557377049180328 0.00792364990689013
1 0.23217704918032786 0.13684357541899442 0.00500327868852459 0.007951582867783984
1 0.8110360655737704 0.3428491620111732 0.006826229508196721 0.010148975791433892
1 0.3066426229508197 0.7127374301675978 0.00698360655737705 0.009106145251396648
1 0.9233377049180327 0.278193668528864 0.005888524590163935 0.008100558659217877
1 0.6645508196721311 0.26346368715083796 0.00600655737704918 0.007355679702048417
1 0.786622950819672 0.4991899441340782 0.006144262295081967 0.00792364990689013
1 0.9355475409836066 0.7640409683426443 0.006563934426229508 0.011536312849162011
1 0.5 0.1353724394785847 0.00481311475409836 0.009217877094972068
1 0.6499016393442623 0.38964618249534455 0.004681967213114754 0.00770949720670391
1 0.4724131147540983 0.1193389199255121 0.0063868852459016395 0.007132216014897579
1 0.9038098360655737 0.5186033519553073 0.005534426229508197 0.007886405959031659
1 0.7973639344262295 0.6898603351955307 0.00500327868852459 0.007216014897579144
1 0.13574426229508196 0.2572253258845438 0.004452459016393443 0.00621973929236499
1 0.39746229508196723 0.2033147113594041 0.005868852459016393 0.010754189944134079
1 0.5459016393442623 0.8146554934823091 0.005777049180327869 0.006731843575418995
1 0.42993442622950817 0.6187895716945997 0.004649180327868852 0.007439478584729982
1 0.4536131147540984 0.7051117318435753 0.007147540983606557 0.009106145251396648
1 0.05319344262295082 0.7571042830540037 0.00460983606557377 0.007951582867783984
1 0.8862295081967213 0.3830633147113594 0.00661639344262295 0.008202979515828678
1 0.6909180327868853 0.8084171322160149 0.0052 0.010679702048417132
1 0.7377901639344263 0.5671415270018622 0.0049049180327868855 0.009618249534450651
1 0.9702163934426229 0.5664432029795159 0.004944262295081967 0.007355679702048417
1 0.0679344262295082 0.42327746741154565 0.004229508196721312 0.0067039106145251395
1 0.06634754098360657 0.05702979515828678 0.005868852459016393 0.008463687150837989
1 0.03854426229508197 0.21874301675977653 0.005639344262295082 0.009068901303538175
1 0.7255868852459016 0.8728957169459963 0.00538360655737705 0.007383612662942272
1 0.2788065573770492 0.5376722532588455 0.006957377049180327 0.009534450651769088
1 0.9467803278688524 0.5487616387337058 0.005842622950819673 0.00792364990689013
1 0.34863606557377047 0.09767225325884545 0.004183606557377049 0.007858472998137802
1 0.9438491803278688 0.5979888268156425 0.006747540983606557 0.0069925512104283055
1 0.08123934426229508 0.3100931098696462 0.004504918032786885 0.008761638733705774
1 0.09332459016393442 0.19828677839851025 0.0049049180327868855 0.008789571694599627
1 0.42944262295081964 0.25600558659217876 0.005514754098360656 0.008659217877094973
1 0.32080000000000003 0.05512104283054004 0.004150819672131148 0.008007448789571695
1 0.6098622950819672 0.9533147113594042 0.006288524590163934 0.007355679702048417
1 0.11980983606557377 0.10374301675977654 0.005777049180327869 0.008463687150837989
1 0.9189442622950821 0.5168715083798883 0.005449180327868852 0.009283054003724395
1 0.03549508196721312 0.5754562383612662 0.005022950819672131 0.006675977653631285
1 0.5932590163934427 0.42292364990689013 0.007573770491803279 0.010633147113594041
1 0.5283213114754098 0.9325232774674115 0.007665573770491803 0.008864059590316574
1 0.8818360655737705 0.9165735567970205 0.007259016393442623 0.009916201117318436
1 0.8969704918032788 0.6052700186219738 0.007377049180327869 0.009394785847299813
1 0.05251803278688525 0.035074487895716946 0.005777049180327869 0.007243947858472998
1 0.6728524590163933 0.9540130353817504 0.005324590163934426 0.007299813780260707
1 0.9082032786885246 0.33677839851024205 0.0072327868852459015 0.00829608938547486
1 0.9194360655737706 0.4842830540037244 0.006360655737704918 0.010074487895716947
1 0.7275409836065574 0.9373743016759777 0.005429508196721311 0.008556797020484171
1 0.25048524590163934 0.3678119180633147 0.009055737704918033 0.009804469273743016
1 0.4846163934426229 0.8465456238361266 0.007573770491803279 0.009283054003724395
1 0.02914754098360656 0.27455307262569834 0.004701639344262295 0.007327746741154563
1 0.4057639344262295 0.1488919925512104 0.007036065573770492 0.011089385474860335
1 0.2800262295081967 0.9692644320297952 0.005888524590163935 0.010679702048417132
1 0.9199213114754099 0.22307262569832403 0.00661639344262295 0.008072625698324022
1 0.8813508196721311 0.2705679702048417 0.0079672131147541 0.010716945996275606
1 0.7026360655737705 0.7030260707635009 0.006688524590163934 0.013994413407821229
1 0.4855934426229508 0.9664897579143389 0.007147540983606557 0.009692737430167598
1 0.015363934426229508 0.7082309124767225 0.0060721311475409835 0.00776536312849162
1 0.30688524590163935 0.02354748603351955 0.004983606557377049 0.007188081936685288
1 0.15405245901639344 0.03568901303538175 0.0037836065573770487 0.007495344506517692
1 0.7343737704918033 0.8195065176908752 0.007488524590163934 0.012374301675977653
1 0.2785639344262295 0.03895716945996276 0.004419672131147541 0.006852886405959032
1 0.5654295081967213 0.7626536312849163 0.007901639344262296 0.00946927374301676
1 0.860839344262295 0.9165735567970205 0.005934426229508197 0.008491620111731843
1 0.14733770491803277 0.9193482309124767 0.007665573770491803 0.007886405959031659
1 0.2354754098360656 0.9491620111731843 0.007521311475409837 0.012271880819366853
1 0.935055737704918 0.3535940409683426 0.007842622950819673 0.009581005586592178
1 0.07171803278688525 0.2317411545623836 0.005488524590163934 0.010754189944134079
1 0.7529311475409837 0.9332122905027933 0.004649180327868852 0.0061266294227188085
1 0.7124 0.9422253258845438 0.007934426229508197 0.009618249534450651
1 0.08135737704918032 0.27628491620111734 0.009560655737704917 0.009143389199255121
1 0.3120131147540984 0.07145251396648045 0.0037508196721311475 0.006517690875232775
1 0.4829114754098361 0.8597206703910615 0.005580327868852459 0.011899441340782121
1 0.5122098360655738 0.16466480446927373 0.006668852459016394 0.011452513966480447
1 0.5800786885245902 0.9380633147113594 0.005344262295081967 0.013426443202979517
1 0.4187016393442623 0.3333147113594041 0.008413114754098361 0.013426443202979517
1 0.4904786885245902 0.0359683426443203 0.004773770491803279 0.007560521415270018
1 0.5815409836065574 0.4277839851024208 0.007875409836065574 0.01213221601489758
1 0.24365245901639343 0.9013221601489758 0.008675409836065575 0.012234636871508381
1 0.3740262295081967 0.8950837988826816 0.009934426229508197 0.012234636871508381
1 0.7768524590163934 0.9124115456238361 0.008740983606557376 0.013202979515828677
1 0.9628918032786886 0.7640409683426443 0.008918032786885246 0.01276536312849162
1 0.36572459016393444 0.930437616387337 0.004924590163934426 0.015484171322160147
1 0.09283278688524589 0.884683426443203 0.0038229508196721313 0.00580074487895717
1 0.6025377049180328 0.6087337057728119 0.012098360655737704 0.016787709497206704
1 0.01379672131147541 0.48359404096834263 0.006747540983606557 0.011312849162011173
1 0.8081049180327868 0.24370577281191808 0.011731147540983608 0.014208566108007449
1 0.7314426229508197 0.9692644320297952 0.008380327868852459 0.01213221601489758
1 0.9721704918032786 0.4489292364990689 0.006852459016393442 0.012411545623836126
1 0.2416983606557377 0.9262756052141528 0.009744262295081968 0.012709497206703911
1 0.872072131147541 0.34146182495344507 0.011508196721311476 0.010186219739292365
1 0.00481311475409836 0.5082029795158286 0.008380327868852459 0.013891992551210429
1 0.9584983606557377 0.8576443202979516 0.009973770491803279 0.012374301675977653
1 0.9208983606557376 0.9713500931098696 0.006052459016393443 0.0061266294227188085
1 0.9721704918032786 0.35983240223463686 0.010170491803278689 0.012569832402234637
1 0.03173770491803279 0.0940316573556797 0.010983606557377049 0.010595903165735568
1 0.9140655737704918 0.9567877094972066 0.009193442622950819 0.017113594040968343
1 0.675783606557377 0.2731657355679702 0.01124590163934426 0.020130353817504658
1 0.02267540983606557 0.5043947858472998 0.010052459016393442 0.017374301675977654
1 0.24001311475409834 0.9648975791433891 0.004754098360655738 0.014264432029795158
0 0.6230491803278688 0.4135661080074488 0.019914754098360656 0.027737430167597766
1 0.5454098360655738 0.7550279329608939 0.02120655737704918 0.024031657355679702
0 0.627927868852459 0.8271322160148976 0.022537704918032784 0.05065176908752328
1 0.18011803278688526 0.47018621973929237 0.0038557377049180325 0.004608938547486034
1 0.26493770491803276 0.45541899441340783 0.0031540983606557376 0.004767225325884544
1 0.30918032786885247 0.6247858472998138 0.004983606557377049 0.004050279329608939
1 0.3747868852459016 0.7938919925512105 0.005455737704918033 0.007029795158286778
1 0.3611540983606557 0.6815921787709497 0.005829508196721312 0.006266294227188082
1 0.35022950819672133 0.8602607076350093 0.004144262295081968 0.0071601489757914345
1 0.3430622950819672 0.9114618249534451 0.004006557377049181 0.006657355679702048
1 0.18312131147540983 0.8643575418994414 0.004636065573770492 0.005819366852886406
1 0.10150819672131148 0.7461173184357542 0.005770491803278689 0.005893854748603352
1 0.18815081967213115 0.6852700186219739 0.003481967213114754 0.005130353817504655
1 0.24767213114754097 0.9673556797020485 0.009718032786885246 0.011955307262569832
1 0.4584393442622951 0.8625418994413407 0.004190163934426229 0.006713221601489758
1 0.6115803278688524 0.8897392923649907 0.005127868852459016 0.004906890130353817
1 0.700472131147541 0.9251582867783985 0.00478688524590164 0.007495344506517692
1 0.7178491803278688 0.8557914338919925 0.004478688524590164 0.006061452513966481
1 0.7370295081967213 0.96 0.0043803278688524586 0.0057262569832402235
1 0.7875016393442623 0.968296089385475 0.004675409836065574 0.005456238361266294
1 0.5908131147540984 0.7331657355679702 0.004301639344262295 0.005716945996275605
1 0.6190426229508197 0.6712756052141527 0.00420983606557377 0.00638733705772812
1 0.908439344262295 0.604534450651769 0.0037704918032786887 0.006480446927374301
1 0.8458229508196722 0.5466480446927374 0.004845901639344262 0.005474860335195531
1 0.8265639344262296 0.6079515828677841 0.005481967213114754 0.007932960893854748
1 0.8219016393442623 0.697756052141527 0.003737704918032787 0.006396648044692738
1 0.643855737704918 0.29090316573556796 0.004616393442622951 0.00462756052141527
1 0.6712918032786885 0.39231843575418995 0.005449180327868852 0.006145251396648044
1 0.6976065573770491 0.1611080074487896 0.0026688524590163937 0.0043389199255121046
1 0.3407606557377049 0.03608938547486033 0.0031672131147540985 0.005251396648044693