1 0.4130723291307233 0.37373505059797607 0.008885202388852024 0.01533578656853726
1 0.5244127405441273 0.49247470101195956 0.011035169210351692 0.014765409383624657
1 0.20446582614465825 0.6495308187672493 0.01287325812873258 0.019420423183072678
1 0.2673324485733245 0.5236154553817847 0.010902455209024551 0.01157313707451702
1 0.20434638354346382 0.23862005519779209 0.006589250165892502 0.014885004599816008
1 0.22936960849369611 0.728390064397424 0.009562043795620439 0.014149034038638455
1 0.22741871267418715 0.7033486660533579 0.012143331121433312 0.013937442502299908
1 0.2678234903782349 0.7060533578656853 0.006337093563370936 0.012649494020239191
1 0.40161247511612475 0.40684452621895123 0.007757133377571334 0.010183992640294388
1 0.07891838088918382 0.6461453541858326 0.009163901791639019 0.008454461821527138
1 0.48315195753151957 0.4579576816927323 0.006642335766423357 0.011352345906163753
1 0.4824220305242203 0.51278748850046 0.014897146648971467 0.027074517019319226
1 0.28857332448573325 0.4505059797608096 0.012289316522893164 0.029576816927322905
1 0.29199071001990706 0.5510303587856485 0.015076310550763104 0.024747010119595216
1 0.10211015262110153 0.9429806807727691 0.007843397478433975 0.013873045078196871
1 0.3896483078964831 0.48875804967801284 0.024426011944260122 0.033081876724931
1 0.41113470471134705 0.8658141674333026 0.005534173855341738 0.011941122355105796
1 0.2917451891174519 0.7094388224471021 0.017239548772395488 0.01919963201471941
1 0.33618447246184474 0.4999264029438822 0.01710683477106835 0.029126034958601655
1 0.24804910418049103 0.3506623735050598 0.005958858659588587 0.007230910763569458
1 0.47021234240212345 0.9152345906163754 0.007604512276045123 0.009172033118675253
1 0.007405441274054412 0.9781876724931002 0.010205706702057067 0.012125114995400183
0 0.3208029197080292 0.137672493100276 0.0165892501658925 0.018693652253909843
1 0.7939482415394824 0.40819687212511496 0.020968812209688124 0.018693652253909843
1 0.6469741207697413 0.526329346826127 0.008573324485733246 0.009135234590616374
1 0.10613802256138022 0.5175252989880404 0.029309887193098873 0.03392824287028519
1 0.543457199734572 0.26671573137074517 0.005726609157266092 0.007046918123275069
1 0.8999004644990047 0.7825482980680772 0.008414067684140677 0.011444342226310947
1 0.1260982083609821 0.25520699172033123 0.00743198407431984 0.00735050597976081
1 0.8828135368281355 0.9104875804967801 0.009163901791639019 0.012364305427782888
1 0.9409157266091573 0.8827414903403864 0.008779031187790312 0.009420423183072677
1 0.24060384870603846 0.5290340386384544 0.005600530856005309 0.0078196872125115
1 0.3327604512276045 0.8339926402943881 0.01971466489714665 0.035768169273229074
1 0.4711944260119443 0.10035878564857406 0.02084273390842734 0.038840846366145355
1 0.176635700066357 0.9578748850045998 0.02181818181818182 0.02565777368905244
0 0.49682813536828135 0.3845078196872125 0.02382216323822163 0.03551977920883165
1 0.2062972793629728 0.12142594296228151 0.0205706702057067 0.033081876724931
1 0.47143331121433313 0.34287028518859247 0.005282017252820173 0.006964121435142595
1 0.258792302587923 0.9707359705611776 0.005102853351028534 0.008555657773689053
1 0.31591904445919045 0.9186108555657774 0.016157929661579296 0.02997240110395584
1 0.05676177836761779 0.46235510579576816 0.006363636363636364 0.007120515179392824
1 0.5444326476443265 0.3801011959521619 0.006363636363636364 0.006770929162833487
1 0.2968745852687458 0.8556577736890525 0.024094226940942272 0.03471021159153634
1 0.2243662906436629 0.8191076356945722 0.028546781685467818 0.028684452621895125
1 0.07781685467816854 0.7277184912603496 0.006191108161911082 0.006826126954921803
1 0.002534837425348374 0.8326402943882245 0.005069674850696748 0.008859245630174794
1 0.2049568679495687 0.9558509659613615 0.005819508958195089 0.007608095676172952
1 0.47900464499004647 0.8048850045998159 0.03210351692103517 0.03449862005519779
1 0.22326476443264764 0.85836246550138 0.004200398142003982 0.008923643054277829
1 0.7475580623755805 0.44644894204231833 0.0054080955540809555 0.006752529898804048
1 0.20434638354346382 0.9619411223551059 0.007903118779031187 0.01764489420423183
1 0.8940411413404113 0.5814995400183993 0.005554080955540809 0.007322907083716652
1 0.21276708692767085 0.05432382704691812 0.004678168546781685 0.006908923643054277
1 0.1401393497013935 0.1430910763569457 0.0046449900464499 0.00641214351425943
1 0.5864233576642336 0.843477460901564 0.0052156602521566025 0.0077276908923643054
1 0.5288055739880557 0.991048758049678 0.005554080955540809 0.008353265869365226
1 0.5151360318513603 0.43832566697332104 0.004147312541473125 0.006485740570377185
1 0.8818380889183809 0.9741214351425942 0.006237558062375581 0.007552897884084637
1 0.2983410749834108 0.02671573137074517 0.004485733244857332 0.007019319227230911
1 0.6674784339747843 0.2601195952161914 0.004790975447909755 0.0071573137074517025
1 0.7563503649635036 0.25520699172033123 0.004870603848706038 0.005961361545538179
1 0.8999004644990047 0.5483256669733211 0.004698075646980757 0.0066421343146274145
1 0.9760716655607167 0.406163753449862 0.005341738553417386 0.007092916283348666
1 0.07653616456536165 0.7967617295308188 0.006005308560053086 0.006697332106715732
1 0.5786131386861314 0.564231830726771 0.004505640345056404 0.006770929162833487
1 0.16320504313205042 0.4792732290708372 0.007259455872594558 0.013505059797608096
1 0.7797876575978766 0.9335050597976081 0.003961512939615129 0.006439742410303588
1 0.6240212342402123 0.4115823367065317 0.004591904445919045 0.006053357865685373
1 0.07006635700066358 0.9876632934682612 0.004485733244857332 0.007497700091996321
1 0.2912607830126078 0.8671665133394665 0.008062375580623756 0.014103035878564858
1 0.09844724618447247 0.5151517939282428 0.012773722627737226 0.014047838086476541