1 0.48303225806451616 0.5413541666666666 0.00732258064516129 0.010085227272727273
1 0.5839870967741935 0.3587121212121212 0.007490322580645161 0.00974431818181818
1 0.5229483870967743 0.5486363636363637 0.006535483870967742 0.006581439393939394
1 0.852541935483871 0.6543465909090909 0.005554838709677419 0.008058712121212121
1 0.026548387096774193 0.5522159090909091 0.0057741935483870965 0.00840909090909091
1 0.8325225806451614 0.6461079545454546 0.005819354838709677 0.007604166666666666
1 0.6708967741935484 0.3553030303030303 0.005554838709677419 0.00668560606060606
1 0.9360322580645161 0.8019886363636364 0.006903225806451613 0.008882575757575758
1 0.47998064516129035 0.7227935606060606 0.0063419354838709675 0.00884469696969697
1 0.1999483870967742 0.03106060606060606 0.006148387096774193 0.006893939393939394
1 0.9501935483870968 0.40314393939393944 0.0073161290322580645 0.007746212121212121
1 0.8603483870967742 0.36731060606060606 0.0056 0.007007575757575758
1 0.8432645161290322 0.6729829545454545 0.007638709677419355 0.007575757575757576
1 0.10503870967741935 0.17110795454545455 0.004606451612903226 0.006818181818181819
1 0.8510774193548387 0.4214204545454545 0.004606451612903226 0.0067424242424242425
1 0.6572258064516129 0.26625000000000004 0.004451612903225806 0.009526515151515152
1 0.5473612903225806 0.7095359848484848 0.006167741935483871 0.009488636363636364
1 0.8588838709677419 0.8414109848484849 0.006638709677419355 0.010331439393939395
1 0.6230451612903226 0.5027651515151514 0.004980645161290323 0.007140151515151515
1 0.543458064516129 0.5597443181818182 0.0066129032258064515 0.009820075757575757
1 0.35888387096774194 0.38343750000000004 0.0052580645161290325 0.008541666666666666
1 0.7045870967741935 0.06306818181818181 0.006638709677419355 0.008579545454545454
1 0.3806129032258065 0.5898484848484848 0.006051612903225807 0.007007575757575758
1 0.3535161290322581 0.7080965909090909 0.0068258064516129036 0.008380681818181818
1 0.2095935483870968 0.519251893939394 0.008987096774193548 0.01009469696969697
1 0.3774387096774193 0.7410700757575758 0.007290322580645161 0.013873106060606061
1 0.6557612903225806 0.08268939393939394 0.006412903225806451 0.00684659090909091
1 0.2707548387096774 0.2728882575757576 0.005200000000000001 0.010170454545454545
1 0.5688451612903226 0.32161931818181816 0.0067741935483870966 0.007575757575757576
1 0.02386451612903226 0.6195833333333333 0.004696774193548387 0.007339015151515152
1 0.33520645161290324 0.2830965909090909 0.004232258064516129 0.006893939393939394
1 0.9404322580645161 0.7453693181818182 0.011116129032258065 0.01065340909090909
1 0.26489032258064515 0.8879924242424243 0.005238709677419354 0.006893939393939394
1 0.22729677419354838 0.394905303030303 0.005161290322580645 0.008181818181818182
1 0.8256838709677419 0.3253787878787879 0.004625806451612903 0.007367424242424243
1 0.7368193548387096 0.04360795454545454 0.006716129032258065 0.005956439393939394
1 0.5502903225806451 0.26285037878787876 0.007574193548387097 0.005634469696969697
1 0.32226451612903223 0.46514204545454546 0.004058064516129032 0.00728219696969697
1 0.23816129032258063 0.5618939393939394 0.00532258064516129 0.007907196969696969
1 0.5278322580645162 0.06884469696969697 0.005200000000000001 0.00881628787878788
1 0.2458516129032258 0.8399715909090909 0.004832258064516129 0.006164772727272727
1 0.46606451612903227 0.7396306818181818 0.006567741935483871 0.007689393939393939
1 0.6020516129032257 0.8034185606060605 0.005135483870967742 0.008541666666666666
1 0.9326193548387096 0.22360795454545454 0.004116129032258065 0.007575757575757576
1 0.13219999999999998 0.35889204545454545 0.005064516129032258 0.004763257575757576
1 0.7758774193548387 0.9388825757575758 0.005387096774193548 0.008882575757575758
1 0.5664064516129032 0.13482954545454545 0.005116129032258064 0.006458333333333333
1 0.02810967741935484 0.4963162878787879 0.005219354838709677 0.005359848484848485
1 0.31201290322580644 0.9231060606060606 0.004832258064516129 0.007253787878787879
1 0.3518064516129032 0.9360132575757575 0.006051612903225807 0.014640151515151516
1 0.9101548387096774 0.20856060606060606 0.005161290322580645 0.0057859848484848484
1 0.18591612903225807 0.06808712121212122 0.005845161290322581 0.006164772727272727
1 0.11047096774193547 0.7876515151515151 0.008283870967741936 0.006893939393939394
1 0.23779354838709676 0.08931818181818181 0.008032258064516129 0.011789772727272727
1 0.6704129032258065 0.5357291666666667 0.012483870967741936 0.016571969696969696
1 0.3584 0.2162689393939394 0.007903225806451614 0.010823863636363637
1 0.9316387096774194 0.6418087121212122 0.00452258064516129 0.006183712121212121
1 0.4375032258064516 0.951780303030303 0.004554838709677419 0.00778409090909091
1 0.21325806451612905 0.9381628787878789 0.007638709677419355 0.01381628787878788
1 0.43481290322580646 0.6790719696969697 0.007903225806451614 0.014583333333333334
1 0.5620129032258064 0.07794507575757575 0.007606451612903225 0.011884469696969697
1 0.2890645161290323 0.024924242424242425 0.00492258064516129 0.007660984848484848
1 0.5332 0.02893939393939394 0.004832258064516129 0.007537878787878788
1 0.9208967741935484 0.5325094696969698 0.006051612903225807 0.009024621212121211
1 0.3859870967741935 0.6475378787878787 0.009374193548387096 0.00881628787878788
1 0.7885741935483871 0.053882575757575754 0.007787096774193549 0.0156344696969697
1 0.166258064516129 0.7948200757575759 0.00564516129032258 0.006335227272727273
1 0.35888387096774194 0.9403125 0.005509677419354838 0.007253787878787879
1 0.8725612903225807 0.028825757575757577 0.007967741935483871 0.009195075757575758
1 0.9697290322580645 0.5099337121212121 0.013329032258064517 0.012585227272727272
1 0.6928709677419355 0.9804450757575757 0.01124516129032258 0.023248106060606063
1 0.04400645161290322 0.034583333333333334 0.004793548387096774 0.007660984848484848
1 0.017716129032258065 0.10992424242424242 0.0056903225806451616 0.005956439393939394
1 0.22888387096774193 0.1093844696969697 0.00452258064516129 0.0067424242424242425
1 0.4980451612903226 0.9668276515151515 0.007374193548387096 0.019261363636363635
1 0.1542967741935484 0.43610795454545453 0.004264516129032258 0.006818181818181819
1 0.15027096774193546 0.018390151515151516 0.005103225806451613 0.008087121212121212
1 0.9145483870967742 0.03709280303030303 0.005729032258064517 0.00877840909090909
1 0.2119161290322581 0.9911931818181818 0.005038709677419355 0.00731060606060606
1 0.3684064516129032 0.9195265151515152 0.012670967741935484 0.020719696969696968
1 0.026 0.1897443181818182 0.005425806451612903 0.0064867424242424235
1 0.3227548387096774 0.820625 0.01056774193548387 0.01365530303030303
1 0.555174193548387 0.01009469696969697 0.010245161290322581 0.01215909090909091
1 0.07043225806451613 0.9510606060606062 0.005 0.008058712121212121
1 0.25952258064516126 0.5790909090909091 0.009858064516129032 0.01612689393939394
1 0.6816387096774194 0.6969886363636364 0.016922580645161292 0.017831439393939393
1 0.5717741935483871 0.9209564393939393 0.009935483870967743 0.03482954545454545
1 0.9653290322580645 0.003674242424242424 0.007258064516129033 0.007140151515151515
1 0.6645483870967742 0.6905397727272727 0.008187096774193547 0.013873106060606061
1 0.31738064516129033 0.9618087121212121 0.020096774193548387 0.03160037878787879
0 0.3107935483870968 0.6468181818181817 0.021651612903225807 0.036458333333333336
1 0.13926451612903226 0.9544223484848485 0.006445161290322581 0.007642045454545455
1 0.03863870967741936 0.7970265151515151 0.004948387096774193 0.005208333333333333
1 0.14323225806451612 0.7293087121212121 0.005490322580645161 0.006382575757575758
1 0.17043225806451615 0.7193181818181819 0.004161290322580645 0.004668560606060606
1 0.18564516129032257 0.6858901515151514 0.004361290322580645 0.00481060606060606
1 0.19460645161290321 0.6496875000000001 0.004496774193548387 0.008106060606060606
1 0.15963870967741936 0.6470265151515151 0.0033225806451612906 0.005388257575757576
1 0.1442516129032258 0.682092803030303 0.004554838709677419 0.006789772727272728
1 0.1318709677419355 0.6631155303030303 0.004690322580645161 0.005369318181818182
1 0.10695483870967742 0.6483333333333333 0.005838709677419355 0.0027840909090909092
1 0.22959354838709678 0.6458049242424243 0.0027483870967741934 0.005549242424242424
1 0.2751096774193548 0.6217897727272728 0.0030838709677419355 0.005369318181818182
1 0.3056645161290322 0.6846496212121213 0.004329032258064516 0.0058049242424242425
1 0.16731612903225804 0.49959280303030307 0.006890322580645161 0.006401515151515151
1 0.21647096774193547 0.5100568181818181 0.004161290322580645 0.0060132575757575754
1 0.35157419354838715 0.48847537878787883 0.004741935483870968 0.005482954545454545
1 0.35247096774193554 0.4512973484848485 0.005270967741935484 0.006212121212121211
1 0.34736774193548386 0.3452651515151515 0.005793548387096775 0.007320075757575758
1 0.39980645161290324 0.3840435606060606 0.005225806451612903 0.004242424242424243
1 0.4778 0.34994318181818185 0.005225806451612903 0.0046401515151515155
1 0.46508387096774195 0.44070075757575755 0.004432258064516129 0.006335227272727273
1 0.4606903225806452 0.4438352272727273 0.00447741935483871 0.005198863636363637
1 0.5540129032258064 0.40907196969696974 0.005483870967741935 0.007954545454545455
1 0.6240451612903226 0.3981912878787879 0.004716129032258065 0.006590909090909091
1 0.6113290322580645 0.33519886363636364 0.003916129032258065 0.007594696969696969
1 0.5496322580645161 0.29920454545454545 0.00492258064516129 0.005113636363636364
1 0.2923741935483871 0.2883617424242424 0.004174193548387097 0.007528409090909091
1 0.30098709677419355 0.22041666666666665 0.0060451612903225805 0.006808712121212122
1 0.32536774193548385 0.20138257575757576 0.004090322580645161 0.005965909090909091
1 0.2961741935483871 0.19831439393939393 0.006432258064516129 0.006676136363636363
1 0.05872258064516129 0.1515719696969697 0.0039870967741935485 0.004289772727272727
1 0.12246451612903225 0.0044034090909090915 0.00735483870967742 0.008702651515151514
1 0.4724967741935484 0.04089962121212121 0.004058064516129032 0.006278409090909091
1 0.5863999999999999 0.006761363636363636 0.004309677419354839 0.007528409090909091
1 0.8250129032258064 0.33387310606060605 0.0057225806451612895 0.004507575757575757
1 0.7342387096774193 0.28963068181818186 0.004354838709677419 0.006136363636363637
1 0.6604 0.31003787878787875 0.0048258064516129035 0.00875
1 0.6742129032258064 0.5161742424242425 0.004425806451612903 0.005729166666666666
1 0.6868387096774193 0.5164204545454546 0.005651612903225806 0.005236742424242424
1 0.7292903225806452 0.5314772727272727 0.005129032258064516 0.004981060606060606
1 0.7128 0.48393939393939395 0.004851612903225807 0.006875
1 0.7329612903225806 0.4891382575757576 0.0058000000000000005 0.00553030303030303
1 0.762116129032258 0.4987121212121212 0.005380645161290322 0.008996212121212122
1 0.911458064516129 0.47571022727272727 0.005103225806451613 0.007073863636363636
1 0.9109935483870968 0.4832102272727273 0.0041806451612903224 0.003399621212121212
1 0.8119999999999999 0.6849242424242424 0.004593548387096774 0.009280303030303031
1 0.6972258064516129 0.6433333333333333 0.0064 0.005369318181818182
1 0.6591096774193549 0.6734943181818183 0.005574193548387097 0.006922348484848484
1 0.6671419354838709 0.595842803030303 0.004290322580645161 0.009318181818181817
1 0.9288322580645162 0.7738920454545455 0.004670967741935484 0.005426136363636364
1 0.8363741935483872 0.8749810606060606 0.0052580645161290325 0.008854166666666666
1 0.6537096774193548 0.9757386363636364 0.004832258064516129 0.007660984848484848
1 0.6512709677419355 0.9633333333333333 0.004703225806451613 0.007689393939393939
1 0.6400516129032259 0.8879829545454546 0.00527741935483871 0.0060416666666666665
1 0.665567741935484 0.8605113636363637 0.004858064516129032 0.007746212121212121
1 0.662341935483871 0.8030492424242424 0.0038193548387096773 0.006098484848484849
1 0.6121161290322581 0.8497537878787879 0.00492258064516129 0.009071969696969696
1 0.5339806451612903 0.9096969696969697 0.004361290322580645 0.005748106060606061
1 0.5591419354838709 0.9850378787878789 0.005264516129032258 0.008352272727272727
1 0.4810645161290322 0.8582954545454545 0.0061806451612903225 0.011250000000000001
1 0.5950129032258065 0.7542613636363636 0.005245161290322581 0.007897727272727273
1 0.5640000000000001 0.7826704545454546 0.004154838709677419 0.007073863636363636
1 0.5826838709677419 0.8356344696969696 0.004283870967741936 0.00668560606060606
1 0.49182580645161295 0.7561931818181817 0.0060451612903225805 0.006789772727272728
1 0.5162129032258065 0.712282196969697 0.005387096774193548 0.007414772727272727
1 0.503025806451613 0.6483806818181819 0.0033806451612903225 0.006808712121212122
1 0.563741935483871 0.6609753787878788 0.005664516129032258 0.009147727272727273
1 0.5406451612903226 0.6016287878787879 0.006864516129032258 0.006704545454545454
1 0.4738903225806451 0.6653219696969698 0.006038709677419355 0.006893939393939394
1 0.44447741935483875 0.630284090909091 0.006122580645161291 0.005378787878787879
1 0.4271935483870968 0.7375568181818182 0.004729032258064516 0.006287878787878788
1 0.2984903225806452 0.8464393939393939 0.003541935483870968 0.005842803030303031
1 0.418658064516129 0.9226799242424243 0.0052580645161290325 0.006164772727272727
1 0.5606 0.898655303030303 0.003896774193548387 0.006107954545454546
1 0.7136774193548387 0.9052556818181818 0.0037419354838709677 0.004782196969696969