1 0.011852497096399536 0.11893442622950819 0.010476190476190476 0.020011709601873536
1 0.07083623693379791 0.04279859484777517 0.009372822299651569 0.018899297423887587
1 0.1350580720092915 0.0944847775175644 0.007717770034843205 0.015562060889929742
1 0.10281068524970964 0.1939695550351288 0.007166085946573752 0.012224824355971897
1 0.18605110336817654 0.14117096018735364 0.009372822299651569 0.020011709601873536
1 0.24090592334494773 0.07892271662763467 0.007717770034843205 0.013337236533957846
1 0.24283391405342628 0.09837236533957847 0.009372822299651569 0.016674473067915693
1 0.24283391405342628 0.41461358313817326 0.010476190476190476 0.017786885245901638
1 0.41152148664343785 0.018337236533957847 0.00826945412311266 0.018899297423887587
1 0.34509291521486646 0.05279859484777518 0.009924506387921021 0.014449648711943795
1 0.37072590011614404 0.06781030444964871 0.004959349593495935 0.013337236533957846
1 0.3277293844367015 0.17118266978922717 0.007166085946573752 0.013337236533957846
1 0.9087688734030198 0.04001170960187354 0.009372822299651569 0.020011709601873536
1 0.9123519163763066 0.1167096018735363 0.007717770034843205 0.015562060889929742
1 0.7646109175377469 0.05446135831381733 0.006614401858304298 0.01111241217798595
1 0.7974099883855982 0.0900351288056206 0.007166085946573752 0.01111241217798595
1 0.6904645760743322 0.0844847775175644 0.004959349593495935 0.013337236533957846
1 0.6413995354239257 0.021674473067915694 0.00826945412311266 0.014449648711943795
1 0.9644425087108014 0.0055620608899297425 0.00826945412311266 0.01111241217798595
1 0.9793263646922185 0.6530444964871195 0.020394889663182345 0.047798594847775176
1 0.7695702671312428 0.656943793911007 0.013228803716608596 0.02667447306791569
1 0.8442682926829268 0.7430913348946137 0.00826945412311266 0.016674473067915693
1 0.6984552845528456 0.6547189695550352 0.009924506387921021 0.017786885245901638
1 0.6262427409988386 0.5563466042154567 0.007717770034843205 0.014449648711943795
1 0.5741463414634146 0.6180327868852459 0.007166085946573752 0.015562060889929742
1 0.6047444831591172 0.7186299765807963 0.012125435540069686 0.023337236533957844
1 0.5645005807200929 0.6624941451990632 0.009924506387921021 0.02223653395784543
1 0.5099245063879211 0.676943793911007 0.01102787456445993 0.015562060889929742
1 0.43164343786295006 0.6385948477751756 0.013228803716608596 0.025562060889929742
1 0.49035423925667826 0.6675058548009367 0.009372822299651569 0.021124121779859485
1 0.3982926829268293 0.6291569086651053 0.011573751451800233 0.020011709601873536
1 0.34619628339140535 0.6997306791569087 0.01102787456445993 0.018899297423887587
1 0.34206155632984897 0.7336416861826698 0.01267711962833914 0.02223653395784543
1 0.284732868757259 0.6235948477751756 0.00826945412311266 0.013337236533957846
1 0.22905342624854821 0.7041803278688524 0.009372822299651569 0.018899297423887587
1 0.10667247386759582 0.5663466042154567 0.011573751451800233 0.023337236533957844
1 0.07221835075493611 0.8787002341920375 0.012125435540069686 0.025562060889929742
1 0.1923925667828107 0.9153864168618268 0.012125435540069686 0.021124121779859485