1 0.054092202618099036 0.15410227272727275 0.010939100739897551 0.016988636363636362
1 0.21605577689243027 0.44532954545454545 0.009117814456459875 0.019420454545454546
1 0.29840637450199203 0.6400795454545455 0.017017643710870802 0.03034090909090909
1 0.06138303927148548 0.5339090909090909 0.008508821855435401 0.021840909090909088
1 0.3029652817302219 0.7043977272727273 0.009117814456459875 0.020624999999999998
1 0.2777404667046101 0.7462613636363636 0.00607854297097325 0.016988636363636362
1 0.042236767216846896 0.7929772727272728 0.011548093340922026 0.020624999999999998
1 0.3746784291405805 0.8311931818181819 0.009117814456459875 0.019420454545454546
1 0.4460899260102447 0.5788068181818182 0.008508821855435401 0.016988636363636362
1 0.5020034149117815 0.6061022727272727 0.009726807057484348 0.023056818181818182
0 0.6206659077973818 0.708034090909091 0.02248719408081958 0.04489772727272727
1 0.4688787706317587 0.36767045454545455 0.006687535571997723 0.016988636363636362
1 0.4384917472965281 0.327625 0.007899829254410929 0.016988636363636362
1 0.3831872509960159 0.39679545454545456 0.007899829254410929 0.012136363636363636
1 0.5913431986340353 0.34704545454545455 0.0072908366533864545 0.014556818181818183
1 0.6630563460443939 0.2718068181818182 0.00607854297097325 0.019420454545454546
1 0.8429482071713147 0.049147727272727273 0.015799658508821857 0.023056818181818182
1 0.799493454752419 0.012136363636363636 0.007899829254410929 0.014556818181818183
1 0.8633067729083664 0.124375 0.011548093340922026 0.02547727272727273
1 0.9483949914627205 0.14561363636363636 0.010330108138873079 0.024272727272727272
1 0.7782242458736482 0.3045681818181818 0.007899829254410929 0.019420454545454546
1 0.9532555492316448 0.42894318181818186 0.013978372225384178 0.023056818181818182
1 0.9441377347751849 0.5393636363636364 0.009117814456459875 0.018204545454545452
1 0.9398861696072852 0.5533181818181818 0.009117814456459875 0.014556818181818183
1 0.8611838360842344 0.3889090909090909 0.009726807057484348 0.020624999999999998
1 0.8010130904951622 0.39861363636363634 0.008508821855435401 0.018204545454545452
1 0.8399089356858281 0.41802272727272727 0.01458736482640865 0.027909090909090908
1 0.8529766647694935 0.5618181818181818 0.015196357427433124 0.024272727272727272
1 0.9681445645987479 0.8184545454545454 0.010939100739897551 0.023056818181818182
1 0.6472509960159363 0.5976136363636363 0.008508821855435401 0.018204545454545452
1 0.6992145702902675 0.576375 0.009117814456459875 0.014556818181818183