1 0.9094615384615384 0.15184279475982534 0.014706293706293706 0.01924890829694323
0 0.6031258741258742 0.9527685589519651 0.023335664335664332 0.03811353711790393
1 0.6183846153846153 0.9639737991266376 0.007181818181818182 0.01120524017467249
1 0.6861398601398601 0.9202620087336245 0.00627972027972028 0.01120524017467249
1 0.7588391608391609 0.8552489082969432 0.011664335664335664 0.024663755458515284
1 0.8149370629370629 0.8614148471615721 0.007181818181818182 0.012331877729257642
1 0.7785874125874127 0.8261048034934497 0.008076923076923077 0.00896943231441048
1 0.5035034965034965 0.7907947598253275 0.014356643356643358 0.025781659388646287
1 0.5591468531468532 0.5867947598253275 0.010769230769230769 0.01456768558951965
1 0.5712657342657342 0.7184978165938865 0.009874125874125873 0.01120524017467249
1 0.4684965034965035 0.6630131004366812 0.008972027972027972 0.01456768558951965
1 0.4895874125874126 0.6316244541484717 0.008076923076923077 0.007842794759825328
1 0.48510489510489513 0.6590917030567686 0.008076923076923077 0.00896943231441048
1 0.42855944055944056 0.6204192139737992 0.00627972027972028 0.01456768558951965
1 0.4756783216783217 0.6333100436681223 0.005384615384615384 0.00896943231441048
1 0.44471328671328675 0.6523668122270743 0.008076923076923077 0.00896943231441048
1 0.47523076923076923 0.45901310043668125 0.009874125874125873 0.012331877729257642
1 0.45683216783216785 0.4556506550218341 0.007181818181818182 0.007842794759825328
1 0.6210769230769231 0.4489082969432314 0.007181818181818182 0.010069868995633188
1 0.8916713286713286 0.7218427947598253 0.008076923076923077 0.01120524017467249
1 0.36348951048951045 0.836174672489083 0.007181818181818182 0.01120524017467249
1 0.5156153846153847 0.7806899563318778 0.009874125874125873 0.010087336244541485
1 0.06417482517482517 0.605825327510917 0.009874125874125873 0.010087336244541485
1 0.5919020979020979 0.7812489082969432 0.00627972027972028 0.00896943231441048
1 0.5914545454545455 0.8300087336244542 0.005384615384615384 0.012331877729257642
1 0.6129930069930071 0.8496244541484717 0.007181818181818182 0.01120524017467249
1 0.6412657342657343 0.8658777292576418 0.00627972027972028 0.010087336244541485
1 0.7723006993006993 0.9706812227074236 0.009874125874125873 0.013449781659388647
1 0.7498671328671328 0.8120698689956333 0.008076923076923077 0.010087336244541485
1 0.3904125874125874 0.7134323144104804 0.007181818181818182 0.010087336244541485
1 0.8916713286713286 0.5430567685589519 0.008076923076923077 0.010087336244541485
1 0.3257972027972028 0.5884541484716157 0.007181818181818182 0.00896943231441048
1 0.8673006993006993 0.6919388646288209 0.006902097902097902 0.008620087336244541
1 0.8181118881118882 0.6574497816593886 0.006902097902097902 0.008620087336244541
1 0.9881188811188811 0.4569868995633188 0.005174825174825175 0.008620087336244541
1 0.9833706293706294 0.29746724890829696 0.007769230769230769 0.010777292576419214
1 0.7576993006993007 0.2721397379912664 0.006902097902097902 0.00754585152838428
1 0.6157412587412587 0.3432751091703057 0.007769230769230769 0.011851528384279476
1 0.5458391608391608 0.26944978165938865 0.006041958041958042 0.00646288209606987
1 0.9303006993006993 0.055502183406113535 0.006902097902097902 0.00970305676855895
1 0.9160629370629371 0.0754410480349345 0.007769230769230769 0.010777292576419214
1 0.41293706293706295 0.03772052401746725 0.009489510489510489 0.008620087336244541
1 0.5121818181818182 0.04095196506550219 0.006041958041958042 0.00646288209606987
1 0.5182237762237761 0.09107423580786027 0.007769230769230769 0.011851528384279476
1 0.5475664335664335 0.16436681222707422 0.007769230769230769 0.00754585152838428
1 0.3374265734265734 0.10831441048034934 0.012083916083916084 0.014008733624454147
1 0.3080839160839161 0.09700436681222707 0.006902097902097902 0.008620087336244541
1 0.3771258741258741 0.23980786026200873 0.006902097902097902 0.00970305676855895
1 0.44486713286713286 0.1228646288209607 0.007769230769230769 0.008620087336244541
1 0.43581118881118885 0.15358951965065504 0.006902097902097902 0.00754585152838428
1 0.4737762237762238 0.14118777292576418 0.010356643356643358 0.019397379912663756
1 0.4729160839160839 0.24519650655021835 0.005174825174825175 0.00970305676855895
1 0.1562027972027972 0.06520524017467248 0.00862937062937063 0.00970305676855895
1 0.20884615384615382 0.13310917030567684 0.015531468531468532 0.02263755458515284
1 0.053503496503496506 0.06790393013100436 0.010356643356643358 0.010777292576419214
1 0.07723776223776224 0.08245414847161572 0.012944055944055946 0.011851528384279476
1 0.10053846153846155 0.24250655021834064 0.006041958041958042 0.010777292576419214
1 0.148 0.2592052401746725 0.007769230769230769 0.00970305676855895
1 0.22437762237762238 0.28561572052401746 0.00862937062937063 0.008620087336244541
1 0.26234965034965035 0.20154585152838428 0.006902097902097902 0.008620087336244541
1 0.2597622377622377 0.27914410480349344 0.005174825174825175 0.008620087336244541
1 0.27831468531468534 0.29262008733624456 0.006041958041958042 0.00970305676855895
1 0.4625594405594406 0.3804628820960699 0.005174825174825175 0.008620087336244541
1 0.14066433566433567 0.31148471615720524 0.00862937062937063 0.008620087336244541
1 0.18813286713286712 0.35243668122270744 0.00862937062937063 0.008620087336244541
1 0.170006993006993 0.3562096069868996 0.006902097902097902 0.00754585152838428
1 0.2355944055944056 0.31363318777292576 0.005174825174825175 0.00646288209606987
1 0.2084125874125874 0.3939301310043668 0.006041958041958042 0.00754585152838428
1 0.2179020979020979 0.45213100436681225 0.007769230769230769 0.00970305676855895
1 0.16310489510489512 0.4758427947598254 0.005174825174825175 0.00754585152838428
1 0.1203846153846154 0.41171179039301314 0.018125874125874127 0.03233187772925764
1 0.06213286713286713 0.3486637554585153 0.006902097902097902 0.00970305676855895
1 0.10441958041958041 0.3303406113537118 0.006902097902097902 0.00970305676855895
1 0.1165034965034965 0.3281834061135371 0.005174825174825175 0.00754585152838428
1 0.15145454545454545 0.3545938864628821 0.006041958041958042 0.00646288209606987
1 0.04185314685314685 0.42518777292576415 0.007769230769230769 0.00970305676855895
1 0.042720279720279725 0.39177292576419215 0.006041958041958042 0.00754585152838428
1 0.08111888111888112 0.4720698689956332 0.010356643356643358 0.012934497816593888
1 0.0547972027972028 0.49901310043668123 0.007769230769230769 0.008620087336244541
1 0.13117482517482518 0.5324279475982533 0.006902097902097902 0.008620087336244541
1 0.2563076923076923 0.50764192139738 0.006902097902097902 0.008620087336244541
1 0.20366433566433567 0.4817729257641921 0.006902097902097902 0.00646288209606987
1 0.22006293706293706 0.6240436681222707 0.00862937062937063 0.010777292576419214
1 0.24595104895104894 0.6569170305676856 0.010356643356643358 0.00754585152838428
1 0.2903916083916084 0.7102620087336244 0.007769230769230769 0.010777292576419214
1 0.2097062937062937 0.6876331877729258 0.00862937062937063 0.010777292576419214
1 0.33397902097902094 0.6703842794759826 0.006902097902097902 0.008620087336244541
1 0.47248251748251746 0.8282794759825327 0.006041958041958042 0.00970305676855895
1 0.5423846153846154 0.8546899563318777 0.006041958041958042 0.008620087336244541
1 0.5704335664335665 0.8094235807860262 0.006902097902097902 0.010777292576419214
1 0.41639160839160844 0.826122270742358 0.007769230769230769 0.00970305676855895
1 0.32750349650349647 0.7954061135371179 0.007769230769230769 0.010777292576419214
1 0.20151048951048953 0.8148122270742358 0.007769230769230769 0.010777292576419214
1 0.1354895104895105 0.762 0.005174825174825175 0.008620087336244541
1 0.24983216783216783 0.932829694323144 0.007769230769230769 0.011851528384279476
1 0.3085174825174825 0.9069606986899563 0.007769230769230769 0.011851528384279476
1 0.36547552447552445 0.9851004366812227 0.007769230769230769 0.008620087336244541
1 0.16137762237762238 0.9064192139737991 0.00862937062937063 0.012934497816593888
1 0.19244755244755243 0.9166637554585152 0.00862937062937063 0.00970305676855895
1 0.18855944055944054 0.8837903930131005 0.011216783216783216 0.008620087336244541
1 0.2614825174825175 0.925825327510917 0.005174825174825175 0.008620087336244541
1 0.2895314685314685 0.9807860262008734 0.007769230769230769 0.010777292576419214
1 0.06817482517482518 0.9064192139737991 0.010356643356643358 0.010777292576419214
1 0.01769230769230769 0.8234323144104804 0.006041958041958042 0.008620087336244541
1 0.03279020979020979 0.9198951965065502 0.006902097902097902 0.00970305676855895
1 0.040993006993006995 0.9527685589519651 0.011216783216783216 0.010777292576419214
1 0.018986013986013985 0.9306724890829693 0.006902097902097902 0.00754585152838428
1 0.26234965034965035 0.7361310043668122 0.006902097902097902 0.008620087336244541
1 0.23947552447552448 0.8202008733624454 0.007769230769230769 0.008620087336244541
1 0.18986013986013986 0.8471441048034934 0.006902097902097902 0.008620087336244541
1 0.26234965034965035 0.7867860262008733 0.006902097902097902 0.008620087336244541
1 0.4012867132867133 0.8676244541484716 0.006902097902097902 0.00646288209606987
1 0.03538461538461538 0.5771528384279476 0.006902097902097902 0.00754585152838428
1 0.055230769230769236 0.6838602620087336 0.006902097902097902 0.00970305676855895
1 0.057818181818181824 0.7021834061135371 0.005174825174825175 0.00970305676855895
1 0.0975174825174825 0.8713973799126637 0.010356643356643358 0.00970305676855895
1 0.2506993006993007 0.6660786026200873 0.006041958041958042 0.00646288209606987
1 0.2381818181818182 0.7684628820960698 0.006902097902097902 0.00646288209606987
1 0.2645034965034965 0.7571441048034934 0.004314685314685315 0.00754585152838428
1 0.26579720279720276 0.7792401746724891 0.005174825174825175 0.00646288209606987
1 0.30593006993006994 0.742593886462882 0.006041958041958042 0.00646288209606987
1 0.5385034965034965 0.6509868995633188 0.006902097902097902 0.008620087336244541
1 0.19244755244755243 0.9457641921397381 0.006902097902097902 0.005388646288209607
1 0.6726993006993007 0.19184279475982532 0.004314685314685315 0.00646288209606987