1 0.6506118143459916 0.6804430929626413 0.010028129395218003 0.01220677671589922
1 0.6487130801687764 0.7741963509991312 0.016849507735583684 0.021807124239791486
1 0.6294585091420535 0.807897480451781 0.012032348804500702 0.019826238053866203
1 0.4814205344585092 0.6393744569939183 0.008023909985935303 0.009913119026933101
1 0.4802180028129395 0.7722067767158992 0.007222222222222222 0.00793223284100782
1 0.40840365682137836 0.7855951346655082 0.004817158931082982 0.00892267593397046
1 0.4413009845288326 0.7999652476107733 0.006420534458509142 0.0059513466550825365
1 0.4509282700421941 0.8148392701998263 0.006420534458509142 0.009913119026933101
1 0.40760196905766527 0.6988531711555169 0.008023909985935303 0.009913119026933101
1 0.7413853727144867 0.6988531711555169 0.009627285513361462 0.00793223284100782
1 0.7470042194092827 0.6438401390095568 0.008023909985935303 0.00892267593397046
1 0.7915330520393811 0.5828757602085143 0.007222222222222222 0.00793223284100782
1 0.8693670886075949 0.6155864465682015 0.013642756680731363 0.009913119026933101
1 0.8481012658227848 0.642354474370113 0.009627285513361462 0.009913119026933101
1 0.8308509142053446 0.7097567332754127 0.010428973277074543 0.011894005212858383
1 0.5853305203938115 0.522406602953953 0.008825597749648383 0.013874891398783666
1 0.5781082981715894 0.5372719374456993 0.008825597749648383 0.009913119026933101
1 0.525548523206751 0.5417376194613379 0.008023909985935303 0.006941789748045178
1 0.5556399437412096 0.4782971329278888 0.007222222222222222 0.006941789748045178
1 0.6431012658227848 0.4044396177237185 0.008825597749648383 0.00793223284100782
1 0.779901547116737 0.45549087749782796 0.006420534458509142 0.010903562119895743
1 0.44691983122362866 0.42823631624674197 0.008023909985935303 0.009913119026933101
1 0.45574542897327713 0.45400521285838397 0.006420534458509142 0.009913119026933101
1 0.470590717299578 0.4877150304083406 0.005618846694796062 0.0059513466550825365
1 0.4806188466947961 0.5020851433536055 0.004817158931082982 0.00892267593397046
1 0.4689873417721519 0.5670112945264987 0.008825597749648383 0.009913119026933101
1 0.5468143459915612 0.6577150304083406 0.007222222222222222 0.00892267593397046
1 0.5415963431786216 0.6487923544743701 0.006420534458509142 0.00892267593397046
1 0.5841209563994374 0.6141007819287576 0.008023909985935303 0.006941789748045178
1 0.5383895921237694 0.70876629018245 0.006420534458509142 0.009913119026933101
1 0.5632630098452883 0.7335534317984362 0.006420534458509142 0.00793223284100782
1 0.5865330520393811 0.8197914856646394 0.006420534458509142 0.011894005212858383
1 0.5909423347398032 0.34893136403127717 0.008825597749648383 0.009913119026933101
1 0.36668073136427565 0.4480625543006082 0.006420534458509142 0.009913119026933101
1 0.36187060478199723 0.43616854908774977 0.008023909985935303 0.00793223284100782
1 0.7474050632911392 0.7811294526498697 0.005618846694796062 0.009913119026933101
1 0.8180168776371308 0.8450651607298001 0.007222222222222222 0.006941789748045178
1 0.37872011251758086 0.6934057341442225 0.008023909985935303 0.00892267593397046
1 0.3899507735583685 0.6487923544743701 0.006420534458509142 0.006941789748045178
1 0.32736286919831226 0.6056733275412685 0.009627285513361462 0.009913119026933101
1 0.3586568213783404 0.5040660295395308 0.004817158931082982 0.00892267593397046
1 0.3759071729957806 0.7588271068635969 0.008825597749648383 0.010903562119895743
1 0.3377988748241913 0.79501303214596 0.008023909985935303 0.009913119026933101
1 0.36949367088607593 0.8683666377063424 0.008825597749648383 0.009913119026933101
1 0.5111111111111111 0.7365247610773241 0.008023909985935303 0.00793223284100782
1 0.37831926863572435 0.7097567332754127 0.010428973277074543 0.009913119026933101
1 0.25555555555555554 0.7097567332754127 0.007222222222222222 0.011894005212858383
1 0.20661040787623067 0.6725890529973936 0.012032348804500702 0.010903562119895743
1 0.2724050632911392 0.7608079930495222 0.010428973277074543 0.006941789748045178
1 0.2499367088607595 0.8361511728931363 0.005618846694796062 0.006941789748045178
1 0.26959915611814345 0.8698523023457864 0.004817158931082982 0.00892267593397046
1 0.2920604781997187 0.8376368375325803 0.006420534458509142 0.011894005212858383
1 0.3245569620253164 0.8083927019982624 0.005618846694796062 0.006941789748045178
1 0.32937412095639945 0.3479409209383145 0.013642756680731363 0.01586446568201564
1 0.3518354430379747 0.3623110338835795 0.008825597749648383 0.00892267593397046
1 0.4292686357243319 0.32712423979148564 0.006420534458509142 0.00793223284100782
1 0.4429043600562588 0.3737098175499565 0.006420534458509142 0.00793223284100782
1 0.5159212376933896 0.3563683753258037 0.006420534458509142 0.00892267593397046
1 0.47139240506329116 0.3672719374456994 0.007222222222222222 0.006941789748045178
1 0.5042897327707454 0.39800173761946134 0.005618846694796062 0.006941789748045178
1 0.47660337552742615 0.6641615986099044 0.006420534458509142 0.0059513466550825365
1 0.46256680731364275 0.6393744569939183 0.005618846694796062 0.0059513466550825365
1 0.26798874824191277 0.5511555169417898 0.004817158931082982 0.0059513466550825365
1 0.21142053445850914 0.4589661164205039 0.005618846694796062 0.0059513466550825365
1 0.2318846694796062 0.5233970460469157 0.008023909985935303 0.00793223284100782
1 0.5580450070323488 0.8510165073848827 0.005618846694796062 0.006941789748045178
1 0.6166174402250352 0.8748045178105994 0.005618846694796062 0.006941789748045178
1 0.1861462728551336 0.4738314509122502 0.006420534458509142 0.011894005212858383
1 0.19618143459915613 0.5357862728062555 0.007222222222222222 0.012884448305821024
1 0.17331223628691983 0.8034317984361424 0.009627285513361462 0.00892267593397046
1 0.4267791842475387 0.9415725456125109 0.013185654008438819 0.021720243266724587
1 0.4210618846694796 0.9812163336229367 0.005274261603375527 0.007602085143353606
1 0.3555766526019691 0.9768722849695918 0.007911392405063292 0.009774109470026065
1 0.3010759493670886 0.9317984361424848 0.004395218002812939 0.006516072980017376
1 0.14021097046413503 0.9556907037358818 0.014943741209563995 0.01954821894005213
1 0.08526722925457103 0.8269939183318853 0.01230661040787623 0.014118158123370982
1 0.08043600562587903 0.8617463075586447 0.014943741209563995 0.014118158123370982
1 0.008790436005625879 0.8427454387489139 0.01230661040787623 0.015204170286707211
1 0.11647679324894515 0.725994787141616 0.007911392405063292 0.009774109470026065
1 0.06856540084388185 0.9600347523892268 0.010548523206751054 0.015204170286707211
1 0.044395218002812945 0.9622067767158993 0.006153305203938115 0.006516072980017376
1 0.1129606188466948 0.8742397914856647 0.009669479606188467 0.013032145960034752
1 0.18020393811533053 0.8970460469157254 0.007032348804500703 0.008688097306689836
1 0.13625175808720114 0.8574022589052998 0.005274261603375527 0.009774109470026065
1 0.6417018284106891 0.921485664639444 0.007032348804500703 0.009774109470026065
1 0.13933192686357243 0.9855603822762816 0.007911392405063292 0.007602085143353606
1 0.05845991561181434 0.7786707211120765 0.006153305203938115 0.006516072980017376
1 0.021540084388185655 0.5402867072111208 0.009669479606188467 0.009774109470026065
1 0.2109704641350211 0.8519721980886186 0.005274261603375527 0.007602085143353606
1 0.2140506329113924 0.8774978279756733 0.004395218002812939 0.006516072980017376
1 0.19075246132208157 0.8498001737619462 0.007032348804500703 0.007602085143353606
1 0.19163150492264416 0.8237358818418766 0.005274261603375527 0.005430060816681147
1 0.17668776371308018 0.7868114682884448 0.008790436005625879 0.009774109470026065
1 0.14064697609001406 0.6624674196350999 0.007032348804500703 0.008688097306689836
1 0.10636427566807313 0.6233709817549956 0.007032348804500703 0.008688097306689836
1 0.9535864978902954 0.47371850564726325 0.01080168776371308 0.011442224152910513
1 0.9335232067510548 0.43845351867940924 0.004627285513361463 0.00953084274543875
1 0.7522222222222222 0.4980278019113814 0.006174402250351617 0.008575152041702866
1 0.7418073136427566 0.5175673327541269 0.00540084388185654 0.0057167680278019115
1 0.7094022503516174 0.5051694178974805 0.00540084388185654 0.0057167680278019115
1 0.7317721518987341 0.511372719374457 0.00540084388185654 0.006672458731537793
1 0.5905907172995781 0.6009643788010426 0.00540084388185654 0.006672458731537793
1 0.48990857946554145 0.7162988705473502 0.006174402250351617 0.006672458731537793
1 0.4875949367088608 0.722015638575152 0.006174402250351617 0.006672458731537793
1 0.35874824191279886 0.8001737619461338 0.006174402250351617 0.006672458731537793
1 0.5662869198312236 0.9107384882710686 0.006174402250351617 0.006672458731537793
1 0.8262869198312236 0.9879496090356213 0.009261603375527425 0.01048653344917463
1 0.6955133614627286 0.9169331016507386 0.006940928270042193 0.00953084274543875
1 0.505337552742616 0.9217028670721114 0.007714486638537272 0.00953084274543875
1 0.25382559774964836 0.5790443092962642 0.007714486638537272 0.008575152041702866
1 0.20869198312236287 0.6100173761946134 0.006940928270042193 0.007628149435273675
1 0.33946554149085795 0.7234491746307559 0.006174402250351617 0.007628149435273675
1 0.28353023909985936 0.9836576889661165 0.00540084388185654 0.0057167680278019115
1 0.11842475386779185 0.6400434404865335 0.00540084388185654 0.006672458731537793
1 0.13732770745428974 0.6467158992180713 0.007714486638537272 0.008575152041702866
1 0.17474683544303798 0.6352823631624674 0.00540084388185654 0.006672458731537793
1 0.2989592123769339 0.6591051259774109 0.00540084388185654 0.006672458731537793
1 0.21255274261603377 0.7515638575152042 0.00540084388185654 0.004769765421372719
1 0.23954992967651195 0.8068462206776715 0.00540084388185654 0.006672458731537793
1 0.17628691983122363 0.8125629887054735 0.00540084388185654 0.006672458731537793
1 0.6264627285513362 0.7434665508253693 0.006174402250351617 0.007628149435273675
1 0.09104078762306611 0.3235968722849696 0.013888888888888888 0.01048653344917463
1 0.11341068917018285 0.2845178105994787 0.007714486638537272 0.008575152041702866
1 0.30552039381153306 0.3202606429192007 0.006174402250351617 0.00953084274543875
1 0.299732770745429 0.36791485664639445 0.010028129395218003 0.013344917463075586
1 0.3749507735583685 0.29261511728931366 0.006174402250351617 0.007628149435273675
1 0.44246132208157524 0.3035794960903562 0.008488045007032348 0.01048653344917463
1 0.39886779184247545 0.4012771503040834 0.006174402250351617 0.007628149435273675
1 0.007327707454289733 0.3283666377063423 0.006940928270042193 0.008575152041702866
1 0.05940928270042194 0.32645525629887057 0.006174402250351617 0.008575152041702866
1 0.265014064697609 0.1615638575152042 0.010028129395218003 0.014300608166811469
1 0.2715682137834037 0.19349261511728932 0.007714486638537272 0.00953084274543875
1 0.28353023909985936 0.18586446568201564 0.00540084388185654 0.007628149435273675
1 0.41159634317862165 0.15155516941789748 0.006940928270042193 0.00953084274543875
1 0.03549226441631505 0.24258036490008686 0.007714486638537272 0.008575152041702866
1 0.02314345991561181 0.13344048653344917 0.007714486638537272 0.007628149435273675
1 0.2013642756680731 0.14536055603822762 0.007714486638537272 0.008575152041702866
1 0.1751336146272855 0.14582971329278888 0.006174402250351617 0.007628149435273675
1 0.4586638537271449 0.12295395308427455 0.006940928270042193 0.00953084274543875
1 0.35952180028129394 0.12820156385751522 0.006174402250351617 0.008575152041702866
1 0.26192686357243317 0.12200695047784536 0.010028129395218003 0.00953084274543875
1 0.4362869198312236 0.2044483058210252 0.0038607594936708864 0.006672458731537793
1 0.4386005625879044 0.23447437011294525 0.006940928270042193 0.00953084274543875
1 0.5061111111111112 0.1539357080799305 0.006174402250351617 0.008575152041702866
1 0.5419831223628693 0.23686359687228498 0.006940928270042193 0.008575152041702866
1 0.6422784810126583 0.25019982623805387 0.010028129395218003 0.01048653344917463
1 0.6276230661040788 0.14821894005212857 0.006940928270042193 0.01048653344917463
1 0.6484528832630099 0.2764118158123371 0.006940928270042193 0.00953084274543875
1 0.46367791842475387 0.29738488271068636 0.004627285513361463 0.0057167680278019115
1 0.4659915611814346 0.3040573414422242 0.004627285513361463 0.0057167680278019115
1 0.29433192686357246 0.6243179843614248 0.010028129395218003 0.011442224152910513
1 0.2970323488045007 0.38698523023457865 0.006174402250351617 0.00953084274543875
1 0.2889310829817159 0.44750651607298003 0.00540084388185654 0.006672458731537793
1 0.3267369901547117 0.07720243266724587 0.014655414908579465 0.01524761077324066
1 0.06518987341772152 0.034787141615986096 0.006940928270042193 0.008575152041702866
1 0.30243319268635727 0.07768027801911381 0.009261603375527425 0.01048653344917463
1 0.35373417721518985 0.020017376194613377 0.00540084388185654 0.007628149435273675
1 0.4216315049226441 0.0910251954821894 0.006940928270042193 0.01048653344917463
1 0.5608860759493671 0.08864465682015639 0.007714486638537272 0.00953084274543875
1 0.5408298171589311 0.14821894005212857 0.006174402250351617 0.008575152041702866
1 0.33676511954992966 0.10532580364900088 0.00540084388185654 0.006672458731537793
1 0.7749789029535865 0.22637706342311034 0.00540084388185654 0.008575152041702866
1 0.8305274261603376 0.3631537793223284 0.00540084388185654 0.0057167680278019115
1 0.8297538677918426 0.3845960034752389 0.006940928270042193 0.008575152041702866
1 0.8451898734177214 0.027645525629887056 0.006940928270042193 0.00953084274543875
1 0.8602320675105485 0.11199826238053866 0.006174402250351617 0.01048653344917463
1 0.8845358649789029 0.10055603822762814 0.00540084388185654 0.008575152041702866
1 0.9072925457102673 0.12390964378801043 0.01080168776371308 0.011442224152910513
1 0.9516526019690577 0.1992093831450912 0.006940928270042193 0.007628149435273675
1 0.9076793248945147 0.2954821894005213 0.00540084388185654 0.007628149435273675
1 0.5261673699015471 0.6705473501303214 0.004627285513361463 0.006672458731537793
1 0.2627004219409283 0.687228496959166 0.00540084388185654 0.00953084274543875
1 0.2966455696202532 0.23972198088618593 0.008488045007032348 0.01048653344917463