1 0.750890188434048 0.28222953904045156 0.014723846653671215 0.016952022577610536
1 0.7537296946068875 0.45648165569143934 0.011111111111111112 0.010658513640639699
0 0.9116894087069525 0.3411100658513641 0.03024041585445094 0.046613358419567257
0 0.34779727095516566 0.2394073377234243 0.018538011695906433 0.029661335841956727
1 0.8829109811565952 0.2662464722483537 0.009753086419753086 0.015540921919096895
1 0.8316894087069526 0.524722483537159 0.008778427550357374 0.018363123236124178
1 0.8975438596491228 0.47882408278457195 0.009753086419753086 0.01412041392285983
1 0.6653541260558804 0.47458137347130763 0.009753086419753086 0.01412041392285983
1 0.7312085769980506 0.5402634054562558 0.008778427550357374 0.01270931326434619
1 0.7692527615334633 0.642662276575729 0.0068291098115659515 0.008476011288805268
1 0.8263287849252762 0.8319379115710254 0.01170890188434048 0.01412041392285983
1 0.85364522417154 0.8686547507055503 0.007803768680961663 0.01129821260583255
1 0.8033983105912931 0.11864534336782691 0.0068291098115659515 0.01129821260583255
1 0.6302339181286549 0.709755409219191 0.009753086419753086 0.015540921919096895
1 0.5116959064327485 0.16243650047036687 0.0068291098115659515 0.01129821260583255
1 0.5590123456790124 0.6242991533396048 0.007803768680961663 0.01412041392285983
1 0.4575503573749187 0.5550893697083725 0.007803768680961663 0.01412041392285983
1 0.7443794671864846 0.11087488240827846 0.01170890188434048 0.009887111947318908
1 0.726816114359974 0.12287864534336783 0.00585445094217024 0.01129821260583255
1 0.8248602988953866 0.2471777986829727 0.0068291098115659515 0.008476011288805268
1 0.886809616634178 0.23799623706491063 0.007803768680961663 0.009887111947318908
1 0.5277972709551657 0.3651175917215428 0.007803768680961663 0.01270931326434619
1 0.17316439246263807 0.27472248353715895 0.008778427550357374 0.01270931326434619
1 0.2658479532163743 0.5197836312323613 0.008778427550357374 0.01412041392285983
1 0.2956010396361274 0.5805174035747883 0.007803768680961663 0.008476011288805268
1 0.6502339181286549 0.4774129821260583 0.0068291098115659515 0.01129821260583255
1 0.4795061728395062 0.41666980244590784 0.0068291098115659515 0.01129821260583255
1 0.5248667966211826 0.5522671683913452 0.00585445094217024 0.008476011288805268
1 0.5409681611435997 0.5939322671683913 0.0068291098115659515 0.009887111947318908
1 0.9658349577647823 0.761307619943556 0.009753086419753086 0.01412041392285983
1 0.9658349577647823 0.8192191909689558 0.007803768680961663 0.01129821260583255
1 0.7512085769980507 0.8079209783631233 0.009753086419753086 0.01412041392285983
1 0.7058414554905783 0.7528316086547507 0.0068291098115659515 0.01129821260583255
1 0.7316959064327485 0.7690780809031044 0.00585445094217024 0.009887111947318908
1 0.9024236517218973 0.696340545625588 0.007803768680961663 0.01129821260583255
1 0.7751072124756336 0.9046754468485418 0.004879792072774529 0.009887111947318908
1 0.6053541260558805 0.932925682031985 0.012683560753736191 0.018363123236124178
1 0.5873034437946719 0.9505832549388523 0.007803768680961663 0.01129821260583255
1 0.5292592592592592 0.8573565380997178 0.008778427550357374 0.01412041392285983
1 0.5146263807667316 0.7909689557855126 0.008778427550357374 0.01129821260583255
1 0.5043794671864847 0.6928033866415805 0.007803768680961663 0.009887111947318908
1 0.5677972709551657 0.7711947318908748 0.007803768680961663 0.008476011288805268
1 0.5556010396361274 0.7923894637817497 0.004879792072774529 0.008476011288805268
1 0.5102339181286549 0.9117403574788334 0.00585445094217024 0.009887111947318908
1 0.5634048083170891 0.9279774223894638 0.004879792072774529 0.008476011288805268
1 0.11072774528914879 0.6306585136406397 0.010734243014944769 0.009887111947318908
1 0.10780376868096166 0.6920978363123237 0.008778427550357374 0.01412041392285983
1 0.14 0.7415333960489181 0.014632878492527614 0.01412041392285983
1 0.17755685510071476 0.6687958607714016 0.007803768680961663 0.009887111947318908
1 0.021461988304093568 0.5452022577610536 0.007803768680961663 0.008476011288805268
1 0.3151137102014295 0.9195014111006584 0.01170890188434048 0.01412041392285983
1 0.2253606237816764 0.9406961429915335 0.007803768680961663 0.008476011288805268
1 0.36194282001299544 0.8135747883349013 0.01170890188434048 0.01412041392285983
1 0.3043859649122807 0.9032643461900282 0.009753086419753086 0.01270931326434619
1 0.4297465886939571 0.942107243650047 0.008778427550357374 0.016952022577610536
1 0.4707212475633529 0.8926716839134524 0.010734243014944769 0.01412041392285983
1 0.4912085769980507 0.9082031984948259 0.008778427550357374 0.01412041392285983
1 0.17755685510071476 0.9541110065851365 0.007803768680961663 0.01270931326434619
1 0.21512020792722547 0.8630103480714958 0.0068291098115659515 0.01129821260583255
1 0.15512020792722547 0.85241768579492 0.007803768680961663 0.009887111947318908
1 0.034632878492527615 0.9449294449670743 0.008778427550357374 0.01129821260583255
1 0.02341130604288499 0.965409219190969 0.00585445094217024 0.009887111947318908
1 0.1853606237816764 0.8863123236124176 0.00585445094217024 0.01270931326434619
1 0.18975308641975308 0.9138570084666039 0.0068291098115659515 0.008476011288805268
1 0.3673099415204678 0.6257196613358419 0.008778427550357374 0.01129821260583255
1 0.7507147498375568 0.9491627469426153 0.0068291098115659515 0.01412041392285983
1 0.9014489928525016 0.8255785512699906 0.00585445094217024 0.009887111947318908
1 0.8848213125406108 0.30428974600188147 0.009636127355425602 0.009661335841956727
1 0.8440480831708902 0.049369708372530574 0.009636127355425602 0.012878645343367827
1 0.8451591942820014 0.06493885230479775 0.007413905133203379 0.009661335841956727
1 0.6750162443144899 0.08049858889934149 0.006673164392462638 0.00858889934148636
1 0.04448343079922027 0.027911571025399814 0.007413905133203379 0.00858889934148636
1 0.10972059779077324 0.05474129821260583 0.005932423651721898 0.00858889934148636
1 0.060051981806367775 0.2232549388523048 0.005932423651721898 0.00858889934148636
1 0.011487979207277453 0.26672624647224835 0.006673164392462638 0.009661335841956727
1 0.069317738791423 0.2726340545625588 0.005191682910981156 0.00858889934148636
1 0.25280701754385965 0.11968015051740358 0.004450942170240416 0.007516462841015993
1 0.2720857699805068 0.3386453433678269 0.005932423651721898 0.009661335841956727
1 0.15605588044184535 0.1953527751646284 0.005191682910981156 0.006444026340545625
1 0.27393762183235865 0.15938852304797743 0.005191682910981156 0.009661335841956727
1 0.3035932423651722 0.23506114769520225 0.006673164392462638 0.00858889934148636
1 0.23723846653671216 0.3 0.004450942170240416 0.007516462841015993
1 0.21092267706302795 0.38962370649106304 0.006673164392462638 0.00858889934148636
1 0.4218388564002599 0.33595484477892756 0.004450942170240416 0.00858889934148636
1 0.5096946068875893 0.286585136406397 0.003703703703703704 0.006444026340545625
1 0.10230669265756984 0.43470366886171213 0.004450942170240416 0.00858889934148636
1 0.12640025990903184 0.739002822201317 0.006673164392462638 0.007516462841015993
1 0.35474333983105916 0.7481185324553151 0.005191682910981156 0.00858889934148636
1 0.3921832358674464 0.7733490122295391 0.004450942170240416 0.007516462841015993
1 0.4107212475633528 0.7524176857949201 0.00889538661468486 0.010733772342427093
1 0.4422287199480182 0.8602916274694261 0.005191682910981156 0.007516462841015993
1 0.42480181936322287 0.8871213546566321 0.004450942170240416 0.007516462841015993
1 0.46632228719948016 0.9332737535277517 0.004450942170240416 0.007516462841015993
1 0.5337881741390513 0.8436500470366886 0.004450942170240416 0.00858889934148636
1 0.2305653021442495 0.6708372530573847 0.004450942170240416 0.006444026340545625
1 0.11750487329434699 0.7293414863593602 0.005191682910981156 0.005362182502351835
1 0.2524366471734893 0.9359548447789275 0.005191682910981156 0.006444026340545625