1 0.8026069782751811 0.4133426183844011 0.013936800526662279 0.013036211699164345
1 0.38575378538512184 0.3253296193129062 0.024601711652402894 0.03346332404828226
1 0.14499012508229098 0.4430640668523677 0.01054641211323239 0.016109563602599814
1 0.14850559578670178 0.3662209842154132 0.008788676761026992 0.013630454967502321
1 0.05974983541803819 0.2813277623026927 0.007030941408821593 0.009916434540389972
1 0.0970967741935484 0.710761374187558 0.01142198815009875 0.013630454967502321
1 0.2056221198156682 0.7479387186629526 0.01054641211323239 0.013630454967502321
1 0.31941408821593154 0.7863602599814299 0.00966425279789335 0.011151346332404829
1 0.3317182356813693 0.5099907149489322 0.007906517445687952 0.008672237697307334
1 0.2719618169848585 0.5217641597028784 0.007906517445687952 0.007437325905292479
1 0.3620342330480579 0.7814020427112349 0.005273206056616195 0.008672237697307334
1 0.3075510204081633 0.8700185701021356 0.008788676761026992 0.012395543175487465
1 0.3207307439104674 0.9090529247910863 0.007030941408821593 0.011151346332404829
1 0.28030941408821597 0.9499535747446611 0.007030941408821593 0.011151346332404829
1 0.20825543120473994 0.9456174558960074 0.008788676761026992 0.009916434540389972
1 0.342258064516129 0.8743546889507892 0.006148782093482554 0.008672237697307334
1 0.4767017774851876 0.8662952646239555 0.01142198815009875 0.014874651810584958
1 0.46000658327847266 0.9456174558960074 0.007906517445687952 0.009916434540389972
1 0.664312047399605 0.8520427112349118 0.008788676761026992 0.008672237697307334
1 0.8712442396313365 0.7510399257195914 0.00966425279789335 0.009916434540389972
1 0.8163265306122449 0.7652924791086351 0.01054641211323239 0.013630454967502321
1 0.79963133640553 0.8254038997214485 0.007030941408821593 0.012395543175487465
1 0.934516129032258 0.8743546889507892 0.006148782093482554 0.008672237697307334
1 0.9257274522712311 0.9809377901578459 0.006148782093482554 0.011151346332404829
1 0.7201053324555629 0.4207520891364902 0.007906517445687952 0.008672237697307334
1 0.336550362080316 0.12950789229340762 0.007030941408821593 0.008672237697307334
1 0.6871560236998024 0.3278087279480037 0.007030941408821593 0.008672237697307334
1 0.5689664252797894 0.4207520891364902 0.006148782093482554 0.011151346332404829
1 0.5650164581961817 0.536016713091922 0.007030941408821593 0.011151346332404829
1 0.9327583936800526 0.254066852367688 0.004391046741277156 0.007437325905292479
1 0.9648321263989467 0.2943454038997214 0.005273206056616195 0.008672237697307334