1 0.6651178010471204 0.5766511194029851 0.015713350785340315 0.02137126865671642
0 0.6736780104712042 0.27340485074626864 0.025628272251308898 0.030988805970149254
0 0.03766361256544502 0.2811567164179104 0.028730366492146595 0.039850746268656714
1 0.3517670157068063 0.3416511194029851 0.06871727748691099 0.07695895522388059
1 0.1799738219895288 0.4780783582089552 0.01963350785340314 0.02332089552238806
1 0.20778795811518325 0.28568097014925375 0.013089005235602094 0.025652985074626867
1 0.1369502617801047 0.28580223880597017 0.010909685863874346 0.017882462686567166
1 0.06574607329842931 0.30057835820895523 0.009273560209424084 0.011669776119402986
1 0.11157722513089006 0.32390858208955225 0.00818717277486911 0.010111940298507463
1 0.1257657068062827 0.23564365671641793 0.006001308900523561 0.0062220149253731346
1 0.131217277486911 0.2539179104477612 0.006001308900523561 0.00855410447761194
1 0.14267670157068063 0.267919776119403 0.004908376963350785 0.00855410447761194
1 0.14267670157068063 0.2216417910447761 0.007094240837696335 0.007779850746268657
1 0.08675392670157069 0.19137126865671641 0.005458115183246073 0.006333955223880597
1 0.1369502617801047 0.19492537313432837 0.005458115183246073 0.006996268656716418
1 0.053468586387434555 0.255195895522388 0.010909685863874346 0.010886194029850747
1 0.04200916230366492 0.25402985074626866 0.009823298429319371 0.010111940298507463
1 0.04719240837696335 0.37846082089552235 0.007094240837696335 0.006996268656716418
1 0.0706544502617801 0.3765111940298507 0.0038219895287958114 0.0062220149253731346
1 0.08839005235602095 0.3590205223880597 0.006544502617801047 0.011669776119402986
1 0.15276832460732984 0.3100186567164179 0.004365183246073299 0.006996268656716418
1 0.14922774869109948 0.32168843283582094 0.0038219895287958114 0.005447761194029851
1 0.1568651832460733 0.3722388059701493 0.006001308900523561 0.010111940298507463
1 0.06983638743455498 0.2314738805970149 0.004365183246073299 0.006996268656716418
1 0.10912303664921466 0.383125 0.006544502617801047 0.00855410447761194
1 0.131217277486911 0.3850746268656717 0.004908376963350785 0.007779850746268657
1 0.19341623036649216 0.37767723880597015 0.004908376963350785 0.006996268656716418
1 0.21797120418848168 0.3625186567164179 0.006001308900523561 0.012444029850746269
1 0.19151178010471204 0.2419776119402985 0.004365183246073299 0.007779850746268657
1 0.22724476439790578 0.25636194029850745 0.004908376963350785 0.006996268656716418
1 0.23079188481675392 0.24314365671641788 0.004365183246073299 0.006996268656716418
1 0.24988874345549736 0.21825559701492536 0.005458115183246073 0.005447761194029851
1 0.23897905759162305 0.26763992537313436 0.005458115183246073 0.007779850746268657
1 0.04392015706806283 0.4721735074626866 0.007094240837696335 0.010886194029850747
1 0.08784031413612566 0.5363339552238806 0.007637434554973822 0.013218283582089553
1 0.18141361256544503 0.5367257462686568 0.007094240837696335 0.009328358208955223
1 0.308815445026178 0.35201492537313434 0.008730366492146598 0.014776119402985075
1 0.2812630890052356 0.3263526119402985 0.004908376963350785 0.006996268656716418
1 0.32109293193717275 0.3419123134328358 0.006001308900523561 0.00855410447761194
1 0.2995418848167539 0.388955223880597 0.012002617801047121 0.020223880597014927
1 0.294901832460733 0.41111940298507466 0.00818717277486911 0.013218283582089553
1 0.2831740837696335 0.43056902985074624 0.006544502617801047 0.006996268656716418
1 0.27280759162303664 0.4045149253731343 0.005458115183246073 0.010886194029850747
1 0.26653141361256544 0.40995335820895523 0.004908376963350785 0.0062220149253731346
1 0.33609947643979055 0.41967350746268656 0.004365183246073299 0.005447761194029851
1 0.3322774869109948 0.4511753731343284 0.004365183246073299 0.0062220149253731346
1 0.29408376963350785 0.43406716417910446 0.004365183246073299 0.0046641791044776115
1 0.3074541884816754 0.46634328358208954 0.004908376963350785 0.005447761194029851
1 0.27689790575916234 0.47333955223880597 0.004908376963350785 0.005447761194029851
1 0.28262434554973825 0.4834514925373134 0.008730366492146598 0.013218283582089553
1 0.35328534031413616 0.4247294776119403 0.009273560209424084 0.010886194029850747
1 0.35464659685863875 0.4371735074626866 0.007637434554973822 0.012444029850746269
1 0.33664267015706806 0.49122201492537315 0.005458115183246073 0.006996268656716418
1 0.3167277486910995 0.5013339552238806 0.004908376963350785 0.006996268656716418
1 0.33527486910994764 0.5184421641791045 0.006001308900523561 0.005447761194029851
1 0.2646204188481675 0.5161100746268656 0.004365183246073299 0.005447761194029851
1 0.20078534031413614 0.5106716417910449 0.004365183246073299 0.0038899253731343284
1 0.14458769633507854 0.46789179104477613 0.0032722513089005235 0.006996268656716418
1 0.15549738219895287 0.5021175373134328 0.004365183246073299 0.006996268656716418
1 0.2187892670157068 0.5553824626865672 0.006544502617801047 0.009328358208955223
1 0.2095157068062827 0.5487779850746268 0.0032722513089005235 0.005447761194029851
1 0.24852748691099477 0.5794962686567164 0.0038219895287958114 0.007779850746268657
1 0.2537107329842932 0.5896082089552238 0.005458115183246073 0.007779850746268657
1 0.3197251308900524 0.52 0.004365183246073299 0.005447761194029851
1 0.3265510471204189 0.560830223880597 0.006001308900523561 0.007779850746268657
1 0.3276374345549738 0.5728824626865672 0.004908376963350785 0.00855410447761194
1 0.3194568062827225 0.5950466417910447 0.0038219895287958114 0.0062220149253731346
1 0.34755235602094237 0.5954384328358209 0.004365183246073299 0.006996268656716418
1 0.2927225130890052 0.6082742537313434 0.006001308900523561 0.007779850746268657
1 0.29108638743455495 0.6001026119402985 0.006001308900523561 0.00855410447761194
1 0.3219109947643979 0.2439179104477612 0.005458115183246073 0.006996268656716418
1 0.16831806282722514 0.5966044776119402 0.004908376963350785 0.007779850746268657
1 0.4124803664921466 0.3489085820895522 0.006544502617801047 0.010111940298507463
1 0.4253010471204189 0.33063432835820894 0.007094240837696335 0.010886194029850747
1 0.40620418848167533 0.31779850746268656 0.004908376963350785 0.006996268656716418
1 0.41030104712041887 0.28863805970149253 0.007637434554973822 0.009328358208955223
1 0.3906544502617801 0.25169776119402987 0.005458115183246073 0.00855410447761194
1 0.38847513089005237 0.26375 0.005458115183246073 0.009328358208955223
1 0.42312172774869106 0.2855223880597015 0.004908376963350785 0.007779850746268657
1 0.43075916230366496 0.2933022388059702 0.004908376963350785 0.007779850746268657
1 0.44467277486911 0.2933022388059702 0.007637434554973822 0.014001865671641791
1 0.47004581151832464 0.2831902985074627 0.006001308900523561 0.009328358208955223
1 0.4367604712041885 0.3566884328358209 0.006001308900523561 0.006996268656716418
1 0.3772905759162304 0.5028917910447761 0.012545811518324608 0.013218283582089553
1 0.37428664921465965 0.516893656716418 0.005458115183246073 0.006996268656716418
1 0.44576570680628275 0.48578358208955225 0.006544502617801047 0.010111940298507463
1 0.47577225130890055 0.21863805970149253 0.006544502617801047 0.009328358208955223
1 0.4719568062827225 0.23458955223880595 0.005458115183246073 0.00855410447761194
1 0.44576570680628275 0.21902985074626866 0.005458115183246073 0.006996268656716418
1 0.3734685863874345 0.23069962686567164 0.01582460732984293 0.010111940298507463
1 0.38875 0.17398320895522387 0.007094240837696335 0.005550373134328358
1 0.38410994764397904 0.16392723880597013 0.005458115183246073 0.00855410447761194
1 0.3751047120418848 0.212919776119403 0.004908376963350785 0.005447761194029851
1 0.3723821989528796 0.1456436567164179 0.004908376963350785 0.009328358208955223
1 0.46267670157068064 0.16936567164179106 0.008730366492146598 0.011669776119402986
1 0.4067539267015707 0.5395522388059701 0.009273560209424084 0.00855410447761194
1 0.40920811518324607 0.5512220149253731 0.005458115183246073 0.006996268656716418
1 0.4233965968586388 0.5325559701492537 0.008730366492146598 0.010111940298507463
1 0.4029319371727748 0.5201119402985074 0.004908376963350785 0.006996268656716418
1 0.4258507853403142 0.4998880597014925 0.004908376963350785 0.006996268656716418
1 0.5011452879581152 0.4761660447761194 0.006001308900523561 0.0062220149253731346
1 0.09657068062827226 0.02994402985074627 0.01636780104712042 0.017882462686567166
1 0.12140052356020943 0.030718283582089553 0.007094240837696335 0.010111940298507463
1 0.08047774869109947 0.036548507462686564 0.007094240837696335 0.010886194029850747
1 0.16968586387434553 0.05871268656716418 0.004365183246073299 0.006996268656716418
1 0.17541230366492144 0.08515858208955225 0.004908376963350785 0.010111940298507463
1 0.1282198952879581 0.14076492537313434 0.005458115183246073 0.007779850746268657
1 0.02318717277486911 0.13337686567164178 0.004908376963350785 0.006996268656716418
1 0.06465314136125655 0.13959888059701492 0.004908376963350785 0.00855410447761194
1 0.20460732984293192 0.13998134328358208 0.004365183246073299 0.007779850746268657
1 0.21224476439790577 0.12443097014925372 0.004365183246073299 0.007779850746268657
1 0.20596858638743457 0.04355410447761194 0.004908376963350785 0.007779850746268657
1 0.23024869109947643 0.013610074626865672 0.005458115183246073 0.006996268656716418
1 0.26053010471204185 0.08126865671641792 0.00818717277486911 0.011669776119402986
1 0.21087696335078535 0.16526119402985073 0.004908376963350785 0.006996268656716418
1 0.1625916230366492 0.17575559701492538 0.004365183246073299 0.0062220149253731346
1 0.3019960732984293 0.06182835820895523 0.009273560209424084 0.011669776119402986
1 0.28971858638743453 0.030718283582089553 0.005458115183246073 0.006996268656716418
1 0.2839921465968586 0.0637686567164179 0.006001308900523561 0.009328358208955223
1 0.31345549738219897 0.040438432835820895 0.004908376963350785 0.007779850746268657
1 0.3298232984293194 0.0416044776119403 0.006001308900523561 0.010111940298507463
1 0.327369109947644 0.05521455223880597 0.005458115183246073 0.007779850746268657
1 0.3265510471204189 0.07310634328358209 0.004908376963350785 0.0062220149253731346
1 0.33636780104712044 0.054832089552238804 0.01036649214659686 0.014776119402985075
1 0.2981740837696335 0.11471082089552238 0.004908376963350785 0.006996268656716418
1 0.3251832460732984 0.12832089552238807 0.005458115183246073 0.0062220149253731346
1 0.3202748691099476 0.12987873134328357 0.004365183246073299 0.007779850746268657
1 0.31808900523560213 0.142705223880597 0.004365183246073299 0.006996268656716418
1 0.32 0.1738152985074627 0.004908376963350785 0.00855410447761194
1 0.41221204188481675 0.004281716417910447 0.004908376963350785 0.006996268656716418
1 0.3516492146596859 0.004281716417910447 0.006001308900523561 0.00855410447761194
1 0.26517015706806285 0.00310634328358209 0.007637434554973822 0.0062220149253731346
1 0.16777486910994766 0.0046641791044776115 0.004908376963350785 0.009328358208955223
1 0.40893324607329845 0.044328358208955226 0.006001308900523561 0.007779850746268657
1 0.3838350785340314 0.0326679104477612 0.004908376963350785 0.0062220149253731346
1 0.3620157068062827 0.02060634328358209 0.0038219895287958114 0.005447761194029851
1 0.370196335078534 0.07388059701492537 0.0038219895287958114 0.0062220149253731346
1 0.37128926701570686 0.05638059701492537 0.004908376963350785 0.006996268656716418
1 0.3805628272251309 0.10032649253731343 0.006001308900523561 0.007779850746268657
1 0.42039267015706805 0.13415111940298508 0.006001308900523561 0.00855410447761194
1 0.3906544502617801 0.1217070895522388 0.015274869109947645 0.02099813432835821
1 0.5082395287958116 0.02060634328358209 0.007094240837696335 0.011669776119402986
1 0.4850458115183246 0.028777985074626866 0.005458115183246073 0.009328358208955223
1 0.46540575916230364 0.05833022388059702 0.005458115183246073 0.012444029850746269
1 0.4506740837696335 0.1116044776119403 0.005458115183246073 0.00855410447761194
1 0.5098756544502618 0.09565298507462687 0.004908376963350785 0.007779850746268657
1 0.49295811518324606 0.14542910447761195 0.004908376963350785 0.007779850746268657
1 0.47904450261780107 0.14892723880597014 0.005458115183246073 0.010111940298507463
1 0.4850458115183246 0.1586473880597015 0.006544502617801047 0.0062220149253731346
1 0.5742539267015707 0.09254664179104477 0.007094240837696335 0.007779850746268657
1 0.5600719895287958 0.12365671641791046 0.004908376963350785 0.0062220149253731346
1 0.5750719895287958 0.0241044776119403 0.004365183246073299 0.0062220149253731346
1 0.6323625654450262 0.015942164179104476 0.006544502617801047 0.00855410447761194
1 0.6269044502617801 0.06726679104477612 0.004365183246073299 0.010111940298507463
1 0.622270942408377 0.0754384328358209 0.007094240837696335 0.010886194029850747
1 0.6457329842931937 0.09681902985074628 0.006001308900523561 0.010111940298507463
1 0.6056282722513089 0.14426305970149253 0.004365183246073299 0.00855410447761194
1 0.5892604712041885 0.1703171641791045 0.007637434554973822 0.0046641791044776115
1 0.7332984293193717 0.09487873134328358 0.005458115183246073 0.007779850746268657
1 0.7556740837696335 0.08788246268656716 0.004365183246073299 0.0062220149253731346
1 0.6563678010471203 0.15709888059701493 0.005458115183246073 0.0062220149253731346
1 0.64 0.15359141791044775 0.005458115183246073 0.010111940298507463
1 0.6408180628272251 0.14348880597014924 0.004908376963350785 0.00855410447761194
1 0.6612827225130891 0.14348880597014924 0.013095549738219896 0.02099813432835821
1 0.7212958115183247 0.17420708955223882 0.007637434554973822 0.009328358208955223
1 0.665098167539267 0.18042910447761193 0.004365183246073299 0.007779850746268657
1 0.6577356020942409 0.22203358208955226 0.006001308900523561 0.006996268656716418
1 0.6408180628272251 0.22942164179104477 0.004908376963350785 0.007779850746268657
1 0.601806282722513 0.23214552238805972 0.006544502617801047 0.006996268656716418
1 0.6179057591623036 0.24069962686567162 0.00818717277486911 0.006996268656716418
1 0.6165379581151833 0.26558768656716414 0.005458115183246073 0.005447761194029851
1 0.6244502617801047 0.28619402985074627 0.004908376963350785 0.007779850746268657
1 0.5939005235602094 0.2896921641791045 0.009273560209424084 0.013218283582089553
1 0.5368782722513089 0.2760820895522388 0.009823298429319371 0.01555037313432836
1 0.5109620418848168 0.2496455223880597 0.006001308900523561 0.007779850746268657
1 0.5360602094240838 0.24536380597014923 0.006001308900523561 0.00855410447761194
1 0.7431217277486911 0.11354477611940299 0.006544502617801047 0.0062220149253731346
1 0.7322120418848167 0.12987873134328357 0.006544502617801047 0.010886194029850747
1 0.7712238219895289 0.16215485074626868 0.006001308900523561 0.010111940298507463
1 0.7854057591623036 0.14309701492537313 0.004908376963350785 0.007779850746268657
1 0.8326047120418848 0.015942164179104476 0.004365183246073299 0.00855410447761194
1 0.8094109947643979 0.18431902985074627 0.006001308900523561 0.007779850746268657
1 0.8377879581151834 0.20648320895522387 0.004908376963350785 0.00855410447761194
1 0.834509162303665 0.2317537313432836 0.006001308900523561 0.007779850746268657
1 0.7742212041884816 0.24575559701492536 0.004365183246073299 0.0062220149253731346
1 0.770130890052356 0.26363805970149257 0.004908376963350785 0.0062220149253731346
1 0.7218455497382199 0.31574626865671646 0.005458115183246073 0.007779850746268657
1 0.6435471204188482 0.2966884328358209 0.006001308900523561 0.006996268656716418
1 0.6825589005235603 0.3161380597014925 0.01855366492146597 0.014776119402985075
1 0.8271465968586388 0.24225746268656714 0.004365183246073299 0.005447761194029851
1 0.8126897905759162 0.2916417910447761 0.009273560209424084 0.007779850746268657
1 0.8061387434554974 0.30174440298507466 0.006001308900523561 0.007779850746268657
1 0.8317866492146597 0.30446828358208955 0.006001308900523561 0.006996268656716418
1 0.8525196335078534 0.32313432835820893 0.009273560209424084 0.013218283582089553
1 0.7974083769633509 0.1205410447761194 0.00818717277486911 0.010886194029850747
1 0.8740706806282722 0.09721082089552238 0.004365183246073299 0.007779850746268657
1 0.8737958115183246 0.1924813432835821 0.006001308900523561 0.006996268656716418
1 0.8533376963350786 0.1959794776119403 0.004365183246073299 0.0062220149253731346
1 0.897532722513089 0.035 0.006544502617801047 0.007779850746268657
1 0.9111714659685863 0.032276119402985075 0.004365183246073299 0.005447761194029851
1 0.9335405759162304 0.0427705223880597 0.005458115183246073 0.007779850746268657
1 0.9207198952879581 0.05949626865671642 0.007094240837696335 0.010111940298507463
1 0.9804646596858639 0.09721082089552238 0.005458115183246073 0.007779850746268657
1 0.9564594240837696 0.13843283582089552 0.012002617801047121 0.014001865671641791
1 0.9512696335078534 0.16448694029850747 0.006001308900523561 0.006996268656716418
1 0.9269960732984294 0.18236940298507462 0.005458115183246073 0.005447761194029851
1 0.9493651832460733 0.18625932835820894 0.005458115183246073 0.006996268656716418
1 0.9422709424083769 0.215419776119403 0.004365183246073299 0.007779850746268657
1 0.9706413612565445 0.21853544776119405 0.005458115183246073 0.0062220149253731346
1 0.9897382198952879 0.16875932835820895 0.004365183246073299 0.007779850746268657
1 0.9864659685863874 0.16020522388059702 0.004365183246073299 0.0062220149253731346
1 0.9826439790575916 0.1567070895522388 0.006544502617801047 0.006996268656716418
1 0.9133507853403141 0.25275186567164176 0.01418848167539267 0.018666044776119405
1 0.91717277486911 0.2830783582089552 0.010909685863874346 0.018666044776119405
1 0.8904384816753926 0.2628638059701493 0.004365183246073299 0.007779850746268657
1 0.8814332460732984 0.2943563432835821 0.007094240837696335 0.011669776119402986
1 0.7900458115183246 0.3390764925373134 0.005458115183246073 0.010886194029850747
1 0.5502486910994764 0.23680970149253733 0.009273560209424084 0.019440298507462688
1 0.595261780104712 0.13610074626865673 0.004365183246073299 0.0062220149253731346
1 0.9943259162303665 0.36240671641791045 0.011354712041884818 0.021772388059701494
0 0.940359947643979 0.3939085820895522 0.019096858638743455 0.022555970149253732
1 0.8271465968586388 0.4545615671641791 0.007637434554973822 0.00855410447761194
1 0.5876243455497382 0.3837966417910448 0.005458115183246073 0.006996268656716418
1 0.8061387434554974 0.369794776119403 0.004908376963350785 0.006996268656716418
1 0.8972578534031413 0.3997388059701492 0.01582460732984293 0.020223880597014927
1 0.9070811518324607 0.42151119402985077 0.004908376963350785 0.009328358208955223
1 0.8200523560209424 0.3896268656716418 0.006544502617801047 0.007779850746268657
1 0.7979581151832461 0.387294776119403 0.006001308900523561 0.009328358208955223
1 0.7875916230366492 0.46194962686567165 0.006001308900523561 0.009328358208955223
1 0.7657657068062826 0.3896268656716418 0.006001308900523561 0.007779850746268657
1 0.7423036649214659 0.41995335820895524 0.004908376963350785 0.007779850746268657
1 0.7734031413612565 0.4394029850746269 0.006001308900523561 0.009328358208955223
1 0.6713743455497382 0.39818097014925374 0.00818717277486911 0.009328358208955223
1 0.6768324607329843 0.34452425373134327 0.006001308900523561 0.0062220149253731346
1 0.6727356020942409 0.3371361940298508 0.005458115183246073 0.00855410447761194
1 0.6779188481675392 0.36552238805970144 0.006001308900523561 0.0062220149253731346
1 0.7062958115183247 0.34685634328358206 0.006001308900523561 0.0062220149253731346
1 0.641910994764398 0.37874067164179104 0.006001308900523561 0.009328358208955223
1 0.6438219895287958 0.4071268656716418 0.005458115183246073 0.006996268656716418
1 0.6465510471204188 0.4273414179104478 0.006544502617801047 0.006996268656716418
1 0.5218782722513089 0.30213619402985076 0.02018979057591623 0.036548507462686564
1 0.522696335078534 0.34840485074626865 0.005458115183246073 0.007779850746268657
1 0.5851701570680629 0.44679104477611936 0.004908376963350785 0.006996268656716418
1 0.5415183246073298 0.439785447761194 0.0038219895287958114 0.006996268656716418
1 0.549705497382199 0.4405690298507463 0.0038219895287958114 0.005447761194029851
1 0.5906217277486911 0.34607276119402985 0.0038219895287958114 0.0046641791044776115
1 0.558160994764398 0.4806156716417911 0.004365183246073299 0.0062220149253731346
1 0.9436321989528795 0.4615671641791045 0.004908376963350785 0.006996268656716418
1 0.9335405759162304 0.40790111940298507 0.006544502617801047 0.00855410447761194
1 0.9504515706806282 0.36396455223880597 0.006544502617801047 0.010886194029850747
1 0.9550916230366493 0.4327891791044776 0.0038219895287958114 0.006996268656716418
1 0.6741034031413612 0.4611753731343284 0.006001308900523561 0.0062220149253731346
1 0.6640117801047121 0.45339552238805975 0.004365183246073299 0.0062220149253731346
1 0.6621007853403141 0.4615671641791045 0.00818717277486911 0.010111940298507463
1 0.8683376963350785 0.4747854477611941 0.004908376963350785 0.005447761194029851
1 0.8912565445026177 0.5031716417910448 0.004908376963350785 0.009328358208955223
1 0.9406348167539267 0.5762779850746268 0.01418848167539267 0.020223880597014927
1 0.8407853403141361 0.5191138059701492 0.006544502617801047 0.011669776119402986
1 0.7764070680628271 0.48839552238805967 0.004365183246073299 0.007779850746268657
1 0.7668586387434555 0.5451679104477611 0.01036649214659686 0.010886194029850747
1 0.7908638743455497 0.5315578358208956 0.006001308900523561 0.006996268656716418
1 0.8015052356020943 0.5607182835820895 0.004365183246073299 0.007779850746268657
0 0.7804973821989528 0.6007742537313433 0.016910994764397905 0.025662313432835822
1 0.7837696335078533 0.579776119402985 0.006001308900523561 0.010111940298507463
1 0.8383311518324608 0.5342817164179104 0.006001308900523561 0.010886194029850747
1 0.8983507853403142 0.5630503731343284 0.0038219895287958114 0.0062220149253731346
1 0.8443324607329844 0.6190485074626866 0.006001308900523561 0.009328358208955223
1 0.8317866492146597 0.6198227611940299 0.004908376963350785 0.009328358208955223
1 0.822238219895288 0.585214552238806 0.01855366492146597 0.025662313432835822
1 0.8167801047120419 0.6062126865671642 0.009823298429319371 0.014776119402985075
1 0.7627617801047121 0.6237126865671642 0.007637434554973822 0.01710820895522388
1 0.6252683246073298 0.5109514925373134 0.006544502617801047 0.007779850746268657
1 0.6522774869109947 0.5148414179104477 0.0038219895287958114 0.007779850746268657
1 0.6045353403141361 0.5871641791044777 0.005458115183246073 0.0062220149253731346
1 0.5240575916230367 0.5140578358208956 0.0038219895287958114 0.0046641791044776115
1 0.5346989528795811 0.5455597014925373 0.004365183246073299 0.00855410447761194
1 0.5407002617801048 0.5471082089552238 0.004365183246073299 0.005447761194029851
1 0.7150261780104712 0.526893656716418 0.0038219895287958114 0.005447761194029851
1 0.8148691099476439 0.4059608208955224 0.004908376963350785 0.009328358208955223
1 0.6541884816753927 0.594160447761194 0.005458115183246073 0.0062220149253731346
1 0.5368782722513089 0.5949440298507462 0.004365183246073299 0.007779850746268657
1 0.5371531413612566 0.6171082089552239 0.006001308900523561 0.010111940298507463
1 0.6667342931937172 0.6042723880597015 0.005458115183246073 0.0062220149253731346
1 0.6252683246073298 0.6241044776119402 0.005458115183246073 0.00855410447761194
1 0.6402748691099477 0.6528824626865671 0.013638743455497383 0.017882462686567166
1 0.6768324607329843 0.6244962686567165 0.004908376963350785 0.0062220149253731346
1 0.6672840314136126 0.6412126865671641 0.0032722513089005235 0.005447761194029851
1 0.6260863874345549 0.6692070895522388 0.0038219895287958114 0.006996268656716418
1 0.7068390052356021 0.6167164179104477 0.004908376963350785 0.007779850746268657
1 0.7073821989528797 0.6248787313432835 0.0038219895287958114 0.005447761194029851
1 0.7092931937172775 0.6326585820895523 0.004365183246073299 0.005447761194029851
1 0.7180235602094241 0.649375 0.004365183246073299 0.0046641791044776115
1 0.7368455497382199 0.6769869402985075 0.00818717277486911 0.013218283582089553
1 0.7709489528795811 0.6544309701492537 0.0032722513089005235 0.005447761194029851
1 0.7944109947643978 0.6272108208955224 0.0032722513089005235 0.005447761194029851
1 0.7963219895287958 0.5968843283582089 0.0027290575916230366 0.005447761194029851
1 0.748848167539267 0.6684328358208955 0.0038219895287958114 0.005447761194029851
1 0.7712238219895289 0.7158768656716418 0.004908376963350785 0.006996268656716418
1 0.8601570680628272 0.6112686567164178 0.004908376963350785 0.007779850746268657
1 0.8369698952879582 0.6268283582089552 0.004365183246073299 0.0062220149253731346
1 0.9223560209424083 0.6163246268656717 0.0038219895287958114 0.006996268656716418
1 0.9144437172774869 0.6237126865671642 0.004365183246073299 0.007779850746268657
1 0.9335405759162304 0.6252705223880597 0.005458115183246073 0.010886194029850747
1 0.9651832460732984 0.6256623134328358 0.0032722513089005235 0.005447761194029851
1 0.8882526178010471 0.6684328358208955 0.004365183246073299 0.006996268656716418
1 0.9117146596858638 0.6952611940298508 0.004365183246073299 0.0062220149253731346
1 0.9248102094240837 0.6968190298507463 0.005458115183246073 0.007779850746268657
1 0.9381806282722512 0.7182089552238805 0.0038219895287958114 0.00855410447761194
1 0.6989267015706806 0.7092630597014926 0.006544502617801047 0.007779850746268657
1 0.7262107329842933 0.713535447761194 0.004365183246073299 0.005447761194029851
1 0.9422709424083769 0.5727798507462687 0.009823298429319371 0.011669776119402986
0 0.9068062827225131 0.7209235074626866 0.019640052356020943 0.02644589552238806
1 0.587074607329843 0.6653171641791045 0.004365183246073299 0.006996268656716418
1 0.5101439790575916 0.6404384328358208 0.006544502617801047 0.006996268656716418
1 0.5169633507853403 0.7259794776119403 0.004908376963350785 0.006996268656716418
1 0.5218782722513089 0.7080970149253731 0.0038219895287958114 0.00855410447761194
1 0.5426112565445026 0.7287033582089552 0.004908376963350785 0.0046641791044776115
1 0.5750719895287958 0.7364832089552239 0.004365183246073299 0.0062220149253731346
1 0.5958049738219895 0.7392070895522388 0.008730366492146598 0.006996268656716418
1 0.5939005235602094 0.7469776119402985 0.004908376963350785 0.00855410447761194
1 0.7030170157068063 0.8721921641791045 0.028920157068062825 0.035
1 0.6353664921465969 0.7625373134328358 0.006001308900523561 0.006996268656716418
1 0.6541884816753927 0.7003171641791045 0.005458115183246073 0.00855410447761194
1 0.6945615183246073 0.7236473880597015 0.004365183246073299 0.00855410447761194
1 0.7092931937172775 0.7473694029850746 0.006544502617801047 0.012444029850746269
1 0.7210274869109948 0.7734235074626866 0.004908376963350785 0.00855410447761194
1 0.7824083769633507 0.7403731343283582 0.006544502617801047 0.009328358208955223
1 0.7016557591623037 0.6855410447761194 0.004365183246073299 0.006996268656716418
1 0.8042277486910994 0.7465951492537314 0.004365183246073299 0.0062220149253731346
1 0.8527879581151833 0.7419216417910448 0.005458115183246073 0.007779850746268657
1 0.8713416230366493 0.7683675373134329 0.005458115183246073 0.007779850746268657
1 0.9755497382198953 0.7656436567164179 0.004365183246073299 0.006996268656716418
1 0.8598821989528797 0.815419776119403 0.007637434554973822 0.00855410447761194
1 0.8476047120418849 0.8317537313432836 0.006001308900523561 0.010111940298507463
1 0.8811649214659686 0.8694682835820896 0.007637434554973822 0.012444029850746269
1 0.8787041884816754 0.9363526119402985 0.006001308900523561 0.010886194029850747
1 0.7210274869109948 0.8745242537313432 0.006001308900523561 0.00855410447761194
1 0.8132329842931937 0.8846361940298508 0.009273560209424084 0.013218283582089553
1 0.8211452879581153 0.9079664179104477 0.009823298429319371 0.006996268656716418
1 0.8871662303664921 0.8896921641791045 0.004365183246073299 0.007779850746268657
1 0.992467277486911 0.8469123134328358 0.005458115183246073 0.010886194029850747
1 0.9790968586387434 0.8745242537313432 0.004908376963350785 0.00855410447761194
1 0.9362696335078533 0.9180783582089552 0.005458115183246073 0.00855410447761194
1 0.9193520942408376 0.9421828358208955 0.007637434554973822 0.006996268656716418
1 0.9111714659685863 0.963955223880597 0.005458115183246073 0.006996268656716418
1 0.9490903141361257 0.9351865671641791 0.02018979057591623 0.0241044776119403
1 0.9643651832460732 0.9880690298507463 0.009273560209424084 0.013218283582089553
1 0.7900458115183246 0.9771828358208955 0.008730366492146598 0.010111940298507463
1 0.6749214659685864 0.9293470149253731 0.007637434554973822 0.007779850746268657
1 0.6329057591623037 0.9207929104477612 0.007637434554973822 0.010886194029850747
1 0.614901832460733 0.9149626865671642 0.007637434554973822 0.00855410447761194
1 0.7120222513089005 0.9301305970149254 0.005458115183246073 0.009328358208955223
1 0.6691950261780104 0.9526772388059701 0.006001308900523561 0.007779850746268657
1 0.6738285340314135 0.9651212686567163 0.004365183246073299 0.007779850746268657
1 0.6031740837696334 0.7773134328358209 0.007094240837696335 0.00855410447761194
1 0.6108115183246073 0.7582555970149254 0.004908376963350785 0.007779850746268657
1 0.5611583769633508 0.908740671641791 0.006001308900523561 0.00855410447761194
1 0.5439725130890053 0.9176865671641791 0.006544502617801047 0.007779850746268657
1 0.7444895287958114 0.8103638059701493 0.007094240837696335 0.009328358208955223
1 0.7425785340314137 0.7928638059701493 0.005458115183246073 0.00855410447761194
1 0.9548167539267016 0.6571548507462687 0.004365183246073299 0.0062220149253731346
1 0.4779581151832461 0.5883302238805971 0.008730366492146598 0.013218283582089553
1 0.4978730366492147 0.5463339552238805 0.004908376963350785 0.00855410447761194
1 0.49022905759162305 0.5817164179104478 0.004908376963350785 0.009328358208955223
1 0.4861387434554974 0.6209888059701493 0.005458115183246073 0.011669776119402986
1 0.47959424083769636 0.649375 0.004365183246073299 0.01710820895522388
1 0.4345811518324607 0.6023320895522388 0.004908376963350785 0.010111940298507463
1 0.44412958115183243 0.6244962686567165 0.004365183246073299 0.0062220149253731346
1 0.44412958115183243 0.6649347014925373 0.004365183246073299 0.009328358208955223
1 0.4192997382198953 0.7139272388059702 0.006001308900523561 0.007779850746268657
1 0.4664986910994764 0.7143190298507462 0.004365183246073299 0.006996268656716418
1 0.4370353403141361 0.7773134328358209 0.004365183246073299 0.006996268656716418
1 0.4438547120418848 0.8107555970149254 0.007094240837696335 0.010111940298507463
1 0.017571989528795812 0.5223320895522389 0.005772251308900524 0.006725746268656716
1 0.02255890052356021 0.5324253731343284 0.0062958115183246064 0.007481343283582089
1 0.003671465968586388 0.531679104477612 0.00524869109947644 0.007481343283582089
1 0.028592931937172772 0.5776679104477612 0.0068193717277486915 0.008227611940298508
1 0.0487892670157068 0.5634608208955224 0.020988219895287957 0.020186567164179103
1 0.04642670157068063 0.5799067164179105 0.007866492146596859 0.011212686567164178
1 0.06557591623036649 0.6019682835820895 0.009443717277486911 0.013460820895522387
1 0.0031479057591623032 0.6042164179104478 0.004195026178010471 0.005979477611940298
1 0.015477748691099476 0.6348694029850747 0.005772251308900524 0.007481343283582089
1 0.02911649214659686 0.6831063432835821 0.005772251308900524 0.008227611940298508
1 0.044856020942408384 0.6214085820895522 0.009967277486910994 0.010466417910447761
1 0.05272251308900524 0.6281436567164179 0.004718586387434555 0.008973880597014925
1 0.04800392670157068 0.6330037313432836 0.005772251308900524 0.008227611940298508
1 0.0994175392670157 0.6098227611940299 0.007866492146596859 0.011212686567164178
1 0.08734947643979057 0.626268656716418 0.004718586387434555 0.008227611940298508
1 0.08708769633507853 0.6341231343283582 0.00524869109947644 0.008973880597014925
1 0.10859947643979058 0.6285167910447761 0.007342931937172776 0.009720149253731344
1 0.11305628272251309 0.6344962686567164 0.005772251308900524 0.009720149253731344
1 0.11148560209424084 0.6602985074626866 0.0068193717277486915 0.005979477611940298
1 0.0999410994764398 0.6917070895522388 0.004718586387434555 0.007481343283582089
1 0.09863219895287959 0.6632835820895522 0.004195026178010471 0.005979477611940298
1 0.15292539267015706 0.6255223880597014 0.004718586387434555 0.008227611940298508
1 0.09364528795811519 0.7317070895522388 0.004718586387434555 0.008227611940298508
1 0.12380890052356021 0.6883395522388059 0.0031479057591623032 0.006725746268656716
1 0.09495418848167539 0.7563899253731343 0.008396596858638743 0.009720149253731344
1 0.132467277486911 0.710401119402985 0.009967277486910994 0.011968283582089552
1 0.14191099476439792 0.6763712686567165 0.0162630890052356 0.01569962686567164
1 0.17365183246073296 0.6816044776119402 0.0062958115183246064 0.008227611940298508
1 0.1406020942408377 0.7111473880597016 0.007342931937172776 0.005979477611940298
1 0.15528795811518326 0.7122667910447761 0.009443717277486911 0.014207089552238806
1 0.14610602094240838 0.7324626865671642 0.005772251308900524 0.008227611940298508
1 0.11463350785340314 0.7676026119402986 0.004718586387434555 0.008227611940298508
1 0.1193520942408377 0.7649906716417911 0.005772251308900524 0.008973880597014925
1 0.15581151832460735 0.7578824626865672 0.0062958115183246064 0.009720149253731344
1 0.2074869109947644 0.7062873134328358 0.0068193717277486915 0.008227611940298508
1 0.1849280104712042 0.7317070895522388 0.004718586387434555 0.006725746268656716
1 0.17890052356020944 0.737695895522388 0.004195026178010471 0.006725746268656716
1 0.20250654450261782 0.7414272388059701 0.00524869109947644 0.008227611940298508
1 0.23083769633507856 0.6681529850746268 0.008396596858638743 0.008227611940298508
1 0.21666884816753926 0.6745055970149254 0.0062958115183246064 0.008973880597014925
1 0.20407722513089005 0.606455223880597 0.00524869109947644 0.007481343283582089
1 0.1686649214659686 0.6244029850746269 0.007866492146596859 0.010466417910447761
1 0.15791230366492146 0.6135634328358209 0.00524869109947644 0.009720149253731344
1 0.17548429319371728 0.6131902985074628 0.004718586387434555 0.007481343283582089
1 0.23503272251308902 0.6206623134328358 0.004195026178010471 0.007481343283582089
1 0.24998691099476442 0.6202891791044777 0.004718586387434555 0.006725746268656716
1 0.2612630890052356 0.6479570895522389 0.00524869109947644 0.0052332089552238805
1 0.29037958115183243 0.6273973880597016 0.005772251308900524 0.010466417910447761
1 0.3066426701570681 0.6288899253731343 0.007866492146596859 0.013460820895522387
1 0.2623102094240838 0.6759981343283582 0.009443717277486911 0.010466417910447761
1 0.26021596858638746 0.7032929104477611 0.026230366492146596 0.03514925373134328
1 0.26677356020942405 0.7317070895522388 0.004718586387434555 0.006725746268656716
1 0.35622382198952873 0.6187966417910448 0.0062958115183246064 0.009720149253731344
1 0.3420549738219895 0.6602985074626866 0.011544502617801048 0.008973880597014925
1 0.32212041884816756 0.635615671641791 0.0062958115183246064 0.008973880597014925
1 0.25155759162303665 0.560839552238806 0.004718586387434555 0.007481343283582089
1 0.3724869109947644 0.6775 0.004195026178010471 0.005979477611940298
1 0.3381217277486911 0.7163805970149254 0.0068193717277486915 0.007481343283582089
1 0.33445026178010473 0.6801119402985075 0.004718586387434555 0.008227611940298508
1 0.31634816753926703 0.6831063432835821 0.004195026178010471 0.0052332089552238805
1 0.3391688481675393 0.6875932835820896 0.004718586387434555 0.006725746268656716
1 0.33025523560209424 0.671884328358209 0.003671465968586388 0.006725746268656716
1 0.3748429319371728 0.7171268656716417 0.004718586387434555 0.007481343283582089
1 0.336020942408377 0.6965671641791045 0.005772251308900524 0.006725746268656716
1 0.022297120418848168 0.7881716417910447 0.008920157068062828 0.010466417910447761
1 0.20958769633507854 0.8124720149253731 0.007866492146596859 0.009720149253731344
1 0.22060209424083768 0.7900373134328358 0.004718586387434555 0.006725746268656716
1 0.245 0.788544776119403 0.004195026178010471 0.0052332089552238805
1 0.245 0.797518656716418 0.004195026178010471 0.0052332089552238805
1 0.21955497382198955 0.7560167910447761 0.004718586387434555 0.008973880597014925
1 0.17260471204188482 0.8191977611940298 0.007342931937172776 0.006725746268656716
1 0.22296465968586388 0.824813432835821 0.012591623036649213 0.013460820895522387
1 0.22270287958115184 0.8098507462686567 0.004718586387434555 0.005979477611940298
1 0.2305759162303665 0.8446268656716418 0.008920157068062828 0.011212686567164178
1 0.10230366492146596 0.8345335820895522 0.007342931937172776 0.008973880597014925
1 0.12407722513089005 0.8420055970149254 0.0068193717277486915 0.010466417910447761
1 0.034365183246073294 0.8277985074626866 0.0068193717277486915 0.008973880597014925
1 0.06767670157068062 0.7107742537313433 0.004195026178010471 0.0052332089552238805
1 0.05167539267015706 0.8420055970149254 0.007866492146596859 0.010466417910447761
1 0.07397251308900524 0.8162126865671642 0.0062958115183246064 0.006725746268656716
1 0.08656413612565446 0.8352798507462686 0.007342931937172776 0.008973880597014925
1 0.133782722513089 0.8165858208955223 0.008396596858638743 0.013460820895522387
1 0.12643324607329842 0.8150932835820895 0.00524869109947644 0.005979477611940298
1 0.10833769633507853 0.9392257462686567 0.01101439790575916 0.019440298507462688
1 0.026230366492146596 0.9725 0.0062958115183246064 0.006725746268656716
1 0.15660340314136126 0.937723880597015 0.005772251308900524 0.007481343283582089
1 0.195163612565445 0.9134235074626866 0.0062958115183246064 0.008227611940298508
1 0.20381544502617802 0.8973414179104479 0.005772251308900524 0.007481343283582089
1 0.2410667539267016 0.9620335820895521 0.008920157068062828 0.009720149253731344
1 0.23345549738219898 0.88875 0.008396596858638743 0.008227611940298508
1 0.22454188481675394 0.7552611940298507 0.00524869109947644 0.007481343283582089
1 0.22532722513089007 0.7661100746268656 0.004718586387434555 0.006725746268656716
1 0.29431282722513086 0.8416324626865672 0.0062958115183246064 0.008227611940298508
1 0.3118913612565445 0.8442537313432835 0.004718586387434555 0.008973880597014925
1 0.2835602094240838 0.894356343283582 0.005772251308900524 0.007481343283582089
1 0.2756937172774869 0.8992164179104478 0.007866492146596859 0.006725746268656716
1 0.34126963350785344 0.8263059701492537 0.005772251308900524 0.008973880597014925
1 0.3638285340314136 0.8715485074626865 0.005772251308900524 0.008227611940298508
1 0.30401832460732986 0.8980970149253731 0.004718586387434555 0.005979477611940298
1 0.2914267015706806 0.9538059701492537 0.005772251308900524 0.008227611940298508
1 0.3730104712041885 0.9609048507462686 0.004195026178010471 0.005979477611940298
1 0.39504581151832463 0.8177052238805971 0.00524869109947644 0.006725746268656716
1 0.30585732984293196 0.824813432835821 0.0062958115183246064 0.008973880597014925
1 0.3543848167539267 0.7167537313432836 0.004718586387434555 0.009720149253731344
1 0.4810798429319372 0.6894589552238806 0.023082460732984294 0.03140858208955224
1 0.4947251308900524 0.732080223880597 0.00524869109947644 0.007481343283582089
1 0.3420549738219895 0.7399347014925374 0.004195026178010471 0.0052332089552238805
1 0.2701832460732984 0.7560167910447761 0.004195026178010471 0.008973880597014925
1 0.4367539267015707 0.9590391791044776 0.005772251308900524 0.008227611940298508
1 0.45590314136125654 0.9822201492537314 0.00524869109947644 0.006725746268656716
1 0.4564267015706806 0.9149160447761193 0.00524869109947644 0.009720149253731344
1 0.47426047120418846 0.9201492537313433 0.004195026178010471 0.008227611940298508
1 0.4430497382198953 0.8532276119402985 0.004718586387434555 0.008973880597014925
1 0.4944568062827225 0.8281716417910447 0.005772251308900524 0.008227611940298508
1 0.4181282722513089 0.8730410447761194 0.004195026178010471 0.006725746268656716
1 0.39478403141361257 0.8734141791044776 0.003671465968586388 0.007481343283582089
1 0.4018651832460733 0.8610820895522389 0.00524869109947644 0.0052332089552238805
1 0.42022251308900527 0.885009328358209 0.004195026178010471 0.006725746268656716
1 0.4876374345549738 0.8674347014925373 0.005772251308900524 0.008973880597014925
1 0.5290837696335079 0.7810634328358208 0.008920157068062828 0.01271455223880597
1 0.5178075916230367 0.7627425373134328 0.0062958115183246064 0.011968283582089552
1 0.4493390052356021 0.5215858208955224 0.005772251308900524 0.006725746268656716
1 0.3171335078534031 0.8091044776119403 0.005772251308900524 0.007481343283582089
1 0.42547120418848167 0.5728078358208955 0.0031479057591623032 0.005979477611940298
1 0.38166230366492143 0.5357929104477612 0.004718586387434555 0.0052332089552238805
1 0.37982984293193717 0.575419776119403 0.0062958115183246064 0.008227611940298508
1 0.387958115183246 0.5795335820895522 0.007866492146596859 0.011968283582089552
1 0.3882264397905759 0.5903824626865671 0.013638743455497383 0.009720149253731344
1 0.3827159685863874 0.5402798507462686 0.00262434554973822 0.0052332089552238805
1 0.6833246073298429 0.5163432835820896 0.004718586387434555 0.0052332089552238805
1 0.622467277486911 0.5013899253731343 0.003671465968586388 0.0052332089552238805
1 0.6159096858638744 0.508125 0.004195026178010471 0.0052332089552238805
1 0.7486387434554974 0.5731809701492537 0.004195026178010471 0.006725746268656716
1 0.7969044502617801 0.6068283582089552 0.004195026178010471 0.006725746268656716