1 0.40701607267645007 0.40965004374453196 0.019699510831586303 0.024015748031496063
1 0.4645911949685535 0.4851968503937008 0.04293501048218029 0.02975503062117235
0 0.539727463312369 0.4755993000874891 0.02606568832983927 0.03551181102362205
0 0.5864919636617749 0.5518985126859143 0.03526904262753319 0.026876640419947504
0 0.6834730957372467 0.4074453193350831 0.03143256464011181 0.037436570428696414
0 0.4369951083158631 0.9180752405949255 0.033731656184486376 0.0431933508311461
0 0.9019706498951782 0.7870603674540683 0.04676450034940601 0.049912510936132984
1 0.9153878406708595 0.9611986001749782 0.0889308176100629 0.07760279965004374
1 0.9613836477987422 0.855686789151356 0.010733752620545073 0.01247594050743657
1 0.9341719077568134 0.9454330708661418 0.011502445842068484 0.015354330708661417
1 0.87743535988819 0.9727821522309712 0.00843466107617051 0.016316710411198598
1 0.8755206149545771 0.9929396325459318 0.010733752620545073 0.010559930008748906
1 0.9882180293501049 0.9151968503937007 0.01686932215234102 0.022073490813648296
1 0.9947379454926625 0.9363167104111987 0.00843466107617051 0.014400699912510936
1 0.9851502445842069 0.9622309711286089 0.007665967854647101 0.01247594050743657
1 0.983235499650594 0.995275590551181 0.006897274633123689 0.009457567804024498
1 0.9437526205450734 0.7932983377077866 0.01686932215234102 0.016316710411198598
1 0.9778686233403214 0.7981014873140857 0.006897274633123689 0.010559930008748906
1 0.9813207547169811 0.6531671041119861 0.00920335429769392 0.01247594050743657
1 0.8935359888190078 0.8686439195100613 0.00843466107617051 0.011522309711286089
1 0.8881691125087352 0.8192125984251969 0.019168413696715583 0.018232720909886264
1 0.939538784067086 0.8086526684164479 0.006897274633123689 0.010559930008748906
1 0.9161565338923829 0.8911986001749781 0.007665967854647101 0.00863517060367454
1 0.9322501747030049 0.9022397200349956 0.012264150943396227 0.011522309711286089
1 0.8582739343116702 0.8936045494313211 0.006897274633123689 0.007681539807524059
1 0.883570929419986 0.8926421697287839 0.006897274633123689 0.007681539807524059
1 0.847540181691125 0.9315135608048994 0.009965059399021663 0.00863517060367454
1 0.8023060796645701 0.9742257217847768 0.011502445842068484 0.015354330708661417
1 0.7762403913347309 0.9190376202974628 0.00843466107617051 0.010559930008748906
1 0.8000069881201957 0.9377515310586176 0.011502445842068484 0.011522309711286089
1 0.7781551362683438 0.8849606299212598 0.010733752620545073 0.015354330708661417
1 0.7221872816212439 0.8806386701662293 0.007665967854647101 0.00863517060367454
1 0.7670370370370371 0.9756692913385827 0.009965059399021663 0.00863517060367454
1 0.7773864430468205 0.9838232720909886 0.012264150943396227 0.009597550306211724
1 0.7509364081062194 0.8192125984251969 0.009965059399021663 0.01247594050743657
1 0.773172606568833 0.8230533683289589 0.009965059399021663 0.014400699912510936
1 0.7915723270440251 0.8254505686789152 0.00843466107617051 0.009597550306211724
1 0.7938714185883997 0.8369728783902012 0.009965059399021663 0.009597550306211724
1 0.7919566736547868 0.6977952755905512 0.010733752620545073 0.015354330708661417
1 0.8302865129280225 0.7313910761154856 0.013801537386443047 0.013438320209973752
1 0.9349336128581412 0.6905949256342957 0.005366876310272536 0.006719160104986876
1 0.6282739343116701 0.8153718285214349 0.013032844164919635 0.018232720909886264
1 0.6156254367575122 0.8297725284339457 0.00920335429769392 0.010559930008748906
1 0.665842068483578 0.8489676290463692 0.00843466107617051 0.00863517060367454
1 0.6892243186582809 0.9003149606299212 0.007665967854647101 0.007681539807524059
1 0.6409224318658281 0.9435083114610674 0.01839972047519217 0.01727909011373578
1 0.5880223619846262 0.6656430446194226 0.00920335429769392 0.010559930008748906
1 0.5573584905660378 0.6272440944881891 0.010733752620545073 0.010559930008748906
1 0.5079105520614955 0.6867541557305337 0.017631027253668764 0.02399825021872266
1 0.5002445842068484 0.6680402449693789 0.00843466107617051 0.009597550306211724
1 0.49563941299790354 0.6186089238845145 0.017631027253668764 0.025914260717410324
1 0.4481132075471698 0.6238845144356956 0.006897274633123689 0.009597550306211724
1 0.5155765199161425 0.5782939632545931 0.006897274633123689 0.00863517060367454
1 0.4691963661774982 0.7880227471566055 0.00920335429769392 0.013438320209973752
1 0.45155835080363377 0.7731408573928259 0.012264150943396227 0.016316710411198598
1 0.4005800139762404 0.7011548556430446 0.017631027253668764 0.01247594050743657
1 0.35189378057302584 0.6709186351706037 0.006135569531795946 0.007681539807524059
1 0.8145702306079665 0.5682152230971129 0.01456324248777079 0.01727909011373578
1 0.37719776380153736 0.7011548556430446 0.010733752620545073 0.010559930008748906
1 0.5692382948986723 0.8753630796150481 0.017631027253668764 0.04031496062992126
1 0.5799720475192174 0.8345669291338582 0.022236198462613557 0.022073490813648296
1 0.2748427672955975 0.7117147856517936 0.011502445842068484 0.018232720909886264
1 0.23076170510132776 0.7496237970253719 0.01839972047519217 0.026876640419947504
1 0.17939902166317262 0.7208311461067366 0.00920335429769392 0.011522309711286089
1 0.7908036338225019 0.7525021872265967 0.006897274633123689 0.007681539807524059
1 0.8287561146051713 0.7616272965879265 0.00920335429769392 0.010559930008748906
1 0.8479175401816911 0.8369728783902012 0.010733752620545073 0.009597550306211724
1 0.8613347309573725 0.8230533683289589 0.006897274633123689 0.010559930008748906
1 0.5033123689727463 0.9339107611548557 0.00843466107617051 0.015354330708661417
1 0.4948777078965758 0.8715223097112861 0.020698812019566738 0.026876640419947504
1 0.5136617749825296 0.8552055993000874 0.010733752620545073 0.011522309711286089
1 0.5470090845562544 0.9377515310586176 0.017631027253668764 0.021119860017497813
1 0.5504612159329141 0.9559930008748907 0.012264150943396227 0.01919510061242345
1 0.5611949685534592 0.9655905511811024 0.007665967854647101 0.011522309711286089
1 0.5263102725366876 0.9742257217847768 0.00843466107617051 0.007681539807524059
1 0.5289937106918239 0.9919160104986876 0.012264150943396227 0.01617672790901137
1 0.42319357092942 0.9593525809273841 0.00920335429769392 0.010559930008748906
1 0.5393431167016073 0.9751881014873142 0.013032844164919635 0.009597550306211724
1 0.3461425576519916 0.9497462817147856 0.01610062893081761 0.014400699912510936
1 0.34345911949685537 0.9636657917760281 0.007665967854647101 0.011522309711286089
1 0.28864430468204055 0.9929396325459318 0.009965059399021663 0.010559930008748906
1 0.6186932215234102 0.9617497812773403 0.006135569531795946 0.009597550306211724
1 0.6294269741439553 0.8969641294838145 0.010733752620545073 0.01247594050743657
1 0.6125576519916143 0.9876640419947508 0.010733752620545073 0.015354330708661417
1 0.3503633822501747 0.8225721784776904 0.04446540880503145 0.04607174103237095
1 0.34039832285115307 0.7645056867891514 0.007665967854647101 0.01247594050743657
1 0.36032844164919636 0.7640244969378828 0.007665967854647101 0.009597550306211724
1 0.3430817610062893 0.7918547681539808 0.006897274633123689 0.007681539807524059
1 0.6236757512229211 0.7409886264216974 0.005366876310272536 0.009597550306211724
1 0.5976100628930817 0.8009798775153105 0.00843466107617051 0.00863517060367454
1 0.625590496156534 0.7760192475940507 0.007665967854647101 0.006719160104986876
1 0.5113626834381552 0.8739195100612424 0.006135569531795946 0.00863517060367454
1 0.22271139063591894 0.8182502187226597 0.006897274633123689 0.01247594050743657
1 0.233445143256464 0.8211373578302712 0.011502445842068484 0.010559930008748906
1 0.2913277428371768 0.8547244094488189 0.010733752620545073 0.01247594050743657
1 0.399811320754717 0.7616272965879265 0.00843466107617051 0.014400699912510936
1 0.4086303284416492 0.7755380577427822 0.00920335429769392 0.011522309711286089
1 0.4300908455625437 0.7947419072615923 0.013801537386443047 0.011522309711286089
1 0.4320125786163522 0.7755380577427822 0.025296995108315866 0.026876640419947504
1 0.382941998602376 0.8561679790026246 0.00843466107617051 0.007681539807524059
1 0.39751222921034246 0.866246719160105 0.011502445842068484 0.00863517060367454
1 0.18054507337526207 0.8892825896762905 0.009965059399021663 0.01247594050743657
1 0.16598183088749127 0.917594050743657 0.00843466107617051 0.011522309711286089
1 0.15831586303284417 0.9300699912510936 0.005366876310272536 0.005756780402449694
1 0.16981132075471697 0.8417672790901137 0.023766596785464708 0.021119860017497813
1 0.15831586303284417 0.8561679790026246 0.011502445842068484 0.009597550306211724
1 0.11576519916142558 0.8220909886264217 0.01839972047519217 0.025914260717410324
1 0.1441299790356394 0.8792038495188101 0.010733752620545073 0.013438320209973752
1 0.309727463312369 0.8849606299212598 0.007665967854647101 0.009597550306211724
1 0.2564430468204053 0.8528083989501313 0.00843466107617051 0.01247594050743657
1 0.25108315863032843 0.8696062992125985 0.00843466107617051 0.013438320209973752
1 0.11883298392732355 0.720349956255468 0.012264150943396227 0.01247594050743657
1 0.1437456324248777 0.7352318460192476 0.006897274633123689 0.011522309711286089
1 0.11960167714884697 0.6685214348206474 0.004598183088749127 0.006719160104986876
1 0.22923130677847658 0.6651618547681539 0.007665967854647101 0.007681539807524059
1 0.3193151642208246 0.6939545056867892 0.009965059399021663 0.011522309711286089
1 0.3384765897973445 0.7141119860017497 0.02836477987421384 0.02495188101487314
1 0.2909433962264151 0.8796850393700788 0.00843466107617051 0.010559930008748906
1 0.7394409503843467 0.6320472440944881 0.00843466107617051 0.01247594050743657
1 0.40134171907756816 0.7294663167104112 0.005366876310272536 0.009597550306211724
1 0.6229070580013977 0.9881452318460193 0.006897274633123689 0.01247594050743657
1 0.7409713487071977 0.9833420822397201 0.005366876310272536 0.00863517060367454
1 0.0663172606568833 0.7347506561679791 0.019168413696715583 0.018232720909886264
1 0.06593291404612159 0.7030708661417323 0.010733752620545073 0.010559930008748906
1 0.04446540880503145 0.7318722659667541 0.007665967854647101 0.00863517060367454
1 0.08241788958770091 0.5543044619422572 0.01456324248777079 0.018232720909886264
1 0.011879804332634521 0.7035520559930009 0.005366876310272536 0.007681539807524059
1 0.03948287910552061 0.7985739282589676 0.023766596785464708 0.01727909011373578
1 0.016484975541579315 0.8355293088363954 0.00843466107617051 0.014400699912510936
1 0.062480782669461915 0.8177777777777778 0.006897274633123689 0.007681539807524059
1 0.07743535988819007 0.9751881014873142 0.00920335429769392 0.015354330708661417
1 0.19856044723969252 0.9919860017497812 0.007665967854647101 0.006719160104986876
1 0.3020614954577219 0.5523797025371828 0.00920335429769392 0.01247594050743657
1 0.3641579315164221 0.5187839020122484 0.012264150943396227 0.014400699912510936
1 0.2667994409503844 0.5082327209098862 0.01839972047519217 0.018232720909886264
1 0.1797833682739343 0.5528608923884514 0.006897274633123689 0.009597550306211724
1 0.16904961565338925 0.5010323709536307 0.006897274633123689 0.009597550306211724
1 0.6328721174004193 0.5471041119860017 0.006897274633123689 0.007681539807524059
1 0.6896086652690426 0.5648556430446194 0.01456324248777079 0.02015748031496063
1 0.7448078266946191 0.5595800524934383 0.009965059399021663 0.009597550306211724
1 0.27676450034940603 0.9204724409448818 0.004598183088749127 0.007681539807524059
1 0.4074772886093641 0.9223972003499562 0.013032844164919635 0.01727909011373578
1 0.737141858839972 0.6123709536307962 0.005366876310272536 0.005756780402449694
1 0.667372466806429 0.5418197725284339 0.005366876310272536 0.00863517060367454
1 0.8095877009084557 0.7525021872265967 0.006135569531795946 0.005756780402449694
1 0.8015373864430468 0.7784251968503937 0.006897274633123689 0.007681539807524059
1 0.9073375262054508 0.5523797025371828 0.011502445842068484 0.016316710411198598
1 0.9387700908455626 0.5207086614173227 0.006897274633123689 0.010559930008748906
1 0.9648357791754019 0.5528608923884514 0.005366876310272536 0.009597550306211724
1 0.33617749825296994 0.9947944006999124 0.006897274633123689 0.01041994750656168
1 0.603361285814116 0.5691776027996501 0.007665967854647101 0.005756780402449694
1 0.5581271837875611 0.4693525809273841 0.015331935709294201 0.015354330708661417
1 0.5312928022361985 0.4252055993000875 0.010733752620545073 0.011522309711286089
1 0.5343605870020964 0.4458442694663167 0.01839972047519217 0.025914260717410324
1 0.4634451432564641 0.4328783902012248 0.006897274633123689 0.011522309711286089
1 0.6600908455625437 0.4040857392825897 0.013801537386443047 0.021119860017497813
1 0.5128930817610063 0.33545931758530184 0.00920335429769392 0.01247594050743657
1 0.5562054507337526 0.31290463692038495 0.005366876310272536 0.009597550306211724
1 0.9050384346610761 0.27882764654418196 0.00843466107617051 0.016316710411198598
1 0.9836198462613557 0.33449693788276463 0.00920335429769392 0.01247594050743657
1 0.967519217330538 0.3460192475940507 0.006135569531795946 0.00863517060367454
1 0.8858700209643606 0.3733770778652668 0.005366876310272536 0.009597550306211724
1 0.8256883298392732 0.37720909886264214 0.01686932215234102 0.01919510061242345
1 0.8352690426275332 0.4559142607174103 0.006897274633123689 0.009597550306211724
1 0.7850524109014676 0.4194488188976378 0.007665967854647101 0.013438320209973752
1 0.7835220125786164 0.483753280839895 0.013801537386443047 0.01727909011373578
1 0.7095387840670859 0.5125459317585302 0.009965059399021663 0.023035870516185476
1 0.7072396925227113 0.4731933508311461 0.006897274633123689 0.009597550306211724
1 0.7237246680642908 0.49767279090113736 0.006135569531795946 0.01247594050743657
1 0.7352201257861635 0.5048731408573929 0.006135569531795946 0.007681539807524059
1 0.4511740041928721 0.32489938757655296 0.006897274633123689 0.006719160104986876
1 0.47149545772187285 0.3767366579177603 0.006135569531795946 0.00863517060367454
1 0.7597554157931516 0.27930883639545057 0.007665967854647101 0.009597550306211724
1 0.717204751921733 0.3393000874890639 0.006897274633123689 0.00863517060367454
1 0.6627742837176799 0.34362204724409445 0.006897274633123689 0.007681539807524059
1 0.8306708595387841 0.1914873140857393 0.006897274633123689 0.010559930008748906
1 0.3273584905660377 0.26155730533683286 0.00920335429769392 0.00863517060367454
1 0.5362753319357093 0.3916097987751531 0.005366876310272536 0.005756780402449694
1 0.3664640111809923 0.4194488188976378 0.007665967854647101 0.009597550306211724
1 0.3756603773584906 0.4448818897637795 0.006135569531795946 0.00863517060367454
1 0.36837875611460513 0.22939632545931757 0.006897274633123689 0.007681539807524059
1 0.4320125786163522 0.21595800524934383 0.005366876310272536 0.007681539807524059
1 0.496408106219427 0.18764654418197724 0.00843466107617051 0.010559930008748906
1 0.5056114605171209 0.21452318460192474 0.005366876310272536 0.00863517060367454
1 0.9433682739343117 0.032633420822397195 0.01610062893081761 0.023035870516185476
1 0.9579385045422781 0.16076990376202974 0.005366876310272536 0.00863517060367454
1 0.7149056603773585 0.03647419072615923 0.006897274633123689 0.007681539807524059
1 0.7233403214535289 0.06335083114610673 0.005366876310272536 0.007681539807524059
1 0.823004891684137 0.07198600174978127 0.005366876310272536 0.007681539807524059
1 0.8111180992313068 0.11805774278215223 0.007665967854647101 0.011522309711286089
1 0.5293780573025856 0.04174978127734033 0.006897274633123689 0.010559930008748906
1 0.39214535290006985 0.04174978127734033 0.006897274633123689 0.006719160104986876
1 0.38677847658979736 0.0547069116360455 0.013032844164919635 0.013438320209973752
1 0.5178756114605172 0.1463779527559055 0.005366876310272536 0.00863517060367454
1 0.4266457023060796 0.1641294838145232 0.005366876310272536 0.007681539807524059
1 0.33656184486373164 0.1367716535433071 0.006135569531795946 0.006719160104986876
1 0.60680642907058 0.17853018372703414 0.003836477987421384 0.007681539807524059
1 0.08663172606568834 0.0710236220472441 0.006135569531795946 0.007681539807524059
1 0.12611460517120895 0.13821522309711284 0.005366876310272536 0.007681539807524059
1 0.13684835779175403 0.21884514435695537 0.00843466107617051 0.009597550306211724
1 0.08701607267645003 0.17756780402449696 0.017631027253668764 0.01919510061242345
1 0.015331935709294201 0.20732283464566928 0.006135569531795946 0.009597550306211724
1 0.08778476589797345 0.27882764654418196 0.006897274633123689 0.006719160104986876
1 0.08701607267645003 0.3119422572178478 0.013032844164919635 0.013438320209973752
1 0.04791754018169112 0.32922134733158354 0.00843466107617051 0.007681539807524059
1 0.11844863731656184 0.33209973753280836 0.005366876310272536 0.007681539807524059
1 0.22309573724668064 0.29946631671041124 0.006135569531795946 0.007681539807524059
1 0.1951153039832285 0.36041994750656164 0.006897274633123689 0.006719160104986876
1 0.15294898672257162 0.4367191601049869 0.01456324248777079 0.01727909011373578
1 0.1560167714884696 0.45063867016622927 0.006897274633123689 0.006719160104986876
1 0.0820335429769392 0.4194488188976378 0.010733752620545073 0.009597550306211724
1 0.04408106219426974 0.37241469816272965 0.006897274633123689 0.007681539807524059
1 0.03909853249475891 0.38969378827646545 0.006135569531795946 0.007681539807524059
1 0.0663172606568833 0.3911286089238845 0.006897274633123689 0.006719160104986876
1 0.07283018867924529 0.45496062992125985 0.006135569531795946 0.009597550306211724
1 0.08433263452131377 0.8868853893263342 0.006135569531795946 0.005756780402449694