1 0.689966777408638 0.27952161913523454 0.009255813953488371 0.013100275988960441
0 0.6944983388704319 0.5435970561177553 0.019009966777408637 0.02951241950321987
0 0.5467242524916944 0.6704231830726771 0.021893687707641198 0.0231278748850046
1 0.6821129568106312 0.7103035878564857 0.00921594684385382 0.013560257589696412
1 0.6996810631229236 0.6269457221711132 0.009794019933554818 0.014360625574977
1 0.6772159468438539 0.6321343146274149 0.007488372093023256 0.00717571297148114
1 0.6630963455149502 0.5559613615455382 0.005760797342192691 0.007976080956761729
1 0.698531561461794 0.5723091076356946 0.006338870431893687 0.00717571297148114
1 0.7506644518272425 0.5842778288868445 0.005760797342192691 0.00717571297148114
1 0.7475016611295681 0.5583532658693652 0.005182724252491694 0.007976080956761729
1 0.8221063122923588 0.5647378104875805 0.00921594684385382 0.009567617295308188
1 0.9157209302325582 0.5427966881324747 0.007488372093023256 0.01515179392824287
1 0.821813953488372 0.6181784728610856 0.005182724252491694 0.007976080956761729
1 0.8013621262458471 0.6716191352345906 0.008066445182724253 0.007976080956761729
1 0.7863853820598007 0.7298436062557498 0.005760797342192691 0.007976080956761729
1 0.7843720930232558 0.6333302667893284 0.028232558139534885 0.031904323827046915
1 0.8635880398671096 0.687966881324747 0.005760797342192691 0.00717571297148114
1 0.7325182724252493 0.4686200551977921 0.006338870431893687 0.00717571297148114
1 0.7417408637873754 0.4805795768169273 0.006338870431893687 0.008776448942042318
1 0.7207109634551495 0.4969365225390984 0.005760797342192691 0.006384544618215271
1 0.6622325581395349 0.49813247470101196 0.007488372093023256 0.010367985280588776
1 0.6363122923588039 0.5432014719411223 0.019009966777408637 0.020735970561177552
1 0.6083720930232558 0.569116835326587 0.006910299003322259 0.010367985280588776
1 0.6086578073089701 0.5782980680772769 0.005182724252491694 0.006384544618215271
1 0.5738006644518273 0.5667249310027599 0.005760797342192691 0.008776448942042318
1 0.5666046511627907 0.6361269549218032 0.007488372093023256 0.011968721251149953
1 0.521953488372093 0.5555565777368905 0.006910299003322259 0.008776448942042318
1 0.5435548172757475 0.5336246550137994 0.007488372093023256 0.012759889604415823
1 0.6086578073089701 0.4658233670653174 0.006338870431893687 0.009567617295308188
1 0.5766843853820598 0.6161821527138914 0.008066445182724253 0.011968721251149953
1 0.5395215946843854 0.7649402023919043 0.007488372093023256 0.007976080956761729
1 0.5619933554817276 0.4103863845446182 0.009794019933554818 0.016752529898804047
1 0.6049102990033223 0.40121435142594297 0.008066445182724253 0.011168353265869365
1 0.6714551495016611 0.3609659613615455 0.007488372093023256 0.008776448942042318
1 0.5792757475083056 0.4854001839926403 0.005182724252491694 0.00717571297148114
1 0.4600199335548173 0.5635694572217111 0.006338870431893687 0.008776448942042318
1 0.4165249169435216 0.5508095676172953 0.008066445182724253 0.011968721251149953
1 0.4320797342192691 0.4682520699172033 0.008066445182724253 0.012759889604415823
1 0.3689966777408638 0.4415271389144434 0.007488372093023256 0.010367985280588776
1 0.3911760797342193 0.5500091996320148 0.025348837209302325 0.024728610855565776
1 0.3678471760797342 0.5743330266789328 0.009794019933554818 0.012759889604415823
1 0.35488372093023257 0.4925758969641214 0.02419933554817276 0.03908923643054278
1 0.37043853820598005 0.5073045078196873 0.005760797342192691 0.007976080956761729
1 0.2390830564784053 0.5216651333946641 0.011521594684385381 0.012759889604415823
1 0.25953488372093025 0.5324287028518859 0.005182724252491694 0.005584176632934683
1 0.2730764119601329 0.4199632014719411 0.006910299003322259 0.010367985280588776
1 0.3096544850498339 0.3254369825206992 0.00864451827242525 0.011168353265869365
1 0.31858471760797347 0.47779208831646736 0.00921594684385382 0.011168353265869365
1 0.30533554817275743 0.5093008279668814 0.01267109634551495 0.016752529898804047
1 0.17859136212624582 0.5037166513339466 0.00921594684385382 0.010367985280588776
1 0.19904318936877077 0.41517939282428706 0.005182724252491694 0.008776448942042318
1 0.1794551495016611 0.5763017479300828 0.006338870431893687 0.008776448942042318
1 0.16505647840531562 0.569116835326587 0.006338870431893687 0.008776448942042318
1 0.26587375415282394 0.6225666973321067 0.007488372093023256 0.010367985280588776
1 0.244843853820598 0.631738730450782 0.010372093023255813 0.009567617295308188
1 0.3649634551495016 0.6433026678932843 0.006338870431893687 0.00717571297148114
1 0.45656478405315615 0.28356025758969644 0.006338870431893687 0.010367985280588776
1 0.35891694352159464 0.28356025758969644 0.00921594684385382 0.008776448942042318
1 0.28344186046511627 0.27 0.005760797342192691 0.008776448942042318
1 0.20106312292358805 0.2572401103955842 0.011521594684385381 0.013560257589696412
1 0.24829900332225913 0.2544526218951242 0.008066445182724253 0.009567617295308188
1 0.2390830564784053 0.25804047838086475 0.011521594684385381 0.016752529898804047
1 0.5928172757475083 0.28675252989880406 0.020737541528239204 0.02153633854645814
1 0.12415282392026578 0.5112879484820607 0.00864451827242525 0.012759889604415823
1 0.018146179401993354 0.5631370745170193 0.01209966777408638 0.014360625574977
1 0.0901594684385382 0.5352161913523459 0.010943521594684385 0.007976080956761729
1 0.11522259136212624 0.5770929162833486 0.006910299003322259 0.005584176632934683
1 0.07229900332225914 0.6018215271389143 0.006338870431893687 0.008776448942042318
1 0.22813953488372093 0.6740110395584177 0.008066445182724253 0.007976080956761729
1 0.09937541528239202 0.3689144434222631 0.006338870431893687 0.005584176632934683
1 0.3295348837209302 0.7059153633854646 0.004611295681063123 0.004783808647654094
1 0.2998671096345515 0.7501839926402945 0.007488372093023256 0.013560257589696412
1 0.3206046511627907 0.8195860165593376 0.00864451827242525 0.01515179392824287
1 0.14950166112956811 0.8443054277828886 0.013249169435215948 0.01515179392824287
1 0.12847176079734218 0.8949586016559338 0.006910299003322259 0.011168353265869365
1 0.07979401993355482 0.8865869365225392 0.007488372093023256 0.00717571297148114
1 0.1503654485049834 0.8857865685372586 0.010372093023255813 0.013560257589696412
1 0.2503189368770764 0.9089144434222631 0.00864451827242525 0.010367985280588776
1 0.30619933554817275 0.8714259429622815 0.006338870431893687 0.010367985280588776
1 0.2716345514950166 0.887378104875805 0.00864451827242525 0.013560257589696412
1 0.3574750830564784 0.8399172033118676 0.006338870431893687 0.009567617295308188
1 0.34336212624584717 0.9296596136154553 0.006910299003322259 0.011968721251149953
1 0.35891694352159464 0.9500000000000001 0.008066445182724253 0.009567617295308188
1 0.3741794019933555 0.95278748850046 0.00864451827242525 0.013560257589696412
1 0.4453289036544851 0.7928610855565777 0.010372093023255813 0.012759889604415823
1 0.458578073089701 0.8407175712971481 0.008066445182724253 0.011168353265869365
1 0.25435215946843853 0.9372309107635695 0.010943521594684385 0.009567617295308188
1 0.4484983388704319 0.9224747010119595 0.004033222591362126 0.00717571297148114
1 0.5573820598006645 0.8395216191352345 0.006338870431893687 0.010367985280588776
1 0.5553687707641196 0.8829898804047838 0.005760797342192691 0.007976080956761729
1 0.8186511627906976 0.8981508739650413 0.006910299003322259 0.011168353265869365
1 0.9796677740863788 0.6070101195952162 0.009794019933554818 0.012759889604415823
1 0.957202657807309 0.6688224471021159 0.00864451827242525 0.013560257589696412
1 0.9776544850498338 0.6592548298068077 0.010372093023255813 0.011968721251149953
1 0.9050631229235879 0.24248390064397424 0.010372093023255813 0.007976080956761729
1 0.9880265780730897 0.21257589696412144 0.006910299003322259 0.008776448942042318
1 0.9724717607973421 0.3178656853725851 0.004611295681063123 0.00717571297148114
1 0.9952225913621262 0.36771849126034956 0.006338870431893687 0.014360625574977
1 0.957202657807309 0.35854645814167435 0.007488372093023256 0.01515179392824287
1 0.9574883720930233 0.2915363385464581 0.004611295681063123 0.00717571297148114
1 0.7060199335548173 0.10209751609935602 0.006338870431893687 0.012759889604415823
1 0.7310830564784053 0.03992640294388224 0.026498338870431896 0.028794848206071758
1 0.787827242524917 0.30709291628334867 0.00864451827242525 0.009567617295308188
1 0.6553222591362127 0.2480680772769089 0.007488372093023256 0.009567617295308188
1 0.6619468438538206 0.1459705611775529 0.006910299003322259 0.007976080956761729
1 0.6691495016611296 0.08335786568537258 0.006338870431893687 0.008776448942042318
1 0.6818205980066446 0.09372585096596135 0.005182724252491694 0.00717571297148114
1 0.5720730897009967 0.06421343146274149 0.005760797342192691 0.00717571297148114
1 0.5467242524916944 0.030708371665133398 0.00921594684385382 0.013560257589696412
1 0.5873421926910299 0.15713891444342226 0.005182724252491694 0.007976080956761729
1 0.33356810631229233 0.1683072677092916 0.011521594684385381 0.015952161913523458
1 0.03773421926910299 0.08814167433302668 0.01786046511627907 0.019944802207911682
1 0.047242524916943515 0.18226310947562097 0.01267109634551495 0.024728610855565776
1 0.05041196013289037 0.22494020239190432 0.006338870431893687 0.009567617295308188
1 0.04781395348837209 0.25285188592456304 0.00921594684385382 0.011168353265869365
1 0.31542192691029897 0.20897884084636614 0.006338870431893687 0.009567617295308188
1 0.2517607973421927 0.2014075436982521 0.005760797342192691 0.008776448942042318
1 0.05372093023255813 0.4761361545538178 0.00836544850498339 0.011582336706531738
1 0.07205980066445183 0.5701195952161914 0.007720930232558139 0.010689972401103955