1 0.47997192982456144 0.8195387293298521 0.012554385964912282 0.018233246301131417
0 0.6443438596491229 0.718076588337685 0.03647017543859649 0.03894691035683203
0 0.7101964912280702 0.8964926022628372 0.030392982456140354 0.04649260226283725
0 0.8439228070175439 0.9172236727589209 0.030392982456140354 0.045230635335073974
0 0.15044912280701753 0.9134551784160139 0.04153684210526316 0.04272410791993038
1 0.27759298245614034 0.6395474325500435 0.01215438596491228 0.012567449956483899
1 0.2715157894736842 0.9844473455178417 0.01215438596491228 0.011305483028720626
1 0.09219649122807017 0.958059181897302 0.008105263157894737 0.011305483028720626
1 0.3652280701754386 0.6106440382941688 0.0152 0.02512619669277633
1 0.11448421052631579 0.6621583986074848 0.010133333333333333 0.012567449956483899
1 0.12764912280701754 0.6759791122715405 0.010133333333333333 0.010052219321148826
1 0.4189192982456141 0.8581723237597911 0.011143859649122808 0.010052219321148826
1 0.31457543859649123 0.9718798955613578 0.007094736842105263 0.008798955613577023
1 0.46603508771929825 0.7155613577023499 0.010133333333333333 0.011305483028720626
1 0.48376140350877195 0.7884334203655352 0.007094736842105263 0.008798955613577023
1 0.5936842105263158 0.8782767624020887 0.008105263157894737 0.010052219321148826
1 0.8484842105263157 0.7871801566579635 0.00911578947368421 0.013820713664055701
1 0.9695508771929824 0.8826718885987817 0.01215438596491228 0.013820713664055701
1 0.5344210526315789 0.5691818973020017 0.019249122807017544 0.02512619669277633
1 0.6418105263157895 0.5120104438642298 0.00911578947368421 0.011305483028720626
1 0.9001543859649123 0.459242819843342 0.00911578947368421 0.008798955613577023
1 0.6164771929824562 0.552845953002611 0.007094736842105263 0.010052219321148826
1 0.7203228070175439 0.6766144473455178 0.008105263157894737 0.008798955613577023
1 0.6499157894736842 0.6690687554395126 0.007094736842105263 0.008798955613577023
1 0.03242105263157895 0.4096083550913838 0.010133333333333333 0.010052219321148826
1 0.029887719298245616 0.303437771975631 0.00911578947368421 0.008798955613577023
1 0.4944 0.1627154046997389 0.008105263157894737 0.011305483028720626
1 0.232 0.18532637075718014 0.01215438596491228 0.016335944299390774
1 0.5658245614035088 0.18093124456048737 0.00911578947368421 0.012567449956483899
1 0.9832280701754386 0.4008181026979983 0.007094736842105263 0.010052219321148826
1 0.9325684210526316 0.3650043516100957 0.007094736842105263 0.011305483028720626
1 0.7127228070175439 0.10554395126196693 0.007094736842105263 0.007536988685813751
1 0.7907368421052631 0.16899912967798086 0.007094736842105263 0.008798955613577023
1 0.7142456140350877 0.2858485639686684 0.00607719298245614 0.008798955613577023
1 0.18678596491228072 0.031348999129677986 0.016856140350877194 0.013933855526544824