1 0.4889046391752577 0.14672037914691943 0.011295103092783506 0.023421800947867298
0 0.5501030927835051 0.2997440758293839 0.017583762886597937 0.037118483412322274
0 0.6468234536082474 0.4937630331753554 0.02293814432989691 0.03148815165876777
0 0.5879510309278351 0.5353744075829384 0.02446520618556701 0.03599052132701422
0 0.37425257731958766 0.6214218009478674 0.0267590206185567 0.037118483412322274
0 0.4595038659793814 0.7136492890995261 0.02140463917525773 0.032616113744075824
1 0.23548324742268043 0.6135450236966824 0.01223582474226804 0.01462559241706161
1 0.27218427835051545 0.6034218009478673 0.01223582474226804 0.01462559241706161
1 0.3337306701030928 0.6360473933649289 0.008408505154639175 0.01462559241706161
1 0.329909793814433 0.5606824644549763 0.011469072164948454 0.02137440758293839
1 0.3413788659793815 0.48308056872037913 0.016056701030927836 0.028123222748815166
1 0.315 0.6669763033175355 0.010702319587628866 0.024748815165876778
1 0.32417525773195877 0.6652890995260663 0.00764819587628866 0.01462559241706161
1 0.241604381443299 0.5393175355450237 0.00764819587628866 0.012369668246445498
1 0.2752448453608247 0.5275071090047393 0.009175257731958764 0.013497630331753555
1 0.30009020618556703 0.5393175355450237 0.008408505154639175 0.016872037914691943
1 0.3268492268041237 0.5359431279620853 0.012996134020618558 0.01462559241706161
1 0.33985180412371135 0.5646255924170616 0.006881443298969072 0.011251184834123223
1 0.3528479381443299 0.5680000000000001 0.006881443298969072 0.008995260663507108
1 0.36813788659793817 0.6141137440758294 0.008408505154639175 0.011251184834123223
1 0.3857216494845361 0.6197345971563981 0.00535438144329897 0.011251184834123223
1 0.35017396907216497 0.6101706161137441 0.013762886597938144 0.012369668246445498
1 0.3528479381443299 0.5201990521327013 0.00535438144329897 0.007876777251184835
1 0.35781572164948455 0.5269383886255924 0.016823453608247423 0.019118483412322276
1 0.3310567010309278 0.7192701421800948 0.00764819587628866 0.010123222748815166
1 0.3463466494845361 0.6810331753554503 0.006114690721649485 0.007876777251184835
1 0.3658440721649484 0.9324170616113745 0.016056701030927836 0.018
1 0.45453608247422683 0.911042654028436 0.017583762886597937 0.02024644549763033
1 0.24542525773195875 0.9222938388625592 0.02140463917525773 0.033744075829383886
1 0.2049033505154639 0.9003601895734598 0.02140463917525773 0.02137440758293839
1 0.13800257731958762 0.9189194312796208 0.012996134020618558 0.015744075829383884
1 0.19114046391752576 0.8874218009478673 0.00764819587628866 0.008995260663507108
1 0.18196520618556702 0.9127298578199051 0.00764819587628866 0.010123222748815166
1 0.18540592783505155 0.9447867298578199 0.008408505154639175 0.011251184834123223
1 0.635354381443299 0.808691943127962 0.016823453608247423 0.022492890995260664
1 0.6365012886597938 0.8981042654028436 0.014529639175257732 0.02137440758293839
1 0.6472036082474227 0.9071090047393365 0.00994201030927835 0.01462559241706161
1 0.7641817010309279 0.9436587677725118 0.012996134020618558 0.011251184834123223
1 0.7813853092783506 0.9644644549763033 0.030579896907216495 0.0303696682464455
1 0.7657152061855671 0.9116018957345972 0.011469072164948454 0.01462559241706161
1 0.7840592783505154 0.9397251184834123 0.008408505154639175 0.012369668246445498
1 0.74277706185567 0.7760758293838862 0.017583762886597937 0.02024644549763033
1 0.7527126288659794 0.76539336492891 0.00994201030927835 0.019118483412322276
1 0.7515657216494845 0.7940663507109005 0.00764819587628866 0.011251184834123223
1 0.15482603092783503 0.5831848341232228 0.025231958762886596 0.03936492890995261
1 0.27906572164948457 0.7367109004739336 0.009175257731958764 0.018
1 0.3425257731958763 0.8345592417061611 0.013762886597938144 0.013497630331753555
1 0.37693298969072164 0.7727014218009479 0.013762886597938144 0.013497630331753555
1 0.3857216494845361 0.7918199052132702 0.00994201030927835 0.011251184834123223
1 0.3776932989690721 0.798568720379147 0.00764819587628866 0.008995260663507108
1 0.36546391752577323 0.8137535545023696 0.009175257731958764 0.012369668246445498
1 0.415541237113402 0.8098199052132702 0.011469072164948454 0.013497630331753555
1 0.47862113402061857 0.7603317535545023 0.010702319587628866 0.018
1 0.4411533505154639 0.7547014218009479 0.015289948453608248 0.018
1 0.4533891752577319 0.7580758293838863 0.006114690721649485 0.008995260663507108
1 0.45912371134020613 0.76539336492891 0.00535438144329897 0.007876777251184835
1 0.49581829896907215 0.47970616113744075 0.017583762886597937 0.0303696682464455
1 0.41362757731958766 0.7288341232227488 0.009175257731958764 0.013497630331753555
1 0.4499484536082475 0.808691943127962 0.00994201030927835 0.015744075829383884
1 0.3983376288659794 0.7378293838862559 0.00764819587628866 0.011251184834123223
1 0.39489690721649484 0.6804739336492891 0.00535438144329897 0.008995260663507108
1 0.4078930412371134 0.7035260663507109 0.006881443298969072 0.010123222748815166
1 0.3853414948453608 0.7114028436018958 0.006114690721649485 0.007876777251184835
1 0.4335115979381443 0.6703507109004739 0.006114690721649485 0.008995260663507108
1 0.43274484536082475 0.6883412322274882 0.00764819587628866 0.008995260663507108
1 0.4419201030927835 0.6759715639810426 0.006114690721649485 0.008995260663507108
1 0.3906958762886598 0.8182559241706161 0.006114690721649485 0.007876777251184835
1 0.35055412371134015 0.7918199052132702 0.011469072164948454 0.011251184834123223
1 0.41133376288659795 0.858739336492891 0.006114690721649485 0.010123222748815166
1 0.4040721649484536 0.8474976303317535 0.00535438144329897 0.007876777251184835
1 0.45797680412371133 0.8705497630331753 0.004587628865979382 0.008995260663507108
1 0.4935244845360825 0.8053175355450237 0.006881443298969072 0.008995260663507108
1 0.4740335051546392 0.8238767772511849 0.004587628865979382 0.007876777251184835
1 0.44077319587628866 0.9116018957345972 0.008408505154639175 0.019118483412322276
1 0.3792268041237113 0.8891090047393365 0.006114690721649485 0.010123222748815166
1 0.41095360824742266 0.9222938388625592 0.006881443298969072 0.008995260663507108
1 0.42127577319587634 0.9498483412322275 0.006114690721649485 0.010123222748815166
1 0.43236469072164946 0.9588436018957346 0.006881443298969072 0.012369668246445498
1 0.4973518041237113 0.9217251184834123 0.008408505154639175 0.010123222748815166
1 0.48817654639175256 0.954909952606635 0.008408505154639175 0.011251184834123223
1 0.4935244845360825 0.9717819905213271 0.011469072164948454 0.02024644549763033
1 0.4690592783505155 0.8930521327014218 0.00535438144329897 0.006748815165876778
1 0.45453608247422683 0.8947393364928911 0.00535438144329897 0.007876777251184835
1 0.39528350515463917 0.9301611374407583 0.00764819587628866 0.011251184834123223
1 0.38725515463917526 0.9487203791469194 0.00535438144329897 0.010123222748815166
1 0.3941365979381444 0.9605308056872038 0.00994201030927835 0.011251184834123223
1 0.31806056701030927 0.9430995260663507 0.00764819587628866 0.010123222748815166
1 0.3046778350515464 0.9532227488151659 0.012996134020618558 0.016872037914691943
1 0.29818298969072166 0.9352227488151659 0.009175257731958764 0.010123222748815166
1 0.31385309278350515 0.8429952606635072 0.006881443298969072 0.010123222748815166
1 0.33870489690721645 0.8497440758293839 0.00764819587628866 0.012369668246445498
1 0.3478801546391752 0.8604265402843602 0.00764819587628866 0.006748815165876778
1 0.3597293814432989 0.8722369668246446 0.0038208762886597935 0.007876777251184835
1 0.3409987113402062 0.8789857819905214 0.009175257731958764 0.007876777251184835
1 0.25001288659793813 0.7170236966824645 0.004587628865979382 0.010123222748815166
1 0.19496134020618555 0.756957345971564 0.009175257731958764 0.013497630331753555
1 0.16744201030927836 0.7530142180094787 0.010702319587628866 0.010123222748815166
1 0.17891108247422682 0.7029668246445497 0.009175257731958764 0.013497630331753555
1 0.03134664948453608 0.9436587677725118 0.015289948453608248 0.02024644549763033
1 0.015289948453608248 0.9408530805687204 0.004587628865979382 0.010123222748815166
1 0.02026417525773196 0.9655924170616114 0.006881443298969072 0.007876777251184835
1 0.024845360824742268 0.8789857819905214 0.012996134020618558 0.019118483412322276
1 0.07568943298969072 0.8823601895734597 0.009175257731958764 0.016872037914691943
1 0.05543170103092784 0.8564928909952607 0.008408505154639175 0.010123222748815166
1 0.06880798969072166 0.8609952606635072 0.009175257731958764 0.007876777251184835
1 0.04472938144329897 0.7457061611374408 0.012996134020618558 0.015744075829383884
1 0.03134664948453608 0.7434597156398105 0.006114690721649485 0.006748815165876778
1 0.040141752577319584 0.7119620853080568 0.006881443298969072 0.006748815165876778
1 0.09518685567010308 0.74739336492891 0.008408505154639175 0.012369668246445498
1 0.08715850515463919 0.7018388625592418 0.01223582474226804 0.02024644549763033
1 0.06001932989690722 0.6815924170616114 0.006881443298969072 0.008995260663507108
1 0.06804768041237114 0.6917156398104265 0.01223582474226804 0.011251184834123223
1 0.11047680412371134 0.7282748815165877 0.006881443298969072 0.010123222748815166
1 0.1001610824742268 0.8497440758293839 0.004587628865979382 0.010123222748815166
1 0.1055090206185567 0.8570521327014219 0.004587628865979382 0.008995260663507108
1 0.1613208762886598 0.8098199052132702 0.006114690721649485 0.011251184834123223
1 0.15443943298969073 0.8002559241706161 0.00764819587628866 0.010123222748815166
1 0.17699742268041235 0.9009194312796209 0.008408505154639175 0.011251184834123223
1 0.22516752577319588 0.9807772511848342 0.012996134020618558 0.013497630331753555
1 0.19037371134020617 0.6529099526066351 0.006114690721649485 0.010123222748815166
1 0.20643041237113402 0.7665118483412322 0.00764819587628866 0.010123222748815166
1 0.21407860824742267 0.7878862559241706 0.006114690721649485 0.007876777251184835
1 0.22440077319587629 0.816 0.006881443298969072 0.010123222748815166
1 0.23166237113402063 0.859867298578199 0.00764819587628866 0.007876777251184835
1 0.2630090206185567 0.893611374407583 0.00764819587628866 0.012369668246445498
1 0.2695103092783505 0.9200379146919431 0.006881443298969072 0.008995260663507108
1 0.27677190721649486 0.9965781990521329 0.00764819587628866 0.00685308056872038
1 0.16323453608247424 0.7046540284360189 0.012996134020618558 0.016872037914691943
1 0.12730025773195877 0.592739336492891 0.006881443298969072 0.011251184834123223
1 0.06919458762886598 0.5916113744075829 0.006881443298969072 0.008995260663507108
1 0.23816365979381443 0.7670805687203791 0.00994201030927835 0.011251184834123223
1 0.07416237113402062 0.6231090047393365 0.009175257731958764 0.011251184834123223
1 0.09403994845360825 0.6512227488151658 0.009175257731958764 0.011251184834123223
1 0.20222938144329897 0.5342559241706161 0.008408505154639175 0.018
1 0.18158505154639173 0.5421232227488152 0.008408505154639175 0.011251184834123223
1 0.11391752577319589 0.5190805687203791 0.00764819587628866 0.007895734597156399
1 0.026378865979381442 0.5140284360189573 0.014529639175257732 0.018
1 0.17776417525773194 0.5539620853080568 0.00535438144329897 0.007876777251184835
1 0.11315721649484536 0.5376492890995261 0.004587628865979382 0.008995260663507108
1 0.2465721649484536 0.8784454976303318 0.006881443298969072 0.011251184834123223
1 0.24083762886597937 0.8818199052132701 0.004587628865979382 0.008995260663507108
1 0.29397551546391754 0.8014028436018957 0.00535438144329897 0.007876777251184835
1 0.2913015463917526 0.6759905213270142 0.006114690721649485 0.006748815165876778
1 0.24313144329896905 0.5584549763033175 0.013762886597938144 0.019118483412322276
1 0.30009020618556703 0.863829383886256 0.008408505154639175 0.013497630331753555
1 0.43312500000000004 0.5787014218009479 0.00535438144329897 0.010123222748815166
1 0.5111146907216495 0.8559526066350711 0.008408505154639175 0.011251184834123223
1 0.5141688144329897 0.691175355450237 0.00994201030927835 0.012369668246445498
1 0.483208762886598 0.6523791469194312 0.006114690721649485 0.008995260663507108
1 0.4736469072164949 0.6804928909952607 0.00535438144329897 0.008995260663507108
1 0.4919974226804124 0.5989478672985782 0.006881443298969072 0.010123222748815166
1 0.4919974226804124 0.623696682464455 0.00535438144329897 0.010123222748815166
1 0.4736469072164949 0.5404644549763034 0.006881443298969072 0.016872037914691943
1 0.517229381443299 0.6118862559241706 0.012996134020618558 0.018
1 0.5214368556701031 0.7299810426540284 0.006114690721649485 0.008995260663507108
1 0.5405476804123711 0.7581042654028436 0.00764819587628866 0.013497630331753555
1 0.5042332474226805 0.7451658767772512 0.00535438144329897 0.010123222748815166
1 0.5229639175257732 0.7597914691943128 0.006114690721649485 0.007876777251184835
1 0.5351932989690722 0.7856587677725119 0.00764819587628866 0.007876777251184835
1 0.526784793814433 0.7997156398104266 0.01223582474226804 0.013497630331753555
1 0.583743556701031 0.6810521327014218 0.006881443298969072 0.012369668246445498
1 0.575715206185567 0.6833080568720379 0.010702319587628866 0.010123222748815166
1 0.5669265463917526 0.6242559241706161 0.00535438144329897 0.008995260663507108
1 0.5776288659793815 0.8154597156398103 0.006881443298969072 0.013497630331753555
1 0.595979381443299 0.7462938388625593 0.006881443298969072 0.010123222748815166
1 0.5833634020618557 0.7159241706161137 0.004587628865979382 0.010123222748815166
1 0.5527835051546391 0.8587677725118483 0.00764819587628866 0.010123222748815166
1 0.5413144329896907 0.8941990521327015 0.00764819587628866 0.011251184834123223
1 0.5531636597938144 0.8745118483412322 0.0038208762886597935 0.007876777251184835
1 0.5722744845360824 0.8700094786729858 0.00994201030927835 0.012369668246445498
1 0.5780090206185567 0.8508909952606636 0.00764819587628866 0.012369668246445498
1 0.583743556701031 0.8576398104265402 0.00994201030927835 0.01462559241706161
1 0.529458762886598 0.9307488151658768 0.008408505154639175 0.016872037914691943
1 0.5130219072164949 0.8941990521327015 0.00764819587628866 0.008995260663507108
1 0.5191430412371134 0.8986919431279621 0.006114690721649485 0.004502369668246445
1 0.5432216494845361 0.5781421800947868 0.014529639175257732 0.02024644549763033
1 0.55125 0.7457251184834124 0.004587628865979382 0.008995260663507108
1 0.5455154639175258 0.9093744075829384 0.011469072164948454 0.01462559241706161
1 0.5585180412371135 0.915004739336493 0.008408505154639175 0.010123222748815166
1 0.5355798969072165 0.9493080568720379 0.006881443298969072 0.008995260663507108
1 0.6414690721649484 0.8452701421800948 0.006114690721649485 0.012369668246445498
1 0.5692203608247423 0.9093744075829384 0.014529639175257732 0.016872037914691943
1 0.5657796391752578 0.958872037914692 0.006114690721649485 0.007876777251184835
1 0.5562242268041238 0.9768625592417061 0.00535438144329897 0.007876777251184835
1 0.6097422680412371 0.9493080568720379 0.008408505154639175 0.013497630331753555
1 0.598653350515464 0.950995260663507 0.006114690721649485 0.010123222748815166
1 0.6303865979381443 0.9442464454976303 0.006881443298969072 0.016872037914691943
1 0.6391752577319587 0.9206255924170617 0.00764819587628866 0.01462559241706161
1 0.5998002577319588 0.8407677725118483 0.006881443298969072 0.007876777251184835
1 0.6257989690721649 0.838521327014218 0.00535438144329897 0.010123222748815166
1 0.6066817010309279 0.8801327014218009 0.0038208762886597935 0.010123222748815166
1 0.6682280927835051 0.9431184834123223 0.00764819587628866 0.012369668246445498
1 0.6590528350515464 0.9498672985781991 0.006114690721649485 0.010123222748815166
1 0.6403221649484536 0.9734881516587678 0.006881443298969072 0.010123222748815166
1 0.6835244845360824 0.8958862559241706 0.006114690721649485 0.012369668246445498
1 0.6869652061855671 0.9262464454976304 0.008408505154639175 0.012369668246445498
1 0.6900193298969073 0.8773270142180095 0.00535438144329897 0.011251184834123223
1 0.7179252577319588 0.882388625592417 0.009175257731958764 0.012369668246445498
1 0.7098969072164948 0.9549289099526067 0.00994201030927835 0.011251184834123223
1 0.7324548969072164 0.9571848341232227 0.006114690721649485 0.011251184834123223
1 0.7420103092783504 0.9599905213270142 0.00994201030927835 0.016872037914691943
1 0.4797680412371134 0.5736398104265403 0.00535438144329897 0.006748815165876778
1 0.46638530927835053 0.5539620853080568 0.006114690721649485 0.007876777251184835
1 0.41516108247422684 0.5826445497630333 0.006114690721649485 0.008995260663507108
1 0.6200644329896907 0.8846350710900474 0.006114690721649485 0.007876777251184835
1 0.792854381443299 0.8373744075829384 0.009175257731958764 0.01462559241706161
1 0.7569201030927835 0.8474976303317535 0.006114690721649485 0.010123222748815166
1 0.7611275773195876 0.8604265402843602 0.006881443298969072 0.008995260663507108
1 0.7102835051546391 0.7676398104265403 0.00764819587628866 0.010123222748815166
1 0.7240463917525773 0.8233175355450237 0.004587628865979382 0.008995260663507108
1 0.7355154639175258 0.8581800947867299 0.00764819587628866 0.011251184834123223
1 0.729014175257732 0.8435545023696683 0.00994201030927835 0.008995260663507108
1 0.7286340206185566 0.8328720379146919 0.015289948453608248 0.016872037914691943
1 0.8536404639175257 0.9391658767772513 0.008408505154639175 0.011251184834123223
1 0.8429317010309278 0.8733649289099525 0.00535438144329897 0.012369668246445498
1 0.841784793814433 0.7687677725118482 0.010702319587628866 0.01462559241706161
1 0.8861340206185567 0.826691943127962 0.006114690721649485 0.008995260663507108
1 0.8754252577319588 0.8401800947867298 0.006114690721649485 0.008995260663507108
1 0.8693105670103093 0.8924834123222749 0.006114690721649485 0.010123222748815166
1 0.8884278350515463 0.9217251184834123 0.006114690721649485 0.007876777251184835
1 0.8781056701030927 0.9672796208530806 0.00535438144329897 0.008995260663507108
1 0.9782603092783505 0.9661516587677724 0.0038208762886597935 0.008995260663507108
1 0.9541752577319589 0.8947393364928911 0.006114690721649485 0.007876777251184835
1 0.9262693298969071 0.8531184834123222 0.00994201030927835 0.010123222748815166
1 0.9633505154639175 0.8278104265402844 0.01223582474226804 0.018
1 0.962590206185567 0.6624739336492891 0.00764819587628866 0.008995260663507108
1 0.8073840206185566 0.7479526066350711 0.010702319587628866 0.013497630331753555
1 0.9537951030927835 0.8283791469194314 0.00535438144329897 0.012369668246445498
1 0.7974420103092784 0.7743886255924171 0.00764819587628866 0.012369668246445498
1 0.7641817010309279 0.7338957345971564 0.00994201030927835 0.016872037914691943
1 0.7752706185567011 0.7271469194312796 0.006114690721649485 0.010123222748815166
1 0.7703028350515464 0.7513270142180094 0.00535438144329897 0.008995260663507108
1 0.8834536082474226 0.576436018957346 0.00994201030927835 0.016872037914691943
1 0.8192332474226804 0.5410047393364928 0.017583762886597937 0.02024644549763033
1 0.8467590206185568 0.6011753554502369 0.00994201030927835 0.012369668246445498
1 0.9125064432989691 0.5190710900473934 0.00535438144329897 0.010123222748815166
1 0.8895747422680411 0.5201990521327013 0.00535438144329897 0.010123222748815166
1 0.9511211340206186 0.5618104265402843 0.013762886597938144 0.01462559241706161
1 0.9664110824742267 0.5589952606635071 0.006114690721649485 0.008995260663507108
1 0.9358311855670104 0.5370616113744076 0.006114690721649485 0.010123222748815166
1 0.7936211340206186 0.4965781990521327 0.006114690721649485 0.007876777251184835
1 0.7664755154639175 0.5426919431279621 0.006881443298969072 0.010123222748815166
1 0.8008827319587629 0.5848720379146919 0.012996134020618558 0.008995260663507108
1 0.8073840206185566 0.5978009478672985 0.009175257731958764 0.010123222748815166
1 0.8467590206185568 0.653478672985782 0.008408505154639175 0.013497630331753555
1 0.8589884020618558 0.6343601895734597 0.00535438144329897 0.011251184834123223
1 0.9293298969072165 0.6557251184834123 0.006881443298969072 0.008995260663507108
1 0.8708376288659794 0.6793459715639811 0.00764819587628866 0.008995260663507108
1 0.8597551546391752 0.6928436018957347 0.00994201030927835 0.011251184834123223
1 0.743923969072165 0.6489763033175355 0.010702319587628866 0.013497630331753555
1 0.7794716494845361 0.6776587677725118 0.006881443298969072 0.012369668246445498
1 0.7962951030927834 0.6652890995260663 0.00535438144329897 0.007876777251184835
1 0.7894136597938145 0.670909952606635 0.00535438144329897 0.007876777251184835
1 0.7790914948453609 0.6062369668246446 0.009175257731958764 0.011251184834123223
1 0.7236597938144329 0.637734597156398 0.006881443298969072 0.011251184834123223
1 0.699194587628866 0.6118578199052133 0.00535438144329897 0.008995260663507108
1 0.6739626288659794 0.6219810426540285 0.006881443298969072 0.008995260663507108
1 0.6915528350515464 0.6928436018957347 0.008408505154639175 0.011251184834123223
1 0.6739626288659794 0.7057819905213271 0.008408505154639175 0.01462559241706161
1 0.684284793814433 0.720957345971564 0.009175257731958764 0.011251184834123223
1 0.7072229381443298 0.6860947867298579 0.006114690721649485 0.008995260663507108
1 0.7030154639175257 0.6770995260663507 0.006881443298969072 0.008995260663507108
1 0.6147100515463917 0.5786824644549763 0.009175257731958764 0.01462559241706161
1 0.6804639175257732 0.5353744075829384 0.009175257731958764 0.013497630331753555
1 0.693840206185567 0.5336872037914692 0.006881443298969072 0.010123222748815166
1 0.6835244845360824 0.740085308056872 0.004587628865979382 0.006748815165876778
1 0.6529381443298969 0.6484170616113745 0.004587628865979382 0.010123222748815166
1 0.654465206185567 0.5888056872037916 0.004587628865979382 0.007876777251184835
1 0.6873453608247423 0.5837440758293839 0.006114690721649485 0.006748815165876778
1 0.6812306701030928 0.5561895734597156 0.006114690721649485 0.010123222748815166
1 0.6995747422680413 0.5786824644549763 0.006114690721649485 0.007876777251184835
1 0.7144845360824743 0.5893649289099526 0.00994201030927835 0.018
1 0.680083762886598 0.6860947867298579 0.00535438144329897 0.008995260663507108
1 0.6624935567010309 0.7254597156398105 0.00535438144329897 0.006748815165876778
1 0.5780090206185567 0.5831848341232228 0.010702319587628866 0.01462559241706161
1 0.9423260309278351 0.7327677725118484 0.008408505154639175 0.01462559241706161
1 0.9652641752577319 0.7254597156398105 0.006881443298969072 0.008995260663507108
1 0.9557087628865979 0.7704549763033176 0.00764819587628866 0.011251184834123223
1 0.9583827319587629 0.6934028436018957 0.00535438144329897 0.007876777251184835
1 0.7244265463917525 0.7530142180094787 0.00535438144329897 0.010123222748815166
1 0.6013337628865979 0.7648246445497631 0.00535438144329897 0.008995260663507108
1 0.970618556701031 0.28906161137440756 0.011469072164948454 0.02024644549763033
1 0.8956894329896906 0.3318009478672986 0.038994845360824745 0.085478672985782
1 0.9193878865979382 0.36723222748815165 0.008408505154639175 0.010123222748815166
1 0.987055412371134 0.33630331753554504 0.006114690721649485 0.011251184834123223
1 0.9293298969072165 0.39141232227488154 0.006881443298969072 0.013497630331753555
1 0.9557087628865979 0.4082843601895735 0.009175257731958764 0.015744075829383884
1 0.9472938144329898 0.42964928909952604 0.006114690721649485 0.008995260663507108
1 0.9327706185567011 0.4656398104265403 0.006114690721649485 0.013497630331753555
1 0.9465335051546392 0.45102369668246445 0.006114690721649485 0.008995260663507108
1 0.8635760309278351 0.4285308056872038 0.00535438144329897 0.008995260663507108
1 0.8528737113402063 0.46283412322274886 0.006881443298969072 0.010123222748815166
1 0.7492719072164947 0.46958293838862564 0.00764819587628866 0.012369668246445498
1 0.7978221649484536 0.46620853080568725 0.00535438144329897 0.010123222748815166
1 0.7515657216494845 0.42458767772511846 0.009175257731958764 0.010123222748815166
1 0.792854381443299 0.38635071090047396 0.02293814432989691 0.023620853080568723
1 0.7144845360824743 0.454957345971564 0.00994201030927835 0.01462559241706161
1 0.7129574742268041 0.4752037914691943 0.00535438144329897 0.007876777251184835
1 0.706076030927835 0.46732701421800943 0.00535438144329897 0.010123222748815166
1 0.6112693298969073 0.4712701421800948 0.006881443298969072 0.011251184834123223
1 0.6525579896907217 0.5173838862559242 0.012996134020618558 0.013497630331753555
1 0.6674677835051547 0.44371563981042655 0.004587628865979382 0.010123222748815166
1 0.63 0.5067014218009479 0.006114690721649485 0.010123222748815166
1 0.5898646907216495 0.4577725118483412 0.00535438144329897 0.008995260663507108
1 0.5803028350515463 0.45102369668246445 0.004587628865979382 0.008995260663507108
1 0.5925386597938145 0.4960094786729857 0.006114690721649485 0.008995260663507108
1 0.5833634020618557 0.47238862559241707 0.006114690721649485 0.008995260663507108
1 0.7481249999999999 0.23619905213270143 0.008408505154639175 0.013497630331753555
1 0.7687693298969073 0.19064454976303316 0.00994201030927835 0.012369668246445498
1 0.7748904639175258 0.2429478672985782 0.00535438144329897 0.011251184834123223
1 0.7362757731958763 0.3048056872037915 0.006114690721649485 0.011251184834123223
1 0.8043234536082474 0.3216777251184834 0.004587628865979382 0.008995260663507108
1 0.7400966494845361 0.37116587677725116 0.006114690721649485 0.006748815165876778
1 0.792854381443299 0.3177440758293839 0.004587628865979382 0.007876777251184835
1 0.7125773195876289 0.39141232227488154 0.00764819587628866 0.008995260663507108
1 0.7072229381443298 0.395345971563981 0.009175257731958764 0.010123222748815166
1 0.659819587628866 0.3604834123222749 0.006114690721649485 0.012369668246445498
1 0.6926997422680412 0.3312417061611374 0.006114690721649485 0.010123222748815166
1 0.6949871134020618 0.28962085308056873 0.006114690721649485 0.010123222748815166
1 0.6839046391752578 0.300303317535545 0.006881443298969072 0.008995260663507108
1 0.6739626288659794 0.3059336492890995 0.008408505154639175 0.011251184834123223
1 0.6647873711340206 0.33517535545023697 0.006881443298969072 0.008995260663507108
1 0.5998002577319588 0.36497630331753556 0.006881443298969072 0.007876777251184835
1 0.6189175257731958 0.37060663507109004 0.006881443298969072 0.007876777251184835
1 0.5868041237113403 0.34304265402843603 0.006881443298969072 0.008995260663507108
1 0.5852770618556701 0.3559810426540284 0.006881443298969072 0.007876777251184835
1 0.5409278350515464 0.40434123222748813 0.006881443298969072 0.010123222748815166
1 0.5076739690721649 0.28343127962085307 0.01223582474226804 0.011251184834123223
1 0.5952126288659794 0.25644549763033175 0.008408505154639175 0.018
1 0.6189175257731958 0.25138388625592417 0.006881443298969072 0.010123222748815166
1 0.5409278350515464 0.5010710900473934 0.006881443298969072 0.01462559241706161
1 0.5199033505154639 0.4960094786729857 0.006114690721649485 0.008995260663507108
1 0.49467139175257735 0.5185118483412322 0.01223582474226804 0.018
1 0.5019394329896907 0.5291943127962084 0.008408505154639175 0.01462559241706161
1 0.526784793814433 0.4577725118483412 0.013762886597938144 0.015744075829383884
1 0.5218170103092784 0.42740284360189573 0.006881443298969072 0.011251184834123223
1 0.5290786082474227 0.44371563981042655 0.00764819587628866 0.007876777251184835
1 0.8796327319587629 0.23338388625592418 0.006881443298969072 0.012369668246445498
1 0.9132731958762887 0.15634123222748814 0.025231958762886596 0.03148815165876777
1 0.8196134020618556 0.18671090047393363 0.013762886597938144 0.018
1 0.7615077319587629 0.14453080568720378 0.00764819587628866 0.010123222748815166
1 0.7852061855670104 0.16083412322274881 0.00764819587628866 0.018
1 0.8394909793814433 0.1338483412322275 0.006114690721649485 0.008995260663507108
1 0.8754252577319588 0.15072037914691944 0.006114690721649485 0.008995260663507108
1 0.923215206185567 0.20807582938388627 0.00535438144329897 0.008995260663507108
1 0.9587628865979382 0.23000947867298577 0.004587628865979382 0.007876777251184835
1 0.8177061855670102 0.22213270142180094 0.008408505154639175 0.01462559241706161
1 0.8035567010309278 0.25756398104265404 0.00764819587628866 0.011251184834123223
1 0.7974420103092784 0.2710616113744076 0.004587628865979382 0.008995260663507108
1 0.7519523195876289 0.19908056872037916 0.00535438144329897 0.008995260663507108
1 0.5936855670103093 0.27949763033175357 0.00535438144329897 0.010123222748815166
1 0.6051546391752578 0.2429478672985782 0.00535438144329897 0.008995260663507108
1 0.6235051546391752 0.18108056872037914 0.006881443298969072 0.011251184834123223
1 0.5952126288659794 0.3031184834123223 0.00535438144329897 0.010123222748815166
1 0.5604252577319587 0.30986729857819906 0.01223582474226804 0.01462559241706161
1 0.6127963917525773 0.2969289099526066 0.00535438144329897 0.006748815165876778
1 0.6460567010309278 0.4262748815165877 0.006114690721649485 0.006748815165876778
1 0.6246520618556701 0.5516872037914692 0.004587628865979382 0.007876777251184835
1 0.6334407216494845 0.5910521327014218 0.00535438144329897 0.007876777251184835
1 0.5990399484536083 0.5865592417061611 0.0038208762886597935 0.007876777251184835
1 0.8456121134020619 0.4392132701421801 0.004587628865979382 0.007876777251184835
1 0.7687693298969073 0.32223696682464453 0.0038208762886597935 0.007876777251184835
1 0.8368170103092784 0.31099526066350713 0.00535438144329897 0.010123222748815166
1 0.5283118556701031 0.16364928909952609 0.006114690721649485 0.010123222748815166
1 0.4682989690721649 0.26319431279620853 0.012996134020618558 0.02024644549763033
1 0.46638530927835053 0.22213270142180094 0.006114690721649485 0.010123222748815166
1 0.44459407216494845 0.3841042654028436 0.008408505154639175 0.012369668246445498
1 0.45721005154639177 0.3379905213270142 0.006114690721649485 0.010123222748815166
1 0.4262435567010309 0.35654028436018953 0.006881443298969072 0.008995260663507108
1 0.35781572164948455 0.3869099526066351 0.009175257731958764 0.015744075829383884
1 0.43121778350515466 0.2823127962085308 0.010702319587628866 0.011251184834123223
1 0.44612113402061854 0.2907488151658768 0.00535438144329897 0.010123222748815166
1 0.4522422680412371 0.31324170616113745 0.00535438144329897 0.007876777251184835
1 0.47670747422680415 0.30536492890995265 0.00535438144329897 0.010123222748815166
1 0.46485824742268045 0.3059336492890995 0.006114690721649485 0.008995260663507108
1 0.5084342783505155 0.37060663507109004 0.00764819587628866 0.007876777251184835
1 0.45185567010309274 0.41952606635071094 0.006114690721649485 0.008995260663507108
1 0.48434922680412373 0.4054691943127962 0.00535438144329897 0.010123222748815166
1 0.44077319587628866 0.4875734597156398 0.008408505154639175 0.016872037914691943
1 0.39375 0.4836398104265403 0.006114690721649485 0.008995260663507108
1 0.36317010309278347 0.47576303317535545 0.006114690721649485 0.011251184834123223
1 0.7198389175257732 0.4358388625592417 0.00535438144329897 0.00562085308056872
1 0.7435373711340206 0.4290900473933649 0.0038208762886597935 0.007876777251184835
1 0.6972809278350516 0.5033270142180095 0.004587628865979382 0.007876777251184835
1 0.6919329896907217 0.5078199052132701 0.004587628865979382 0.007876777251184835
1 0.310798969072165 0.44427488151658767 0.008408505154639175 0.008995260663507108
1 0.19802190721649485 0.412218009478673 0.009175257731958764 0.012369668246445498
1 0.17891108247422682 0.44989573459715637 0.006114690721649485 0.011251184834123223
1 0.17661726804123712 0.46732701421800943 0.006114690721649485 0.007876777251184835
1 0.22860824742268043 0.4943222748815166 0.00764819587628866 0.007876777251184835
1 0.2071971649484536 0.25756398104265404 0.010702319587628866 0.008995260663507108
1 0.20605025773195879 0.2963696682464455 0.006881443298969072 0.010123222748815166
1 0.7817654639175258 0.22213270142180094 0.006881443298969072 0.007876777251184835
1 0.7855927835051546 0.24463507109004737 0.00535438144329897 0.00562085308056872
1 0.7515657216494845 0.22607582938388623 0.004587628865979382 0.008995260663507108
1 0.008028350515463918 0.35654028436018953 0.006881443298969072 0.015744075829383884
1 0.04702319587628866 0.17208530805687206 0.014529639175257732 0.013497630331753555
1 0.03631443298969072 0.04498578199052133 0.006881443298969072 0.011251184834123223
1 0.12118556701030929 0.0039336492890995264 0.008408505154639175 0.007876777251184835
1 0.0921327319587629 0.04836018957345972 0.00535438144329897 0.008995260663507108
1 0.08525128865979381 0.052862559241706165 0.008408505154639175 0.013497630331753555
1 0.1984020618556701 0.04780094786729858 0.006881443298969072 0.007876777251184835
1 0.26454252577319587 0.05230331753554502 0.006114690721649485 0.010123222748815166
1 0.1246262886597938 0.2907488151658768 0.00764819587628866 0.010123222748815166
1 0.14603092783505153 0.2688151658767773 0.004587628865979382 0.008995260663507108
1 0.1552061855670103 0.41503317535545026 0.013762886597938144 0.015744075829383884
1 0.11545103092783505 0.4358388625592417 0.00764819587628866 0.01462559241706161
1 0.10588917525773196 0.46620853080568725 0.00535438144329897 0.007876777251184835
1 0.1269201030927835 0.47633175355450236 0.006114690721649485 0.007876777251184835
1 0.09518685567010308 0.4099715639810426 0.00535438144329897 0.007876777251184835
1 0.05428479381443299 0.4555260663507109 0.00764819587628866 0.011251184834123223
1 0.2679832474226804 0.2142654028436019 0.006881443298969072 0.012369668246445498
1 0.25612757731958763 0.24013270142180096 0.009175257731958764 0.007876777251184835
1 0.22287371134020617 0.23338388625592418 0.006881443298969072 0.010123222748815166
1 0.27677190721649486 0.13890995260663508 0.006114690721649485 0.007876777251184835
1 0.33028994845360826 0.04780094786729858 0.01223582474226804 0.016872037914691943
1 0.3597293814432989 0.07872985781990521 0.00535438144329897 0.008995260663507108
1 0.3253221649484536 0.09560189573459715 0.00535438144329897 0.008995260663507108
1 0.3192074742268041 0.15127962085308055 0.006881443298969072 0.007876777251184835
1 0.35552190721649485 0.1749004739336493 0.004587628865979382 0.010123222748815166
1 0.34481958762886594 0.2721895734597157 0.004587628865979382 0.006748815165876778
1 0.2691301546391753 0.33854976303317535 0.006114690721649485 0.006748815165876778
1 0.39910438144329896 0.2969289099526066 0.006114690721649485 0.008995260663507108
1 0.40101159793814434 0.2502559241706161 0.006881443298969072 0.007876777251184835
1 0.37501932989690717 0.19908056872037916 0.006881443298969072 0.008995260663507108
1 0.3215012886597938 0.21089099526066352 0.006881443298969072 0.010123222748815166
1 0.31958762886597936 0.3334881516587678 0.004587628865979382 0.007876777251184835
1 0.3016237113402062 0.34135545023696684 0.00535438144329897 0.007876777251184835
1 0.3987242268041237 0.0944739336492891 0.00535438144329897 0.006748815165876778
1 0.3983376288659794 0.04611374407582938 0.004587628865979382 0.008995260663507108
1 0.4491817010309278 0.04555450236966825 0.006881443298969072 0.007876777251184835
1 0.44612113402061854 0.059052132701421796 0.006881443298969072 0.010123222748815166
1 0.5845103092783505 0.03767772511848341 0.00994201030927835 0.01462559241706161
1 0.6238853092783505 0.05961137440758294 0.010702319587628866 0.015744075829383884
1 0.6135631443298969 0.1338483412322275 0.006881443298969072 0.008995260663507108
1 0.6192976804123711 0.15409478672985782 0.0030605670103092783 0.006748815165876778
1 0.9086855670103092 0.04386729857819905 0.006881443298969072 0.011251184834123223
1 0.6735824742268042 0.028682464454976304 0.006114690721649485 0.010123222748815166
1 0.7584471649484535 0.03992417061611374 0.006114690721649485 0.007876777251184835
1 0.8016494845360825 0.07648341232227487 0.00535438144329897 0.008995260663507108
1 0.809291237113402 0.0877345971563981 0.008408505154639175 0.011251184834123223
1 0.7775644329896907 0.08660663507109005 0.010702319587628866 0.015744075829383884
1 0.7198389175257732 0.02306161137440758 0.006881443298969072 0.010123222748815166
1 0.7076030927835052 0.1411563981042654 0.0038208762886597935 0.007876777251184835
1 0.3734922680412371 0.3784739336492891 0.00535438144329897 0.00562085308056872
1 0.35743556701030926 0.3762274881516588 0.0038208762886597935 0.007876777251184835
1 0.3046778350515464 0.3576682464454976 0.00535438144329897 0.006748815165876778
1 0.26724871134020617 0.4347109004739337 0.005412371134020618 0.00562085308056872
1 0.3185051546391753 0.16364928909952609 0.0038208762886597935 0.007876777251184835
1 0.3211791237113402 0.14340284360189573 0.004587628865979382 0.007876777251184835
1 0.7695940721649485 0.022492890995260664 0.00535438144329897 0.008995260663507108