0 0.5548954372623575 0.1205012853470437 0.02138783269961977 0.04820051413881748
0 0.9096673003802281 0.6638817480719794 0.015960076045627377 0.04282776349614396
1 0.6127946768060836 0.3938431876606684 0.00717680608365019 0.028149100257069407
1 0.49975760456273766 0.10497429305912596 0.010209125475285172 0.036452442159383036
0 0.7514638783269961 0.2946401028277635 0.01785171102661597 0.051915167095115684
0 0.32422053231939163 0.042197943444730074 0.01979087452471483 0.042377892030848324
1 0.08978136882129278 0.49517994858611825 0.01164448669201521 0.021812339331619537
1 0.2193583650190114 0.19295629820051413 0.00997148288973384 0.025359897172236506
1 0.8701188212927756 0.572107969151671 0.019348859315589353 0.03336760925449871
1 0.24694866920152092 0.31196658097686375 0.008645437262357416 0.037737789203084834
1 0.39916825095057035 0.06037275064267352 0.008379277566539924 0.01993573264781491
1 0.12646387832699618 0.2946401028277635 0.00908745247148289 0.01948586118251928
1 0.5454087452471482 0.898598971722365 0.007119771863117871 0.024383033419023134
1 0.39086501901140686 0.1975064267352185 0.008331749049429658 0.02870179948586118
1 0.957519011406844 0.3339203084832905 0.0074904942965779465 0.03426735218508997
1 0.94287072243346 0.9811311053984576 0.015365969581749048 0.022570694087403597
1 0.5336929657794677 0.061645244215938304 0.0093393536121673 0.022403598971722366
1 0.511230988593156 0.054473007712082265 0.012053231939163498 0.024383033419023134
1 0.07763783269961977 0.7302313624678664 0.006929657794676806 0.02318766066838046
0 0.2709980988593156 0.15804627249357325 0.016097908745247146 0.051915167095115684
1 0.7460931558935361 0.15862467866323907 0.006848859315589354 0.018097686375321338
1 0.604980988593156 0.73353470437018 0.007576045627376426 0.02665809768637532
1 0.8110361216730039 0.2713624678663239 0.00851235741444867 0.030282776349614394
1 0.012628326996197719 0.10902313624678663 0.006487642585551331 0.016233933161953727
1 0.7792965779467681 0.6978791773778921 0.006097908745247149 0.019781491002570695
1 0.6118155893536121 0.4578791773778921 0.008284220532319392 0.01760925449871465
1 0.28442490494296574 0.7612596401028278 0.00963403041825095 0.02065552699228792
1 0.47949144486692014 0.6681748071979435 0.007314638783269962 0.01956298200514139
1 0.18286121673003802 0.6609125964010284 0.010736692015209125 0.016683804627249357
1 0.6523431558935361 0.2708611825192802 0.00723384030418251 0.014730077120822624
1 0.696777566539924 0.8979305912596401 0.014900190114068441 0.03744215938303342
1 0.8339828897338403 0.6952442159383033 0.010613117870722433 0.021645244215938303
1 0.2807604562737643 0.5962082262210797 0.009301330798479088 0.012814910025706942
1 0.6972671102661597 0.9613239074550128 0.01129277566539924 0.04947300771208227
1 0.5161121673003802 0.8741645244215939 0.007903992395437261 0.021053984575835474
1 0.9394534220532319 0.44005141388174807 0.005936311787072244 0.02017994858611825
1 0.9438498098859315 0.1817352185089974 0.013222433460076045 0.038174807197943444
1 0.6171863117870722 0.22398457583547557 0.005575095057034221 0.017210796915167095
1 0.7319344106463879 0.7705141388174808 0.009819391634980988 0.02056555269922879
1 0.795898288973384 0.2154113110539846 0.0125712927756654 0.03442159383033419
1 0.4221197718631179 0.7856940874035989 0.01129277566539924 0.018958868894601542
1 0.15120247148288973 0.3875192802056555 0.009006653992395437 0.027069408740359895
1 0.22680608365019012 0.3717223650385604 0.008003802281368821 0.011632390745501287
1 0.34912072243346004 0.9540616966580977 0.006563688212927757 0.027712082262210794
1 0.6718773764258555 0.12875321336760925 0.00714828897338403 0.012570694087403599
1 0.6875 0.24759640102827762 0.008155893536121672 0.03759640102827763
1 0.2115494296577947 0.5513110539845758 0.007875475285171104 0.021131105398457584
1 0.5249001901140685 0.09541131105398458 0.011197718631178707 0.02993573264781491
1 0.3442395437262357 0.19047557840616966 0.007257604562737642 0.021208226221079693
1 0.15979087452471483 0.09854755784061697 0.008574144486692015 0.018817480719794347
1 0.6845722433460075 0.8180462724935733 0.007314638783269962 0.021208226221079693
1 0.667480988593156 0.3575192802056555 0.006563688212927757 0.03534704370179949
1 0.7768536121673004 0.26294344473007714 0.013022813688212927 0.03744215938303342
1 0.04629752851711026 0.20699228791773777 0.004610266159695817 0.01789203084832905
1 0.5058602661596958 0.2119408740359897 0.005470532319391635 0.021208226221079693
1 0.34301806083650194 0.9217095115681234 0.011872623574144488 0.022570694087403597
1 0.71875 0.8768123393316195 0.0065114068441064635 0.013894601542416453
1 0.10070817490494297 0.030179948586118253 0.006387832699619771 0.012712082262210798
1 0.49413973384030424 0.8352056555269922 0.006026615969581749 0.020025706940874036
1 0.22949144486692016 0.907185089974293 0.00619296577946768 0.01687660668380463
1 0.3830560836501901 0.20286632390745502 0.007347908745247149 0.016053984575835477
1 0.8203136882129278 0.7401413881748072 0.005641634980988593 0.012904884318766066
1 0.6894961977186312 0.8406555269922878 0.007328897338403042 0.026645244215938304
1 0.3759743346007604 0.5612082262210797 0.004847908745247148 0.015501285347043703
1 0.5398384030418251 0.47145244215938303 0.005869771863117871 0.013316195372750642
1 0.39452946768060837 0.6348329048843188 0.004847908745247148 0.02056555269922879
1 0.18567015209125473 0.34827763496143954 0.004847908745247148 0.018894601542416452
1 0.6235361216730039 0.8886889460154241 0.005470532319391635 0.02065552699228792
1 0.15417300380228136 0.890668380462725 0.005960076045627376 0.021452442159383037
1 0.3688973384030418 0.19889460154241648 0.004866920152091255 0.019100257069408738
1 0.6992205323193916 0.02506426735218509 0.0065114068441064635 0.01204370179948586
1 0.39746197718631177 0.9210411311053985 0.006563688212927757 0.015257069408740359
1 0.5727519011406844 0.6711439588688946 0.00568916349809886 0.01903598971722365
1 0.5419914448669201 0.20286632390745502 0.0066920152091254756 0.015321336760925449
1 0.33935361216730037 0.48395886889460155 0.012290874524714829 0.014177377892030848
1 0.4313973384030418 0.9666066838046272 0.00619296577946768 0.024125964010282774
1 0.23034695817490494 0.8649228791773779 0.00945342205323194 0.02893316195372751
1 0.28100760456273766 0.5529562982005142 0.005513307984790874 0.014845758354755784
1 0.2585456273764259 0.13717223650385604 0.006958174904942966 0.015616966580976865
1 0.14160171102661598 0.03787917737789203 0.00626425855513308 0.010269922879177378
1 0.03259505703422053 0.1837146529562982 0.004505703422053232 0.014061696658097686
1 0.6513688212927756 0.48858611825192805 0.00439638783269962 0.014280205655526991
1 0.49462927756653996 0.5044344473007711 0.005798479087452471 0.016812339331619536
1 0.7539068441064639 0.9289717223650386 0.007723384030418251 0.018740359897172237
1 0.09057509505703422 0.17645244215938302 0.004828897338403042 0.01467866323907455
1 0.48388783269961977 0.3588431876606684 0.004610266159695817 0.013419023136246787
1 0.18627851711026616 0.8444601542416452 0.007903992395437261 0.013958868894601541
1 0.3608412547528517 0.09812339331619538 0.005242395437262357 0.020488431876606684
1 0.9677756653992395 0.9421722365038561 0.0044153992395437255 0.016233933161953727
1 0.31396387832699624 0.13510282776349614 0.0061692015209125475 0.01179948586118252
1 0.10797053231939163 0.7203341902313625 0.004249049429657794 0.015192802056555271
1 0.4221197718631179 0.35488431876606685 0.005403992395437262 0.015192802056555271
1 0.8730465779467681 0.6774164524421593 0.004667300380228137 0.014562982005141388
1 0.041929657794676806 0.03687660668380463 0.005304182509505703 0.011002570694087404
1 0.37695342205323196 0.5265424164524422 0.004828897338403042 0.014010282776349615
1 0.9624001901140685 0.2756555269922879 0.005199619771863118 0.012275064267352186
1 0.8525380228136882 0.33903598971722365 0.0047908745247148285 0.013740359897172236
1 0.6372053231939164 0.7652313624678664 0.005218631178707225 0.010964010282776349
1 0.9672861216730039 0.9811311053984576 0.006929657794676806 0.03323907455012853
1 0.48608365019011407 0.9481105398457583 0.0053612167300380225 0.018161953727506428
1 0.761230988593156 0.47406169665809766 0.005750950570342205 0.01262210796915167
1 0.12866444866920151 0.23467866323907458 0.006563688212927757 0.0167866323907455
1 0.6455085551330799 0.8457712082262211 0.005641634980988593 0.012185089974293059
1 0.4147956273764259 0.4093573264781491 0.005118821292775665 0.014113110539845758
1 0.31689638783269963 0.6589203084832904 0.0038070342205323193 0.014395886889460153
1 0.42065589353612165 0.8002185089974294 0.013845057034220532 0.05092544987146529
1 0.1655180608365019 0.8880719794344473 0.005717680608365019 0.016272493573264782
1 0.9648431558935361 0.4763624678663239 0.004738593155893536 0.010141388174807198
1 0.9550760456273765 0.8794473007712083 0.004980988593155894 0.011362467866323908
1 0.886230988593156 0.8873778920308483 0.004629277566539924 0.011850899742930592
1 0.8647480988593156 0.9434961439588688 0.005161596958174905 0.01352185089974293
1 0.07195817490494297 0.637133676092545 0.004249049429657794 0.016233933161953727
1 0.19458174904942965 0.7005269922879177 0.00591254752851711 0.011940874035989715
1 0.2880846007604563 0.9533933161953727 0.006311787072243346 0.011259640102827763
1 0.9873051330798479 0.8187017994858612 0.0052804182509505705 0.009832904884318766
1 0.7990731939163498 0.5848329048843187 0.013070342205323195 0.038560411311053984
1 0.7759030418250951 0.5944730077120822 0.009505703422053232 0.032133676092544985
1 0.5216254752851711 0.29884318766066836 0.007129277566539924 0.038560411311053984
1 0.15684410646387834 0.19601542416452442 0.007129277566539924 0.019280205655526992
1 0.12179182509505704 0.06426735218508997 0.008317490494296578 0.019280205655526992
1 0.28279467680608367 0.8563624678663239 0.007129277566539924 0.02249357326478149
1 0.24833650190114068 0.9125964010282777 0.009505703422053232 0.012853470437017995
1 0.20140209125475286 0.9656169665809768 0.013070342205323195 0.02892030848329049
1 0.18357889733840305 0.9768637532133676 0.008317490494296578 0.012853470437017995
1 0.2976473384030418 0.28759640102827766 0.010693916349809885 0.02249357326478149
1 0.1675380228136882 0.3149100257069409 0.004752851711026616 0.012853470437017995
1 0.3303231939163498 0.37275064267352187 0.009505703422053232 0.019280205655526992
1 0.6582699619771863 0.19762210796915167 0.007129277566539924 0.02249357326478149
1 0.843037072243346 0.2377892030848329 0.00594106463878327 0.032133676092544985
1 0.2738830798479088 0.35989717223650386 0.008317490494296578 0.012853470437017995
1 0.6719344106463878 0.5848329048843187 0.008317490494296578 0.019280205655526992
1 0.5566777566539924 0.3357969151670951 0.008317490494296578 0.02249357326478149
1 0.5489543726235742 0.644280205655527 0.007129277566539924 0.02892030848329049
1 0.2423954372623574 0.7310411311053985 0.009505703422053232 0.016066838046272493
1 0.22516634980988592 0.740681233933162 0.00594106463878327 0.016066838046272493
1 0.12832699619771862 0.8660025706940874 0.009505703422053232 0.02249357326478149
1 0.4853849809885932 0.2908097686375321 0.008317490494296578 0.02249357326478149
1 0.46577946768060835 0.14781491002570693 0.007129277566539924 0.02570694087403599
1 0.5988593155893536 0.5237789203084833 0.009505703422053232 0.019280205655526992
1 0.559648288973384 0.7438946015424165 0.009505703422053232 0.02892030848329049
1 0.4057747148288973 0.6748071979434447 0.008317490494296578 0.02570694087403599
1 0.2994296577946768 0.6426735218508998 0.009505703422053232 0.02570694087403599
1 0.22576045627376426 0.605719794344473 0.01188212927756654 0.02249357326478149
1 0.18179657794676807 0.5639460154241646 0.009505703422053232 0.02249357326478149
1 0.16337927756653992 0.5816195372750642 0.008317490494296578 0.02570694087403599
1 0.7444153992395437 0.8724293059125964 0.008317490494296578 0.02892030848329049
1 0.5994534220532319 0.9061696658097687 0.010693916349809885 0.02570694087403599
1 0.4533032319391635 0.9286632390745502 0.00594106463878327 0.02570694087403599
1 0.719462927756654 0.9254498714652957 0.008317490494296578 0.019280205655526992
1 0.7325332699619772 0.9366966580976864 0.00594106463878327 0.02249357326478149
1 0.7414448669201521 0.9190231362467867 0.004752851711026616 0.02570694087403599
1 0.7461977186311787 0.9816838046272494 0.007129277566539924 0.016066838046272493
1 0.6737167300380228 0.9865038560411311 0.007129277566539924 0.019280205655526992
1 0.04752851711026616 0.6539203084832905 0.009505703422053232 0.02892030848329049
1 0.030893536121673004 0.21690231362467866 0.009505703422053232 0.02249357326478149
1 0.014258555133079848 0.14942159383033418 0.007129277566539924 0.02249357326478149
1 0.5798479087452472 0.5526992287917738 0.007129277566539924 0.012853470437017995
1 0.6279705323193916 0.5591259640102828 0.008317490494296578 0.019280205655526992
1 0.36299904942965777 0.7599614395886889 0.008317490494296578 0.02249357326478149
1 0.4057747148288973 0.8483290488431876 0.008317490494296578 0.019280205655526992
1 0.9214591254752852 0.9688303341902313 0.008317490494296578 0.03534704370179949
1 0.09327471482889733 0.6201799485861182 0.008317490494296578 0.019280205655526992
1 0.2661596958174905 0.4338046272493573 0.009505703422053232 0.02570694087403599
1 0.1342680608365019 0.14138817480719795 0.009505703422053232 0.02570694087403599
1 0.7265922053231939 0.11246786632390746 0.00594106463878327 0.019280205655526992
1 0.8180846007604563 0.6667737789203085 0.008317490494296578 0.02249357326478149
1 0.6315351711026616 0.4884318766066838 0.00594106463878327 0.02570694087403599
1 0.42835076045627374 0.19440874035989716 0.008317490494296578 0.02249357326478149
1 0.8127376425855514 0.11407455012853471 0.009505703422053232 0.02249357326478149
1 0.39270437262357416 0.4225578406169666 0.008317490494296578 0.016066838046272493
1 0.18239068441064638 0.8129820051413882 0.00594106463878327 0.012853470437017995
1 0.47825570342205326 0.9832904884318766 0.008317490494296578 0.019280205655526992
1 0.7046102661596958 0.3100899742930591 0.007129277566539924 0.02892030848329049
1 0.6261882129277566 0.1622750642673522 0.007129277566539924 0.02249357326478149
1 0.25605988593155893 0.9415167095115681 0.008317490494296578 0.019280205655526992
1 0.2988355513307985 0.8772493573264781 0.00594106463878327 0.012853470437017995
1 0.1693203422053232 0.19440874035989716 0.00594106463878327 0.02249357326478149
1 0.4923146387832699 0.1601285347043702 0.007129277566539924 0.016066838046272493
1 0.5388545627376425 0.16709511568123395 0.00594106463878327 0.012853470437017995
1 0.19724334600760457 0.3647172236503856 0.007129277566539924 0.016066838046272493
1 0.5822243346007605 0.9334832904884319 0.007129277566539924 0.016066838046272493
1 0.5727186311787072 0.9640102827763496 0.009505703422053232 0.02570694087403599
1 0.5364781368821293 0.9286632390745502 0.010693916349809885 0.02570694087403599
1 0.5479657794676807 0.9661568123393316 0.006730038022813688 0.019280205655526992
1 0.38509980988593157 0.2989331619537275 0.0044581749049429666 0.014460154241645245
1 0.3786359315589353 0.2862853470437018 0.0049049429657794675 0.015668380462724934
1 0.3047100760456274 0.03160668380462725 0.005546577946768061 0.016079691516709512
1 0.3679087452471483 0.048226221079691524 0.003564638783269962 0.008573264781491003
1 0.26786121673003804 0.18966580976863753 0.005546577946768061 0.010719794344473007
1 0.2803422053231939 0.12805912596401028 0.003564638783269962 0.011786632390745502
1 0.31639733840304185 0.09430591259640103 0.0043583650190114065 0.017146529562982005
1 0.3280893536121673 0.16930591259640101 0.004752851711026616 0.012853470437017995
1 0.27776615969581747 0.21859897172236503 0.004752851711026616 0.012853470437017995
1 0.2650855513307985 0.2502185089974293 0.004752851711026616 0.011786632390745502
1 0.3360123574144487 0.1891388174807198 0.004752851711026616 0.013933161953727506
1 0.33403041825095053 0.21002570694087405 0.003963878326996198 0.012853470437017995
1 0.3990161596958175 0.14627249357326477 0.003963878326996198 0.016079691516709512
1 0.2640969581749049 0.3059383033419023 0.005152091254752852 0.013933161953727506
1 0.2692442965779468 0.3027249357326478 0.0043583650190114065 0.013933161953727506
1 0.33066539923954374 0.31075835475578406 0.0043583650190114065 0.017146529562982005
1 0.36394961977186313 0.2223521850899743 0.005152091254752852 0.011786632390745502
1 0.34948669201520915 0.25182519280205656 0.003963878326996198 0.010719794344473007
1 0.34136406844106465 0.25289203084832906 0.007528517110266159 0.017146529562982005
1 0.3508745247148289 0.3166580976863753 0.005152091254752852 0.009640102827763496
1 0.37326045627376425 0.24379177377892028 0.0063403041825095055 0.013933161953727506
1 0.3685076045627377 0.25074550128534706 0.005546577946768061 0.010719794344473007
1 0.396240494296578 0.2480719794344473 0.004752851711026616 0.011786632390745502
1 0.41407319391634984 0.22289203084832904 0.005546577946768061 0.012853470437017995
1 0.4111026615969582 0.2448586118251928 0.005152091254752852 0.013933161953727506
1 0.399809885931559 0.29254498714652954 0.003963878326996198 0.010719794344473007
1 0.44398764258555135 0.22717223650385604 0.003564638783269962 0.012853470437017995
1 0.4495389733840304 0.25985861182519276 0.005152091254752852 0.013933161953727506
1 0.4325 0.25931876606683807 0.002775665399239544 0.008573264781491003
1 0.4392347908745247 0.2587917737789203 0.0043583650190114065 0.011786632390745502
1 0.3805893536121673 0.37023136246786637 0.003564638783269962 0.0075064267352185085
1 0.38752376425855517 0.3809511568123393 0.0031701520912547528 0.009640102827763496
1 0.3152091254752852 0.3868380462724936 0.005152091254752852 0.010719794344473007
1 0.3211549429657795 0.32039845758354757 0.005152091254752852 0.012853470437017995
1 0.2611216730038023 0.4045244215938304 0.004752851711026616 0.009640102827763496
1 0.0836074144486692 0.6547429305912597 0.004752851711026616 0.015
1 0.11451520912547529 0.7752956298200514 0.004752851711026616 0.009640102827763496
1 0.14918726235741445 0.7881491002570693 0.0043583650190114065 0.009640102827763496
1 0.18088403041825094 0.7495758354755784 0.0043583650190114065 0.013933161953727506
1 0.1571102661596958 0.6815295629820052 0.0043583650190114065 0.012853470437017995
1 0.17692015209125475 0.6911696658097687 0.0043583650190114065 0.010719794344473007
1 0.16325095057034222 0.7142159383033418 0.004752851711026616 0.009640102827763496
1 0.15829847908745248 0.7211825192802057 0.0043583650190114065 0.010719794344473007
1 0.21674429657794675 0.8572622107969152 0.003963878326996198 0.012853470437017995
1 0.19078897338403042 0.8631619537275064 0.005152091254752852 0.016079691516709512
1 0.1844486692015209 0.8744087403598971 0.005945817490494296 0.010719794344473007
1 0.18742395437262357 0.9494215938303342 0.003963878326996198 0.008573264781491003
1 0.2216967680608365 0.8701285347043702 0.0043583650190114065 0.012853470437017995
1 0.21872623574144487 0.8926349614395888 0.004752851711026616 0.012853470437017995
1 0.244282319391635 0.8781619537275065 0.0043583650190114065 0.013933161953727506
1 0.1626568441064639 0.9146015424164524 0.005945817490494296 0.0182133676092545
1 0.15948669201520912 0.9783547557840616 0.005945817490494296 0.015
1 0.23457699619771863 0.9708611825192802 0.0063403041825095055 0.015
1 0.2862832699619772 0.9864010282776349 0.005945817490494296 0.013933161953727506
1 0.2747956273764258 0.7720822622107969 0.0043583650190114065 0.013933161953727506
1 0.33383555133079845 0.6333033419023136 0.005152091254752852 0.015
1 0.2890589353612167 0.5261439588688945 0.0043583650190114065 0.012853470437017995
1 0.24151140684410646 0.5052570694087404 0.0043583650190114065 0.011786632390745502
1 0.26647338403041826 0.48060411311053985 0.006734790874524715 0.0182133676092545
1 0.27499049429657796 0.49399742930591256 0.0063403041825095055 0.017146529562982005
1 0.33224809885931555 0.4923907455012853 0.005945817490494296 0.013933161953727506
1 0.3368060836501901 0.5154370179948586 0.004752851711026616 0.015
1 0.3536454372623574 0.5647300771208227 0.005152091254752852 0.015
1 0.33977661596958175 0.6172365038560411 0.003564638783269962 0.012853470437017995
1 0.3193726235741445 0.8417352185089975 0.004752851711026616 0.0182133676092545
1 0.3023336501901141 0.8963753213367609 0.003963878326996198 0.009640102827763496
1 0.322143536121673 0.8883419023136246 0.005546577946768061 0.017146529562982005
1 0.33581749049429654 0.9317480719794344 0.005152091254752852 0.013933161953727506
1 0.32967205323193916 0.8926349614395888 0.004752851711026616 0.012853470437017995
1 0.38990019011406846 0.9365681233933162 0.004752851711026616 0.012853470437017995
1 0.37286596958174906 0.7522493573264781 0.004752851711026616 0.015
1 0.43210076045627377 0.6718894601542417 0.0043583650190114065 0.015
1 0.5157081749049429 0.7592159383033419 0.005152091254752852 0.0182133676092545
1 0.5032271863117871 0.7506426735218509 0.003963878326996198 0.011786632390745502
1 0.6020912547528516 0.8186889460154242 0.005945817490494296 0.015
1 0.5725712927756654 0.6472365038560411 0.003963878326996198 0.010719794344473007
1 0.5351235741444867 0.864228791773779 0.005945817490494296 0.013933161953727506
1 0.5797005703422053 0.900668380462725 0.004752851711026616 0.011786632390745502
1 0.5204657794676806 0.9231748071979434 0.0043583650190114065 0.013933161953727506
1 0.5210598859315589 0.9815681233933161 0.005546577946768061 0.015
1 0.5418631178707224 0.9788946015424165 0.006734790874524715 0.013933161953727506
1 0.5638545627376426 0.9579948586118252 0.005546577946768061 0.015
1 0.6100142585551331 0.9537146529562982 0.005152091254752852 0.010719794344473007
1 0.6183365019011406 0.9901413881748072 0.005945817490494296 0.010719794344473007
1 0.6448859315589354 0.9896143958868894 0.005152091254752852 0.011786632390745502
1 0.6141777566539924 0.8722750642673521 0.005546577946768061 0.012853470437017995
1 0.6847053231939163 0.9746015424164525 0.003963878326996198 0.016079691516709512
1 0.7078849809885932 0.9945372750642674 0.003564638783269962 0.010925449871465296
1 0.6742062737642586 0.6488431876606684 0.0043583650190114065 0.011786632390745502
1 0.6662832699619772 0.6590231362467867 0.005152091254752852 0.012853470437017995
1 0.7409743346007605 0.8090488431876608 0.005546577946768061 0.012853470437017995
1 0.7631606463878328 0.7013496143958868 0.004752851711026616 0.016079691516709512
1 0.6619249049429659 0.9183547557840617 0.007528517110266159 0.017146529562982005
1 0.8055608365019011 0.7372493573264782 0.0063403041825095055 0.012853470437017995
1 0.8117015209125475 0.7988688946015424 0.005152091254752852 0.011786632390745502
1 0.9805038022813688 0.3712982005141388 0.005152091254752852 0.016079691516709512
1 0.9014496197718631 0.42488431876606686 0.005546577946768061 0.013933161953727506
1 0.9178944866920152 0.2952185089974293 0.005945817490494296 0.013933161953727506
1 0.8986787072243345 0.2694987146529563 0.005546577946768061 0.013933161953727506
1 0.9434505703422054 0.2770051413881748 0.0063403041825095055 0.013933161953727506
1 0.8283460076045627 0.35523136246786635 0.006734790874524715 0.013933161953727506
1 0.741962927756654 0.3289717223650386 0.007528517110266159 0.015
1 0.828740494296578 0.22128534704370179 0.005152091254752852 0.013933161953727506
1 0.8925380228136882 0.44042416452442157 0.005152091254752852 0.017146529562982005
1 0.8986787072243345 0.5009640102827764 0.004752851711026616 0.013933161953727506
1 0.9539543726235741 0.4050642673521851 0.0043583650190114065 0.012853470437017995
1 0.9872385931558936 0.5641902313624678 0.0043583650190114065 0.0182133676092545
1 0.9925855513307985 0.6622365038560412 0.004752851711026616 0.015
1 0.801596958174905 0.05411311053984576 0.005546577946768061 0.013933161953727506
1 0.8033792775665399 0.18377892030848328 0.005152091254752852 0.0182133676092545
1 0.9650475285171103 0.3155784061696658 0.003564638783269962 0.013933161953727506
1 0.6585551330798479 0.06268637532133677 0.004752851711026616 0.011786632390745502
1 0.5561264258555133 0.06911311053984576 0.005152091254752852 0.011786632390745502
1 0.5913925855513308 0.05411311053984576 0.005152091254752852 0.013933161953727506
1 0.5361169201520912 0.12109254498714653 0.005546577946768061 0.015
1 0.5402756653992395 0.07071979434447301 0.0043583650190114065 0.010719794344473007
1 0.5678136882129278 0.2700385604113111 0.0063403041825095055 0.015
1 0.6890636882129277 0.2802185089974293 0.004752851711026616 0.013933161953727506
1 0.6448859315589354 0.2887917737789203 0.006734790874524715 0.013933161953727506
1 0.7100665399239544 0.15323907455012853 0.004752851711026616 0.01929305912596401
1 0.694809885931559 0.32254498714652957 0.005152091254752852 0.015
1 0.68212927756654 0.3798714652956299 0.005152091254752852 0.016079691516709512
1 0.5840589353612167 0.37613110539845757 0.004752851711026616 0.012853470437017995
1 0.559296577946768 0.3857712082262211 0.005152091254752852 0.012853470437017995
1 0.5476045627376426 0.40773778920308484 0.004752851711026616 0.009640102827763496
1 0.6090256653992396 0.4747172236503856 0.003963878326996198 0.008573264781491003
1 0.5030275665399239 0.4741773778920309 0.005152091254752852 0.013933161953727506
1 0.5424572243346008 0.4575706940874036 0.004752851711026616 0.012853470437017995
1 0.4265541825095057 0.37398457583547556 0.0043583650190114065 0.015
1 0.46538498098859316 0.3616580976863753 0.0043583650190114065 0.009640102827763496
1 0.16305133079847908 0.4136375321336761 0.005152091254752852 0.015
1 0.1424477186311787 0.41149100257069404 0.005152091254752852 0.017146529562982005
1 0.13908269961977185 0.29146529562982004 0.004752851711026616 0.015
1 0.004752851711026616 0.31718508997429307 0.003963878326996198 0.012853470437017995
1 0.08796577946768061 0.06589974293059127 0.004752851711026616 0.013933161953727506
1 0.23100760456273764 0.09055269922879178 0.004752851711026616 0.013933161953727506
1 0.1440351711026616 0.32147814910025707 0.005945817490494296 0.012853470437017995
1 0.15948669201520912 0.37665809768637537 0.007528517110266159 0.0182133676092545
1 0.18544201520912548 0.14894601542416452 0.0031701520912547528 0.012853470437017995
1 0.18227186311787072 0.17145244215938302 0.004752851711026616 0.010719794344473007
1 0.14482889733840307 0.20574550128534702 0.0043583650190114065 0.015