0 0.8349282296650717 0.879156010230179 0.014354066985645933 0.05754475703324808
1 0.8014354066985646 0.9047314578005116 0.011961722488038277 0.03836317135549872
1 0.861244019138756 0.8072250639386189 0.007177033492822967 0.06074168797953964
1 0.7075358851674641 0.2861253196930946 0.022727272727272728 0.079923273657289
1 0.41148325358851673 0.9494884910485933 0.019138755980861243 0.0319693094629156
1 0.14832535885167464 0.9574808184143222 0.014354066985645933 0.02877237851662404
1 0.11303827751196172 0.9382992327365729 0.005980861244019139 0.04156010230179028
1 0.6082535885167464 0.9542838874680307 0.01555023923444976 0.02877237851662404
1 0.6818181818181818 0.8871483375959079 0.014354066985645933 0.04156010230179028
0 0.6333732057416268 0.43318414322250637 0.02033492822966507 0.0479539641943734
0 0.7446172248803827 0.5115089514066496 0.013157894736842105 0.04475703324808184
0 0.9360047846889952 0.10709718670076726 0.01555023923444976 0.03516624040920716
1 0.8558612440191388 0.06553708439897699 0.01555023923444976 0.04156010230179028
1 0.9366028708133971 0.4187979539641944 0.01674641148325359 0.03836317135549872
1 0.9778708133971292 0.9526854219948849 0.013157894736842105 0.02557544757033248
1 0.992822966507177 0.7896419437340153 0.011961722488038277 0.0319693094629156
0 0.07476076555023924 0.2749360613810742 0.01555023923444976 0.03836317135549872
1 0.05083732057416268 0.8455882352941176 0.013157894736842105 0.02237851662404092
1 0.03289473684210526 0.6569693094629157 0.01555023923444976 0.03516624040920716
0 0.24401913875598086 0.21214833759590793 0.0215311004784689 0.027877237851662406
1 0.638755980861244 0.7336956521739131 0.023923444976076555 0.03516624040920716
1 0.37978468899521534 0.7592710997442456 0.013157894736842105 0.0479539641943734
1 0.19557416267942584 0.30850383631713557 0.01555023923444976 0.03516624040920716
1 0.8301435406698564 0.22858056265984655 0.019138755980861243 0.05434782608695652
1 0.1255980861244019 0.5274936061381074 0.011961722488038277 0.04475703324808184
0 0.2933732057416268 0.9119820971867008 0.01555023923444976 0.03836317135549872
1 0.24700956937799043 0.8328005115089514 0.013157894736842105 0.02237851662404092
1 0.025717703349282296 0.1278772378516624 0.013157894736842105 0.02557544757033248
1 0.19976076555023922 0.3820332480818414 0.011961722488038277 0.02237851662404092
1 0.3666267942583732 0.39641943734015345 0.008373205741626795 0.01918158567774936
1 0.13098086124401914 0.7736572890025576 0.008373205741626795 0.02557544757033248
1 0.4461722488038278 0.40121483375959077 0.009569377990430622 0.02237851662404092
1 0.49940191387559807 0.08631713554987212 0.005980861244019139 0.02557544757033248
1 0.5185406698564593 0.7432864450127877 0.013157894736842105 0.03516624040920716
1 0.005382775119617225 0.9047314578005116 0.01076555023923445 0.02557544757033248
1 0.5424641148325359 0.1758312020460358 0.01076555023923445 0.03836317135549872
1 0.49760765550239233 0.8759590792838875 0.009569377990430622 0.01918158567774936
1 0.5651913875598086 0.90153452685422 0.01555023923444976 0.03836317135549872
1 0.8839712918660287 0.4843350383631714 0.014354066985645933 0.0479539641943734
1 0.35586124401913877 0.5274936061381074 0.008373205741626795 0.0319693094629156
1 0.43899521531100477 0.30210997442455245 0.011961722488038277 0.03516624040920716
1 0.4222488038277512 0.26854219948849106 0.011961722488038277 0.01918158567774936
1 0.7254784688995215 0.14226342710997442 0.008373205741626795 0.02877237851662404
1 0.7595693779904307 0.079923273657289 0.004784688995215311 0.02557544757033248
1 0.21052631578947367 0.8855498721227621 0.009569377990430622 0.01918158567774936
1 0.2452153110047847 0.9558823529411765 0.007177033492822967 0.02557544757033248
1 0.2284688995215311 0.9319053708439897 0.009569377990430622 0.0159846547314578
1 0.17105263157894737 0.8008312020460358 0.007177033492822967 0.0159846547314578
1 0.06220095693779904 0.4971227621483376 0.007177033492822967 0.02877237851662404
1 0.03827751196172249 0.6090153452685422 0.009569377990430622 0.0159846547314578
1 0.7494019138755981 0.5722506393861893 0.013157894736842105 0.0319693094629156
1 0.7978468899521531 0.3804347826086957 0.011961722488038277 0.03836317135549872
1 0.770933014354067 0.33248081841432225 0.013157894736842105 0.02557544757033248
1 0.6441387559808612 0.0879156010230179 0.008373205741626795 0.02877237851662404
1 0.6770334928229665 0.10549872122762148 0.009569377990430622 0.0319693094629156
1 0.31698564593301437 0.8184143222506394 0.007177033492822967 0.02557544757033248
1 0.35645933014354064 0.835997442455243 0.007177033492822967 0.02237851662404092
1 0.3145933014354067 0.9271099744245525 0.009569377990430622 0.02557544757033248
1 0.3181818181818182 0.8711636828644501 0.009569377990430622 0.02877237851662404
1 0.14114832535885166 0.8839514066496164 0.009569377990430622 0.0159846547314578
1 0.06578947368421052 0.8455882352941176 0.009569377990430622 0.0159846547314578
1 0.025870813397129187 0.8879539641943734 0.006186602870813397 0.017429667519181586
1 0.025119617224880382 0.4124040920716113 0.009569377990430622 0.01918158567774936
1 0.006578947368421052 0.36285166240409206 0.01076555023923445 0.02237851662404092
1 0.005382775119617225 0.4411764705882353 0.008373205741626795 0.01918158567774936
1 0.4748803827751196 0.3452685421994885 0.01674641148325359 0.0319693094629156
1 0.5352870813397129 0.23497442455242967 0.013157894736842105 0.02877237851662404
1 0.45215311004784686 0.7209079283887468 0.014354066985645933 0.02877237851662404
1 0.4473684210526316 0.7944373401534527 0.014354066985645933 0.03516624040920716
1 0.46830143540669855 0.6873401534526854 0.017942583732057416 0.03836317135549872
1 0.5795454545454546 0.4187979539641944 0.01076555023923445 0.0319693094629156
1 0.5747607655502392 0.37244245524296676 0.008373205741626795 0.02237851662404092
1 0.6351674641148325 0.9287084398976982 0.014354066985645933 0.04156010230179028
1 0.6764354066985646 0.9702685421994884 0.01555023923444976 0.02877237851662404
1 0.6782296650717703 0.9382992327365729 0.007177033492822967 0.02877237851662404
1 0.8624401913875598 0.9255115089514067 0.014354066985645933 0.05434782608695652
1 0.9461722488038278 0.6042199488491049 0.009569377990430622 0.02557544757033248
1 0.8564593301435407 0.5658567774936062 0.011961722488038277 0.0319693094629156
1 0.6088516746411483 0.8583759590792839 0.009569377990430622 0.03516624040920716
1 0.215311004784689 0.6361892583120204 0.009569377990430622 0.02557544757033248
1 0.2793062200956938 0.20300511508951408 0.01555023923444976 0.04156010230179028
1 0.1166267942583732 0.3372762148337596 0.01555023923444976 0.03516624040920716
1 0.6764354066985646 0.3388746803069054 0.01555023923444976 0.03836317135549872
1 0.77811004784689 0.5258951406649617 0.01076555023923445 0.02877237851662404
1 0.6423444976076556 0.21099744245524296 0.014354066985645933 0.01918158567774936
1 0.09988038277511961 0.18062659846547316 0.01076555023923445 0.03516624040920716
1 0.46710526315789475 0.4427749360613811 0.01555023923444976 0.03516624040920716
1 0.5933014354066986 0.5051150895140665 0.011961722488038277 0.0319693094629156
1 0.10885167464114832 0.4395780051150895 0.009569377990430622 0.02877237851662404
1 0.23145933014354067 0.3388746803069054 0.013157894736842105 0.0319693094629156
1 0.08552631578947369 0.1278772378516624 0.017942583732057416 0.0319693094629156
1 0.5538277511961722 0.530690537084399 0.014354066985645933 0.02557544757033248
1 0.5490430622009569 0.6026214833759591 0.007177033492822967 0.03516624040920716
1 0.29545454545454547 0.42679028132992325 0.009569377990430622 0.0159846547314578
1 0.25478468899521534 0.49955242966751917 0.009569377990430622 0.02084398976982097
1 0.8582535885167464 0.6457800511508951 0.008373205741626795 0.02557544757033248
1 0.625 0.6585677749360613 0.013157894736842105 0.0319693094629156
1 0.10107655502392345 0.7800511508951407 0.01076555023923445 0.0319693094629156
1 0.8133971291866029 0.13267263427109974 0.011961722488038277 0.02877237851662404
1 0.9880382775119617 0.5498721227621484 0.007177033492822967 0.01918158567774936
1 0.5436602870813397 0.967071611253197 0.013157894736842105 0.02237851662404092
1 0.02631578947368421 0.8200127877237852 0.007177033492822967 0.0159846547314578
1 0.12440191387559808 0.719309462915601 0.009569377990430622 0.02557544757033248
1 0.35526315789473684 0.23337595907928388 0.014354066985645933 0.0319693094629156
1 0.17822966507177032 0.12308184143222506 0.009569377990430622 0.02237851662404092
1 0.15669856459330145 0.06074168797953964 0.007177033492822967 0.01918158567774936
1 0.7745215311004785 0.5978260869565217 0.005980861244019139 0.0319693094629156
1 0.14473684210526316 0.23017902813299232 0.011961722488038277 0.01918158567774936
1 0.1166267942583732 0.1694373401534527 0.008373205741626795 0.01918158567774936
1 0.22607655502392343 0.7672634271099744 0.009569377990430622 0.02557544757033248
1 0.6279904306220095 0.32608695652173914 0.007177033492822967 0.02557544757033248
1 0.5927033492822966 0.17742966751918157 0.008373205741626795 0.02237851662404092
1 0.42523923444976075 0.35485933503836314 0.005980861244019139 0.0319693094629156
1 0.31698564593301437 0.33407928388746805 0.007177033492822967 0.0159846547314578
1 0.3008373205741627 0.32928388746803067 0.005980861244019139 0.02557544757033248
1 0.27811004784689 0.2637468030690537 0.005980861244019139 0.02877237851662404
1 0.2565789473684211 0.2813299232736573 0.005980861244019139 0.02557544757033248
1 0.2452153110047847 0.305306905370844 0.007177033492822967 0.02237851662404092
1 0.8881578947368421 0.2653452685421995 0.005980861244019139 0.02557544757033248
1 0.541267942583732 0.4235933503836317 0.01076555023923445 0.02877237851662404
1 0.5927033492822966 0.04955242966751918 0.008373205741626795 0.02237851662404092
1 0.75 0.2861253196930946 0.009569377990430622 0.02877237851662404
1 0.4491626794258373 0.4843350383631714 0.008373205741626795 0.0159846547314578
1 0.32715311004784686 0.4635549872122762 0.01076555023923445 0.02557544757033248
1 0.6465311004784688 0.5914322250639387 0.008373205741626795 0.03836317135549872
1 0.09808612440191387 0.5226982097186701 0.009569377990430622 0.0159846547314578
1 0.09359808612440192 0.6521739130434783 0.004095693779904306 0.01918158567774936
1 0.0430622009569378 0.305306905370844 0.009569377990430622 0.03516624040920716
1 0.7051435406698564 0.18542199488491048 0.013157894736842105 0.02557544757033248
1 0.4874401913875598 0.11828644501278772 0.008373205741626795 0.01918158567774936
1 0.44557416267942584 0.14865728900255754 0.008373205741626795 0.02237851662404092
1 0.43720095693779903 0.18861892583120204 0.005980861244019139 0.01918158567774936
1 0.19796650717703348 0.5051150895140665 0.005980861244019139 0.01278772378516624
1 0.19856459330143542 0.46835038363171355 0.009569377990430622 0.02237851662404092
1 0.15849282296650719 0.43318414322250637 0.005980861244019139 0.0159846547314578
1 0.17105263157894737 0.4411764705882353 0.007177033492822967 0.01918158567774936
1 0.15370813397129188 0.3388746803069054 0.005980861244019139 0.01918158567774936
1 0.5879186602870813 0.7400895140664961 0.008373205741626795 0.0159846547314578
1 0.7165071770334929 0.6681585677749361 0.009569377990430622 0.01918158567774936
1 0.6261961722488039 0.8104219948849105 0.01076555023923445 0.02237851662404092
1 0.9252392344497608 0.6329923273657289 0.008373205741626795 0.0319693094629156
1 0.9270334928229665 0.4731457800511509 0.007177033492822967 0.02557544757033248
1 0.7398325358851675 0.42838874680306904 0.005980861244019139 0.01918158567774936
1 0.715311004784689 0.5083120204603581 0.011961722488038277 0.0319693094629156
1 0.6172248803827751 0.5386828644501279 0.007177033492822967 0.0159846547314578
1 0.16566985645933013 0.7304987212276215 0.005980861244019139 0.02237851662404092
1 0.25299043062200954 0.762468030690537 0.008373205741626795 0.02877237851662404
1 0.5831339712918661 0.9143222506393862 0.005980861244019139 0.02557544757033248
1 0.8965311004784688 0.6841432225063938 0.005980861244019139 0.02557544757033248
1 0.9808612440191388 0.40121483375959077 0.007177033492822967 0.02237851662404092
1 0.9043062200956937 0.05914322250639386 0.009569377990430622 0.02237851662404092
1 0.8175837320574163 0.0319693094629156 0.008373205741626795 0.02557544757033248
1 0.7906698564593302 0.05434782608695652 0.009569377990430622 0.02557544757033248
1 0.6285885167464115 0.05274936061381074 0.008373205741626795 0.02877237851662404
1 0.4826555023923445 0.03516624040920716 0.008373205741626795 0.01278772378516624
1 0.32715311004784686 0.0639386189258312 0.005980861244019139 0.01918158567774936
1 0.23444976076555024 0.0879156010230179 0.011961722488038277 0.02237851662404092
1 0.1291866028708134 0.12947570332480818 0.007177033492822967 0.02237851662404092
1 0.07236842105263158 0.04475703324808184 0.008373205741626795 0.01278772378516624
1 0.019138755980861243 0.03836317135549872 0.007177033492822967 0.01918158567774936
1 0.7093301435406698 0.11029411764705882 0.007177033492822967 0.02237851662404092
1 0.6584928229665071 0.08312020460358056 0.01076555023923445 0.02557544757033248
1 0.9001196172248804 0.39961636828644503 0.008373205741626795 0.01918158567774936
1 0.8636363636363636 0.39801790281329924 0.009569377990430622 0.02237851662404092
1 0.9204545454545454 0.7512787723785166 0.01076555023923445 0.04475703324808184
1 0.5897129186602871 0.8120204603580563 0.004784688995215311 0.02557544757033248
1 0.4473684210526316 0.6585677749360613 0.009569377990430622 0.02557544757033248
1 0.4395933014354067 0.5514705882352942 0.008373205741626795 0.0159846547314578
1 0.35167464114832536 0.32928388746803067 0.009569377990430622 0.01918158567774936
1 0.39892344497607657 0.34047314578005117 0.008373205741626795 0.02237851662404092
1 0.9629186602870813 0.16624040920716113 0.007177033492822967 0.01918158567774936
1 0.9958133971291866 0.46035805626598464 0.005980861244019139 0.02557544757033248
1 0.8098086124401914 0.7400895140664961 0.009569377990430622 0.02237851662404092
1 0.49401913875598086 0.40121483375959077 0.009569377990430622 0.02877237851662404
1 0.16267942583732056 0.20300511508951408 0.009569377990430622 0.02877237851662404
1 0.025717703349282296 0.2413682864450128 0.005980861244019139 0.02237851662404092
1 0.034688995215311005 0.21099744245524296 0.007177033492822967 0.01918158567774936
1 0.07535885167464115 0.6537723785166241 0.009569377990430622 0.02877237851662404
1 0.08253588516746412 0.602685421994885 0.007177033492822967 0.022250639386189257
1 0.48983253588516745 0.5067135549872123 0.005980861244019139 0.02877237851662404
1 0.43241626794258375 0.08152173913043478 0.01076555023923445 0.03516624040920716
1 0.13516746411483255 0.06713554987212277 0.009569377990430622 0.01918158567774936
1 0.11004784688995216 0.5562659846547314 0.004784688995215311 0.02557544757033248
1 0.09868421052631579 0.5578644501278772 0.008373205741626795 0.02237851662404092
1 0.42105263157894735 0.42998721227621484 0.007177033492822967 0.02877237851662404
1 0.4019138755980861 0.4475703324808184 0.007177033492822967 0.02557544757033248
1 0.8869617224880383 0.19661125319693096 0.005980861244019139 0.0159846547314578
1 0.8773923444976076 0.14705882352941177 0.005980861244019139 0.01918158567774936
1 0.8444976076555024 0.5946291560102301 0.009569377990430622 0.03836317135549872
1 0.6758373205741627 0.8248081841432225 0.011961722488038277 0.02557544757033248
1 0.14413875598086123 0.828005115089514 0.013157894736842105 0.02557544757033248
1 0.1118421052631579 0.8296035805626598 0.008373205741626795 0.02877237851662404
1 0.009569377990430622 0.6521739130434783 0.007177033492822967 0.03836317135549872
1 0.6830143540669856 0.0159846547314578 0.011961722488038277 0.01918158567774936
1 0.0867224880382775 0.37084398976982097 0.01076555023923445 0.0319693094629156
1 0.0819377990430622 0.42039641943734013 0.008373205741626795 0.02237851662404092
1 0.4611244019138756 0.0959079283887468 0.01076555023923445 0.02557544757033248
1 0.6082535885167464 0.385230179028133 0.008373205741626795 0.03516624040920716
1 0.27452153110047844 0.8407928388746803 0.005980861244019139 0.02557544757033248
1 0.5406698564593302 0.0159846547314578 0.009569377990430622 0.01918158567774936
1 0.3618421052631579 0.0239769820971867 0.005980861244019139 0.0159846547314578
1 0.9659090909090909 0.01118925831202046 0.005980861244019139 0.0159846547314578
1 0.27392344497607657 0.3500639386189258 0.007177033492822967 0.02237851662404092
1 0.7284688995215312 0.8727621483375959 0.007177033492822967 0.02557544757033248
1 0.7673444976076556 0.9638746803069054 0.005980861244019139 0.03516624040920716
1 0.6154306220095693 0.18542199488491048 0.008373205741626795 0.02557544757033248
1 0.1297846889952153 0.2637468030690537 0.008373205741626795 0.02877237851662404
1 0.6351674641148325 0.1039002557544757 0.007177033492822967 0.02237851662404092
1 0.6333732057416268 0.8695652173913043 0.0035885167464114833 0.02557544757033248
1 0.5639952153110048 0.46195652173913043 0.008373205741626795 0.02237851662404092
1 0.8133971291866029 0.4092071611253197 0.009569377990430622 0.01918158567774936
1 0.8576555023923444 0.4475703324808184 0.007177033492822967 0.02557544757033248
1 0.7715311004784688 0.8088235294117647 0.007177033492822967 0.02557544757033248
1 0.8044258373205742 0.8008312020460358 0.005980861244019139 0.02237851662404092
1 0.7834928229665071 0.835997442455243 0.009569377990430622 0.02237851662404092
1 0.8086124401913876 0.835997442455243 0.007177033492822967 0.0159846547314578
1 0.6901913875598086 0.7384910485933504 0.007177033492822967 0.0319693094629156
1 0.6584928229665071 0.756074168797954 0.008373205741626795 0.02877237851662404
1 0.5717703349282297 0.559462915601023 0.004784688995215311 0.01918158567774936
1 0.5580143540669856 0.8407928388746803 0.01076555023923445 0.02557544757033248
1 0.5807416267942583 0.5994245524296675 0.008373205741626795 0.0159846547314578
1 0.9904306220095693 0.6505754475703325 0.007177033492822967 0.02237851662404092
1 0.9683014354066986 0.42679028132992325 0.008373205741626795 0.02237851662404092
1 0.9533492822966507 0.49392583120204603 0.007177033492822967 0.0159846547314578
1 0.9216507177033493 0.5338874680306905 0.005980861244019139 0.01278772378516624
1 0.9407894736842105 0.5354859335038363 0.008373205741626795 0.02237851662404092
1 0.9395933014354066 0.5674552429667519 0.008373205741626795 0.0159846547314578
1 0.5251196172248804 0.8887468030690537 0.007177033492822967 0.02557544757033248
1 0.060406698564593304 0.23657289002557544 0.008373205741626795 0.01918158567774936
1 0.1519138755980861 0.12308184143222506 0.004784688995215311 0.03516624040920716
1 0.22607655502392343 0.18222506393861893 0.009569377990430622 0.02557544757033248
1 0.562799043062201 0.32928388746803067 0.01076555023923445 0.02557544757033248
1 0.9665071770334929 0.9891304347826086 0.009569377990430622 0.021739130434782608
1 0.812799043062201 0.6202046035805626 0.013157894736842105 0.02557544757033248
1 0.37021531100478466 0.5994245524296675 0.008373205741626795 0.02237851662404092
1 0.1854066985645933 0.6042199488491049 0.007177033492822967 0.0319693094629156
1 0.27830143540669855 0.04626598465473146 0.0056937799043062206 0.009411764705882354
1 0.2751196172248804 0.13267263427109974 0.009569377990430622 0.02237851662404092
1 0.8367224880382775 0.01278772378516624 0.013157894736842105 0.02557544757033248
1 0.8708133971291866 0.01278772378516624 0.014354066985645933 0.01918158567774936
1 0.8833732057416268 0.01438618925831202 0.01555023923444976 0.02237851662404092
1 0.4479665071770335 0.17263427109974425 0.008373205741626795 0.01918158567774936
1 0.5394736842105263 0.32608695652173914 0.007177033492822967 0.01918158567774936
1 0.18839712918660287 0.0879156010230179 0.008373205741626795 0.0159846547314578
1 0.10705741626794259 0.6026214833759591 0.008373205741626795 0.0159846547314578
1 0.49940191387559807 0.756074168797954 0.01076555023923445 0.02237851662404092
1 0.8875598086124402 0.32608695652173914 0.011961722488038277 0.02557544757033248
1 0.569377990430622 0.02237851662404092 0.004784688995215311 0.01918158567774936
1 0.7679425837320574 0.01278772378516624 0.007177033492822967 0.02557544757033248
1 0.4964114832535885 0.3117007672634271 0.007177033492822967 0.02237851662404092
1 0.9019138755980861 0.2733375959079284 0.009569377990430622 0.02237851662404092
1 0.7649521531100478 0.19661125319693096 0.0035885167464114833 0.02237851662404092
1 0.6758373205741627 0.17103580562659845 0.007177033492822967 0.0159846547314578
1 0.1303827751196172 0.19980818414322252 0.007177033492822967 0.0159846547314578
1 0.21830143540669855 0.7001278772378516 0.008373205741626795 0.02557544757033248
1 0.2535885167464115 0.5930306905370843 0.009569377990430622 0.02237851662404092
1 0.5376794258373205 0.49872122762148335 0.008373205741626795 0.02557544757033248
1 0.52811004784689 0.06553708439897699 0.008373205741626795 0.0159846547314578
1 0.7171052631578947 0.0159846547314578 0.008373205741626795 0.02557544757033248
1 0.0819377990430622 0.4859335038363171 0.01076555023923445 0.01918158567774936
1 0.3409090909090909 0.7432864450127877 0.007177033492822967 0.02877237851662404
1 0.2242822966507177 0.828005115089514 0.005980861244019139 0.02557544757033248
1 0.72188995215311 0.7001278772378516 0.01076555023923445 0.02557544757033248
1 0.5592105263157895 0.05274936061381074 0.005980861244019139 0.02237851662404092
1 0.03110047846889952 0.15664961636828645 0.011961722488038277 0.02557544757033248
1 0.7894736842105263 0.9414961636828645 0.009569377990430622 0.0159846547314578
1 0.4916267942583732 0.9047314578005116 0.009569377990430622 0.02557544757033248
1 0.5149521531100478 0.16464194373401533 0.008373205741626795 0.0159846547314578
1 0.2452153110047847 0.01278772378516624 0.009569377990430622 0.01278772378516624
1 0.9509569377990431 0.02877237851662404 0.007177033492822967 0.02557544757033248
1 0.17105263157894737 0.33407928388746805 0.007177033492822967 0.02877237851662404
1 0.7954545454545454 0.5290920716112532 0.011961722488038277 0.02237851662404092
1 0.7900717703349283 0.5770460358056266 0.008373205741626795 0.0159846547314578
1 0.8947368421052632 0.8599744245524297 0.009569377990430622 0.0319693094629156
1 0.13576555023923445 0.02237851662404092 0.005980861244019139 0.01918158567774936
1 0.18301435406698566 0.4539641943734015 0.007177033492822967 0.02557544757033248
1 0.38516746411483255 0.5994245524296675 0.007177033492822967 0.0159846547314578
1 0.3068181818181818 0.5195012787723785 0.01076555023923445 0.02877237851662404
1 0.47188995215311 0.26214833759590794 0.008373205741626795 0.02557544757033248
1 0.6046650717703349 0.6489769820971867 0.01076555023923445 0.0319693094629156
1 0.5604066985645934 0.6745524296675192 0.01076555023923445 0.02557544757033248
1 0.8163875598086124 0.6777493606138107 0.01076555023923445 0.02557544757033248
1 0.3953349282296651 0.2717391304347826 0.01076555023923445 0.03836317135549872
1 0.3223684210526316 0.5834398976982097 0.005980861244019139 0.02237851662404092
1 0.9180622009569378 0.5019181585677749 0.008373205741626795 0.01918158567774936
1 0.5095693779904307 0.35645780051150894 0.007177033492822967 0.02237851662404092
1 0.4647129186602871 0.5019181585677749 0.008373205741626795 0.01918158567774936
1 0.41626794258373206 0.6297953964194374 0.009569377990430622 0.01918158567774936
1 0.06220095693779904 0.13427109974424553 0.009569377990430622 0.01918158567774936
1 0.5723684210526315 0.23657289002557544 0.008373205741626795 0.01918158567774936
1 0.37679425837320574 0.04635549872122762 0.004784688995215311 0.00959079283887468
1 0.3672248803827751 0.0479539641943734 0.004784688995215311 0.01278772378516624
1 0.19796650717703348 0.01438618925831202 0.005980861244019139 0.0159846547314578
1 0.22966507177033493 0.04315856777493606 0.007177033492822967 0.0159846547314578
1 0.20933014354066987 0.05914322250639386 0.004784688995215311 0.02237851662404092
1 0.18779904306220097 0.05434782608695652 0.009569377990430622 0.01918158567774936
1 0.11961722488038277 0.07352941176470588 0.007177033492822967 0.01278772378516624
1 0.06638755980861244 0.079923273657289 0.008373205741626795 0.01278772378516624
1 0.9366028708133971 0.6697570332480819 0.007177033492822967 0.02877237851662404
1 0.3361244019138756 0.545076726342711 0.007177033492822967 0.02237851662404092
1 0.19557416267942584 0.8200127877237852 0.005980861244019139 0.02237851662404092
1 0.0735645933014354 0.2078005115089514 0.008373205741626795 0.01918158567774936
1 0.583732057416268 0.11668797953964194 0.009569377990430622 0.02237851662404092
1 0.6435406698564593 0.23657289002557544 0.009569377990430622 0.01918158567774936
1 0.4934210526315789 0.00959079283887468 0.008373205741626795 0.01918158567774936
1 0.6776315789473685 0.6186061381074168 0.008373205741626795 0.02877237851662404
1 0.8636363636363636 0.2781329923273657 0.014354066985645933 0.02557544757033248
1 0.06638755980861244 0.36445012787723785 0.01076555023923445 0.0319693094629156
1 0.8340669856459331 0.45864450127877243 0.00555023923444976 0.013491048593350385
1 0.8610717703349283 0.35478260869565215 0.004038277511961722 0.013491048593350385
1 0.9017033492822967 0.3358951406649617 0.00454066985645933 0.01618925831202046
1 0.9491483253588517 0.27585677749360615 0.00454066985645933 0.012135549872122762
1 0.9637846889952153 0.3932225063938619 0.006559808612440192 0.012135549872122762
1 0.9721148325358852 0.535537084398977 0.005047846889952154 0.013491048593350385
1 0.985488038277512 0.5173273657289003 0.00555023923444976 0.014833759590792838
1 0.9912918660287082 0.5119309462915601 0.005047846889952154 0.020230179028132993
1 0.9554545454545454 0.5645396419437341 0.005047846889952154 0.014833759590792838
1 0.939555023923445 0.628618925831202 0.00454066985645933 0.021585677749360613
1 0.9670669856459331 0.7324808184143222 0.006057416267942583 0.01618925831202046
1 0.9758995215311005 0.7129283887468031 0.006559808612440192 0.017531969309462915
1 0.9123014354066986 0.6326598465473146 0.00454066985645933 0.01618925831202046
1 0.9138181818181819 0.648849104859335 0.006559808612440192 0.013491048593350385
1 0.891354066985646 0.7709335038363171 0.005047846889952154 0.014833759590792838
1 0.8974114832535884 0.7190025575447571 0.005047846889952154 0.013491048593350385
1 0.9014497607655503 0.7702557544757034 0.005047846889952154 0.013491048593350385
1 0.8964019138755981 0.44448849104859334 0.006057416267942583 0.017531969309462915
1 0.8948899521531101 0.48023017902813303 0.005047846889952154 0.01618925831202046
1 0.8802535885167464 0.7129283887468031 0.006057416267942583 0.014833759590792838
1 0.9716076555023924 0.8525447570332482 0.005047846889952154 0.013491048593350385
1 0.962267942583732 0.8936828644501279 0.00555023923444976 0.017531969309462915
1 0.9965933014354067 0.9125703324808184 0.00555023923444976 0.022928388746803068
1 0.9630287081339713 0.9395524296675192 0.006057416267942583 0.014833759590792838
1 0.9085167464114833 0.9901406649616368 0.006057416267942583 0.01618925831202046
1 0.8683923444976077 0.4323401534526854 0.00454066985645933 0.012135549872122762
1 0.8393684210526315 0.430997442455243 0.005047846889952154 0.012135549872122762
1 0.8504736842105263 0.39659846547314576 0.004038277511961722 0.018887468030690538
1 0.8050478468899521 0.4640409207161125 0.004038277511961722 0.018887468030690538
1 0.8020191387559809 0.4107544757033248 0.006057416267942583 0.014833759590792838
1 0.7848564593301435 0.6744757033248082 0.006057416267942583 0.01618925831202046
1 0.7944449760765551 0.7392327365728901 0.005047846889952154 0.021585677749360613
1 0.8118612440191387 0.5119309462915601 0.00555023923444976 0.014833759590792838
1 0.81488995215311 0.5227237851662404 0.00555023923444976 0.012135549872122762
1 0.8444162679425837 0.5227237851662404 0.004038277511961722 0.012135549872122762
1 0.8668755980861244 0.4768542199488491 0.006559808612440192 0.012135549872122762
1 0.8724258373205741 0.5267647058823529 0.006559808612440192 0.014833759590792838
1 0.8739425837320574 0.5551023017902813 0.00454066985645933 0.014833759590792838
1 0.9587368421052631 0.6785294117647059 0.006559808612440192 0.018887468030690538
1 0.9981674641148326 0.9328132992327366 0.003660287081339713 0.009437340153452685
1 0.9620191387559808 0.6306393861892583 0.004038277511961722 0.009437340153452685
1 0.9549521531100478 0.7237212276214834 0.005047846889952154 0.012135549872122762
1 0.9758995215311005 0.7297826086956523 0.006559808612440192 0.010792838874680306
1 0.960755980861244 0.7122506393861893 0.00555023923444976 0.018887468030690538
1 0.887822966507177 0.8046547314578005 0.004038277511961722 0.012135549872122762
1 0.8885789473684211 0.7810485933503836 0.00454066985645933 0.013491048593350385
1 0.8504736842105263 0.7270843989769822 0.006057416267942583 0.01618925831202046
1 0.8338181818181819 0.5551023017902813 0.006057416267942583 0.017531969309462915
1 0.831799043062201 0.648849104859335 0.006057416267942583 0.013491048593350385
1 0.8239760765550239 0.628618925831202 0.006559808612440192 0.013491048593350385
1 0.8136267942583733 0.5841048593350383 0.005047846889952154 0.010792838874680306
1 0.8063062200956939 0.5928644501278773 0.00454066985645933 0.012135549872122762
1 0.9047320574162679 0.6225447570332481 0.006559808612440192 0.014833759590792838
1 0.8343205741626795 0.26641943734015344 0.008076555023923444 0.009437340153452685
1 0.7878851674641149 0.8673785166240409 0.005047846889952154 0.010792838874680306
1 0.7757703349282297 0.8646803069053708 0.004038277511961722 0.00809462915601023
1 0.7512918660287081 0.6353580562659847 0.00454066985645933 0.013491048593350385
1 0.789401913875598 0.6306393861892583 0.005047846889952154 0.014833759590792838
1 0.8292727272727273 0.7473273657289002 0.006057416267942583 0.013491048593350385
1 0.8466889952153109 0.6495268542199488 0.006559808612440192 0.014833759590792838
1 0.8398708133971291 0.6495268542199488 0.004038277511961722 0.012135549872122762
1 0.8517320574162679 0.6657161125319694 0.00555023923444976 0.012135549872122762
1 0.8441626794258373 0.7169693094629156 0.00555023923444976 0.014833759590792838
1 0.8540047846889952 0.7507033248081841 0.005047846889952154 0.009437340153452685
1 0.8782344497607656 0.6502046035805626 0.005047846889952154 0.013491048593350385
1 0.8739425837320574 0.7183248081841432 0.006559808612440192 0.012135549872122762
1 0.8582966507177033 0.7176470588235294 0.006559808612440192 0.013491048593350385
1 0.8487033492822966 0.6900000000000001 0.006559808612440192 0.012135549872122762
1 0.880755980861244 0.6792071611253196 0.005047846889952154 0.012135549872122762
1 0.8158995215311005 0.7931841432225064 0.0075693779904306225 0.021585677749360613
1 0.8060574162679426 0.7587851662404093 0.005047846889952154 0.014833759590792838
1 0.8027751196172248 0.6454731457800511 0.006559808612440192 0.012135549872122762
1 0.7919234449760765 0.6529028132992327 0.007066985645933014 0.01618925831202046
1 0.8161483253588516 0.6562659846547315 0.005047846889952154 0.012135549872122762
1 0.7972248803827752 0.6690792838874681 0.006559808612440192 0.021585677749360613
1 0.7841004784688995 0.5470076726342711 0.00454066985645933 0.012135549872122762
1 0.7361483253588517 0.38108695652173913 0.008578947368421052 0.017531969309462915
1 0.7381674641148325 0.6367135549872123 0.006559808612440192 0.01618925831202046
0 0.7164641148325359 0.5793734015345269 0.04391387559808613 0.07689258312020461
1 0.7300956937799044 0.6353580562659847 0.00555023923444976 0.01618925831202046
1 0.698043062200957 0.6333375959079284 0.007066985645933014 0.017531969309462915
1 0.674066985645933 0.5234015345268542 0.006559808612440192 0.013491048593350385
1 0.7028373205741627 0.37163682864450126 0.0075693779904306225 0.012135549872122762
1 0.7030909090909091 0.34398976982097185 0.005047846889952154 0.010792838874680306
1 0.7116698564593302 0.38108695652173913 0.006057416267942583 0.014833759590792838
1 0.7136889952153109 0.33319693094629155 0.004038277511961722 0.013491048593350385
1 0.7167177033492823 0.4316624040920716 0.005047846889952154 0.021585677749360613
1 0.7404401913875598 0.4768542199488491 0.007066985645933014 0.017531969309462915
1 0.7280765550239234 0.47349104859335034 0.00555023923444976 0.01618925831202046
1 0.7374114832535885 0.7587851662404093 0.006057416267942583 0.012135549872122762
1 0.7353923444976077 0.7837468030690536 0.005047846889952154 0.013491048593350385
1 0.7215119617224881 0.7405754475703324 0.0075693779904306225 0.01618925831202046
1 0.7212631578947368 0.7237212276214834 0.005047846889952154 0.012135549872122762
1 0.7285789473684211 0.7210230179028133 0.0075693779904306225 0.012135549872122762
1 0.6932488038277512 0.8235421994884911 0.0075693779904306225 0.017531969309462915
1 0.7146985645933015 0.8255626598465473 0.008076555023923444 0.018887468030690538
1 0.7000622009569378 0.8019565217391305 0.006057416267942583 0.012135549872122762
1 0.6536267942583732 0.8754731457800512 0.006057416267942583 0.010792838874680306
1 0.6861818181818181 0.916624040920716 0.0075693779904306225 0.014833759590792838
1 0.6551435406698565 0.5874680306905371 0.005047846889952154 0.014833759590792838
1 0.6601866028708134 0.6380562659846547 0.006057416267942583 0.013491048593350385
1 0.6818899521531101 0.6677365728900255 0.005047846889952154 0.013491048593350385
1 0.6667511961722488 0.6529028132992327 0.005047846889952154 0.01618925831202046
1 0.6584210526315789 0.6792071611253196 0.006559808612440192 0.012135549872122762
1 0.664732057416268 0.6738107416879795 0.005047846889952154 0.014833759590792838
1 0.6750765550239235 0.68730179028133 0.00555023923444976 0.014833759590792838
1 0.671799043062201 0.7190025575447571 0.005047846889952154 0.01618925831202046
1 0.688200956937799 0.7055115089514067 0.00555023923444976 0.013491048593350385
1 0.6821435406698565 0.6933631713554987 0.00454066985645933 0.013491048593350385
1 0.6998086124401913 0.6690792838874681 0.00555023923444976 0.010792838874680306
1 0.6940047846889952 0.6900000000000001 0.004038277511961722 0.012135549872122762
1 0.7071291866028708 0.7149488491048593 0.006057416267942583 0.013491048593350385
1 0.7003157894736842 0.6926982097186701 0.00454066985645933 0.017531969309462915
1 0.6606937799043062 0.7952173913043479 0.006057416267942583 0.012135549872122762
1 0.6924928229665072 0.5497058823529412 0.005047846889952154 0.014833759590792838
1 0.6818899521531101 0.4222250639386189 0.007066985645933014 0.013491048593350385
1 0.6606937799043062 0.2819309462915601 0.007066985645933014 0.01618925831202046
1 0.649334928229665 0.395920716112532 0.00454066985645933 0.014833759590792838
1 0.6702822966507177 0.3729923273657289 0.008076555023923444 0.017531969309462915
1 0.6715454545454546 0.4006393861892583 0.006559808612440192 0.01618925831202046
1 0.6614497607655503 0.4107544757033248 0.00555023923444976 0.012135549872122762
1 0.7242870813397129 0.3615217391304348 0.012114832535885167 0.021585677749360613
1 0.7111674641148324 0.3554475703324808 0.005047846889952154 0.009437340153452685
1 0.7174736842105263 0.7911636828644502 0.006559808612440192 0.020230179028132993
1 0.7247942583732057 0.7891432225063939 0.008076555023923444 0.024283887468030688
1 0.6422727272727272 0.7034782608695652 0.008578947368421052 0.020230179028132993
1 0.9554545454545454 0.17267263427109975 0.005047846889952154 0.01618925831202046
1 0.9935645933014355 0.06879795396419437 0.006559808612440192 0.021585677749360613
1 0.9935645933014355 0.007416879795396419 0.00555023923444976 0.014833759590792838
1 0.9973492822966508 0.004040920716112532 0.004038277511961722 0.00809462915601023
1 0.8964019138755981 0.02698209718670077 0.004038277511961722 0.010792838874680306
1 0.935267942583732 0.026304347826086958 0.005047846889952154 0.017531969309462915
1 0.9259282296650718 0.04991048593350384 0.00454066985645933 0.010792838874680306
1 0.9683253588516746 0.061381074168797956 0.00555023923444976 0.012135549872122762
1 0.9261818181818182 0.0728388746803069 0.005047846889952154 0.010792838874680306
1 0.8868133971291866 0.08363171355498722 0.005047846889952154 0.013491048593350385
1 0.8865598086124402 0.035076726342710994 0.00555023923444976 0.013491048593350385
1 0.8858038277511961 0.06812020460358056 0.007066985645933014 0.014833759590792838
1 0.9981674641148326 0.18210997442455243 0.003660287081339713 0.01618925831202046
1 0.8312918660287082 0.07217391304347825 0.006057416267942583 0.012135549872122762
1 0.8522392344497608 0.10589514066496164 0.0075693779904306225 0.017531969309462915
1 0.8492105263157894 0.03709718670076727 0.00555023923444976 0.012135549872122762
1 0.865866028708134 0.04181585677749361 0.00454066985645933 0.010792838874680306
1 0.78511004784689 0.18750639386189258 0.006559808612440192 0.00809462915601023
1 0.7755215311004784 0.05058823529411765 0.0035311004784688996 0.014833759590792838
1 0.7810717703349283 0.051265984654731464 0.0035311004784688996 0.010792838874680306
1 0.8015119617224881 0.061381074168797956 0.005047846889952154 0.012135549872122762
1 0.8098421052631579 0.09442455242966752 0.00555023923444976 0.010792838874680306
1 0.809334928229665 0.08161125319693095 0.00454066985645933 0.012135549872122762
1 0.8063062200956939 0.07014066496163683 0.00454066985645933 0.00809462915601023
1 0.7558373205741628 0.013491048593350385 0.00555023923444976 0.01618925831202046
1 0.7364019138755981 0.0249616368286445 0.005047846889952154 0.012135549872122762
1 0.7550765550239233 0.056662404092071614 0.007066985645933014 0.01618925831202046
1 0.7076315789473684 0.0519309462915601 0.006057416267942583 0.009437340153452685
1 0.7099043062200957 0.06407928388746803 0.00555023923444976 0.009437340153452685
1 0.7106602870813397 0.07419437340153454 0.006057416267942583 0.010792838874680306
1 0.6884545454545454 0.08228900255754475 0.004038277511961722 0.013491048593350385
1 0.6957703349282297 0.09240409207161127 0.00454066985645933 0.014833759590792838
1 0.6993062200956938 0.08430946291560103 0.002521531100478469 0.012135549872122762
1 0.7033444976076555 0.08228900255754475 0.00454066985645933 0.010792838874680306
1 0.7149521531100479 0.13084398976982095 0.00555023923444976 0.010792838874680306
1 0.7351435406698564 0.145690537084399 0.006559808612440192 0.013491048593350385
1 0.6889569377990431 0.13961636828644503 0.005047846889952154 0.012135549872122762
1 0.6884545454545454 0.17267263427109975 0.0030287081339712917 0.01618925831202046
1 0.6806315789473684 0.1834526854219949 0.002521531100478469 0.00809462915601023
1 0.6488325358851674 0.13084398976982095 0.00555023923444976 0.013491048593350385
1 0.6776028708133972 0.03237851662404092 0.00555023923444976 0.01618925831202046
1 0.6624593301435406 0.052608695652173916 0.00555023923444976 0.013491048593350385
1 0.7159617224880382 0.09308184143222507 0.0035311004784688996 0.013491048593350385
1 0.6523636363636364 0.18750639386189258 0.00555023923444976 0.010792838874680306
1 0.6609473684210527 0.1922250639386189 0.00454066985645933 0.012135549872122762
1 0.6349521531100478 0.19762148337595906 0.006057416267942583 0.014833759590792838
1 0.6309138755980861 0.2482097186700767 0.004038277511961722 0.013491048593350385
1 0.6622057416267942 0.2394373401534527 0.005047846889952154 0.014833759590792838
1 0.6374736842105263 0.5807289002557545 0.005047846889952154 0.014833759590792838
1 0.8277607655502393 0.7911636828644502 0.005047846889952154 0.017531969309462915
1 0.6129952153110049 0.704156010230179 0.00555023923444976 0.018887468030690538
1 0.5877607655502393 0.5726342710997443 0.00555023923444976 0.014833759590792838
1 0.5647942583732057 0.48494884910485936 0.006057416267942583 0.017531969309462915
1 0.5716076555023923 0.4390920716112532 0.00555023923444976 0.014833759590792838
1 0.7247942583732057 0.4100895140664962 0.004038277511961722 0.01618925831202046
1 0.5809473684210527 0.7223657289002557 0.004038277511961722 0.012135549872122762
1 0.5703444976076555 0.7007800511508951 0.005047846889952154 0.009437340153452685
1 0.5917990430622009 0.6245652173913043 0.0035311004784688996 0.010792838874680306
1 0.6061818181818183 0.55306905370844 0.004038277511961722 0.010792838874680306
1 0.5897799043062202 0.5483503836317135 0.00454066985645933 0.012135549872122762
1 0.6203157894736843 0.48292838874680305 0.005047846889952154 0.010792838874680306
1 0.6198086124401915 0.5018158567774936 0.0030287081339712917 0.00809462915601023
1 0.5832153110047847 0.8464705882352942 0.00454066985645933 0.012135549872122762
1 0.6028995215311005 0.8781713554987213 0.0035311004784688996 0.013491048593350385
1 0.5998708133971292 0.8039769820971867 0.00555023923444976 0.010792838874680306
1 0.614511961722488 0.8114066496163682 0.0075693779904306225 0.012135549872122762
1 0.5731244019138756 0.8491687979539642 0.0075693779904306225 0.014833759590792838
1 0.5567177033492823 0.8653580562659847 0.005047846889952154 0.014833759590792838
1 0.5832153110047847 0.9422506393861892 0.00555023923444976 0.012135549872122762
1 0.5915454545454545 0.9591176470588235 0.006057416267942583 0.013491048593350385
1 0.54511004784689 0.7884654731457801 0.007066985645933014 0.017531969309462915
1 0.546622009569378 0.7493478260869565 0.004038277511961722 0.009437340153452685
1 0.5559617224880383 0.7992583120204604 0.00555023923444976 0.014833759590792838
1 0.5410717703349281 0.6333375959079284 0.005047846889952154 0.009437340153452685
1 0.5632822966507177 0.6414322250639386 0.004038277511961722 0.009437340153452685
1 0.5882631578947368 0.6562659846547315 0.00454066985645933 0.009437340153452685
1 0.6056794258373205 0.4316624040920716 0.004038277511961722 0.010792838874680306
1 0.6129952153110049 0.4316624040920716 0.00454066985645933 0.01618925831202046
1 0.6165311004784689 0.4107544757033248 0.002521531100478469 0.006739130434782608
1 0.6059282296650719 0.4438107416879795 0.0035311004784688996 0.00809462915601023
1 0.5917990430622009 0.4222250639386189 0.0035311004784688996 0.010792838874680306
1 0.5912918660287081 0.3770332480818414 0.00555023923444976 0.014833759590792838
1 0.4916076555023924 0.6859462915601022 0.005047846889952154 0.014833759590792838
1 0.4981674641148326 0.6218670076726343 0.005047846889952154 0.010792838874680306
1 0.5082631578947369 0.7075319693094628 0.004038277511961722 0.012135549872122762
1 0.48555023923444973 0.7217007672634271 0.005047846889952154 0.013491048593350385
1 0.45476076555023925 0.8592838874680307 0.0030287081339712917 0.010792838874680306
1 0.5085167464114833 0.5814066496163683 0.006559808612440192 0.013491048593350385
1 0.5133110047846889 0.6023145780051151 0.006057416267942583 0.014833759590792838
1 0.5064976076555023 0.6218670076726343 0.00454066985645933 0.01618925831202046
1 0.5107894736842105 0.6164705882352941 0.005047846889952154 0.013491048593350385
1 0.4711674641148325 0.5996163682864449 0.00454066985645933 0.014833759590792838
1 0.4767177033492823 0.590843989769821 0.00555023923444976 0.013491048593350385
1 0.48530143540669857 0.5854475703324808 0.00454066985645933 0.010792838874680306
1 0.4860574162679426 0.6063554987212276 0.004038277511961722 0.009437340153452685
1 0.4769712918660287 0.6083759590792839 0.004038277511961722 0.010792838874680306
1 0.5178564593301435 0.40535805626598465 0.004038277511961722 0.017531969309462915
1 0.48933492822966507 0.451227621483376 0.00454066985645933 0.012135549872122762
1 0.48126315789473684 0.37163682864450126 0.00555023923444976 0.017531969309462915
1 0.4519856459330143 0.5146291560102302 0.00555023923444976 0.012135549872122762
1 0.5203779904306219 0.32104859335038366 0.005047846889952154 0.018887468030690538
1 0.5274449760765549 0.28868286445012786 0.006057416267942583 0.010792838874680306
1 0.5261818181818182 0.30485933503836316 0.006559808612440192 0.013491048593350385
1 0.5241626794258373 0.3244245524296675 0.00454066985645933 0.014833759590792838
1 0.5733732057416268 0.3244245524296675 0.005047846889952154 0.014833759590792838
1 0.6132488038277513 0.24415601023017905 0.004038277511961722 0.013491048593350385
1 0.6248564593301436 0.30081841432225065 0.006057416267942583 0.018887468030690538
1 0.6170334928229665 0.32104859335038366 0.00454066985645933 0.010792838874680306
1 0.5981052631578947 0.16120204603580562 0.005047846889952154 0.014833759590792838
1 0.5587368421052632 0.13624040920716113 0.005047846889952154 0.013491048593350385
1 0.5612631578947368 0.17267263427109975 0.004038277511961722 0.010792838874680306
1 0.5804401913875598 0.18750639386189258 0.0030287081339712917 0.010792838874680306
1 0.5776650717703349 0.17941176470588235 0.0035311004784688996 0.00809462915601023
1 0.5494019138755981 0.23471867007672637 0.00555023923444976 0.01618925831202046
1 0.48832535885167466 0.3743350383631714 0.00454066985645933 0.012135549872122762
1 0.5014497607655503 0.36084398976982096 0.00454066985645933 0.009437340153452685
1 0.44794736842105265 0.3433120204603581 0.00454066985645933 0.014833759590792838
1 0.5163397129186603 0.1423145780051151 0.004038277511961722 0.012135549872122762
1 0.5269377990430621 0.5058567774936061 0.006057416267942583 0.013491048593350385
1 0.45577033492822966 0.6967391304347826 0.005047846889952154 0.014833759590792838
1 0.46208133971291865 0.7203452685421994 0.00555023923444976 0.00809462915601023
1 0.46460287081339713 0.7142710997442454 0.00454066985645933 0.012135549872122762
1 0.6132488038277513 0.09578005115089515 0.004038277511961722 0.013491048593350385
1 0.616023923444976 0.12680306905370844 0.00454066985645933 0.010792838874680306
1 0.6157703349282296 0.012135549872122762 0.006057416267942583 0.013491048593350385
1 0.6104736842105264 0.027659846547314577 0.002521531100478469 0.009437340153452685
1 0.603909090909091 0.0458695652173913 0.00454066985645933 0.01618925831202046
1 0.600377990430622 0.006074168797953964 0.00555023923444976 0.012135549872122762
1 0.5842248803827751 0.007416879795396419 0.00454066985645933 0.006739130434782608
1 0.5584832535885168 0.07014066496163683 0.0035311004784688996 0.010792838874680306
1 0.5582344497607655 0.08836317135549872 0.005047846889952154 0.017531969309462915
1 0.5327416267942584 0.18750639386189258 0.00454066985645933 0.01618925831202046
1 0.5329952153110048 0.025626598465473143 0.004038277511961722 0.013491048593350385
1 0.5546985645933014 0.022928388746803068 0.005047846889952154 0.01618925831202046
1 0.5158373205741626 0.008772378516624041 0.006057416267942583 0.017531969309462915
1 0.5208803827751196 0.03304347826086956 0.005047846889952154 0.012135549872122762
1 0.5213875598086125 0.08836317135549872 0.006057416267942583 0.012135549872122762
1 0.5637846889952153 0.0451918158567775 0.004038277511961722 0.009437340153452685
1 0.5736267942583733 0.010115089514066497 0.00555023923444976 0.009437340153452685
1 0.5228995215311004 0.5584654731457801 0.004038277511961722 0.010792838874680306
1 0.5155837320574163 0.5483503836317135 0.009588516746411483 0.020230179028132993
1 0.6369712918660287 0.6495268542199488 0.006057416267942583 0.017531969309462915
1 0.636464114832536 0.6717774936061381 0.004038277511961722 0.018887468030690538
1 0.4961531100478469 0.18884910485933504 0.006057416267942583 0.01618925831202046
1 0.48151196172248806 0.21381074168797953 0.006057416267942583 0.012135549872122762
1 0.4767177033492823 0.1632225063938619 0.00555023923444976 0.010792838874680306
1 0.47344019138755983 0.13489769820971867 0.006057416267942583 0.013491048593350385
1 0.48555023923444973 0.1321994884910486 0.007066985645933014 0.010792838874680306
1 0.4393684210526316 0.10927109974424552 0.00555023923444976 0.018887468030690538
1 0.4489569377990431 0.0748849104859335 0.00555023923444976 0.01755754475703325
1 0.4580430622009569 0.13290281329923276 0.006559808612440192 0.017531969309462915
1 0.4519856459330143 0.14166240409207162 0.00555023923444976 0.01618925831202046
1 0.42927272727272725 0.13560102301790283 0.00555023923444976 0.009437340153452685
1 0.4421435406698565 0.1268286445012788 0.005047846889952154 0.010792838874680306
1 0.47142105263157896 0.051956521739130436 0.006057416267942583 0.017531969309462915
1 0.4497177033492823 0.10996163682864449 0.006057416267942583 0.017531969309462915
1 0.48151196172248806 0.05938618925831202 0.005047846889952154 0.01618925831202046
1 0.47142105263157896 0.0782608695652174 0.006057416267942583 0.021585677749360613
1 0.4696507177033493 0.1032225063938619 0.006559808612440192 0.014833759590792838
1 0.47848325358851673 0.0728772378516624 0.004038277511961722 0.013491048593350385
1 0.4767177033492823 0.08771099744245525 0.0035311004784688996 0.010792838874680306
1 0.40756937799043064 0.15313299232736574 0.00555023923444976 0.012135549872122762
1 0.4244784688995215 0.18415601023017902 0.007066985645933014 0.012135549872122762
1 0.4156459330143541 0.12008951406649616 0.00555023923444976 0.01618925831202046
1 0.41993779904306217 0.1382992327365729 0.004038277511961722 0.009437340153452685
1 0.4022727272727273 0.22664961636828646 0.006057416267942583 0.01618925831202046
1 0.40580382775119617 0.20979539641943734 0.004038277511961722 0.014833759590792838
1 0.4012631578947368 0.19225063938618928 0.009086124401913875 0.025626598465473143
1 0.4350765550239234 0.49104859335038364 0.004038277511961722 0.010792838874680306
1 0.4158995215311005 0.5477109974424552 0.0030287081339712917 0.00809462915601023
1 0.41362679425837323 0.5342199488491048 0.00454066985645933 0.010792838874680306
1 0.39722488038277515 0.5193734015345268 0.004038277511961722 0.010792838874680306
1 0.4406315789473684 0.6751790281329924 0.005047846889952154 0.017531969309462915
1 0.44542583732057417 0.6960869565217391 0.00454066985645933 0.010792838874680306
1 0.4358373205741627 0.7250895140664961 0.00454066985645933 0.014833759590792838
1 0.43053588516746416 0.38852941176470585 0.005047846889952154 0.010792838874680306
1 0.4398755980861244 0.32850383631713553 0.002521531100478469 0.012135549872122762
1 0.47520574162679424 0.3905242966751918 0.00555023923444976 0.009437340153452685
1 0.4355837320574163 0.008772378516624041 0.006057416267942583 0.017531969309462915
1 0.45526794258373204 0.018209718670076726 0.004038277511961722 0.014833759590792838
1 0.43179904306220096 0.0451918158567775 0.00555023923444976 0.017531969309462915
1 0.42018660287081344 0.01551150895140665 0.0075693779904306225 0.014833759590792838
1 0.4259952153110048 0.012135549872122762 0.006057416267942583 0.010792838874680306
1 0.4290239234449761 0.02360613810741688 0.004038277511961722 0.014833759590792838
1 0.36012440191387557 0.4114322250639386 0.00555023923444976 0.013491048593350385
1 0.37855023923444975 0.4438107416879795 0.004038277511961722 0.00809462915601023
1 0.3909138755980861 0.5773529411764706 0.00454066985645933 0.013491048593350385
1 0.44744497607655503 0.009437340153452685 0.00454066985645933 0.010792838874680306
1 0.44820095693779904 0.022928388746803068 0.004038277511961722 0.013491048593350385
1 0.46056937799043063 0.004718670076726343 0.00555023923444976 0.006739130434782608
1 0.4603157894736842 0.03237851662404092 0.004038277511961722 0.00809462915601023
1 0.4537511961722488 0.03034526854219949 0.0030287081339712917 0.009437340153452685
1 0.4580430622009569 0.04047314578005115 0.0035311004784688996 0.00809462915601023
1 0.49085167464114837 0.0249616368286445 0.006559808612440192 0.012135549872122762
1 0.4774736842105263 0.0310230179028133 0.0030287081339712917 0.013491048593350385
1 0.3189904306220096 0.012813299232736572 0.007066985645933014 0.012135549872122762
1 0.3830909090909091 0.04047314578005115 0.004038277511961722 0.00809462915601023
1 0.39142105263157895 0.058005115089514066 0.0035311004784688996 0.00809462915601023
1 0.3994928229665072 0.08498721227621482 0.009588516746411483 0.018887468030690538
1 0.39596172248803824 0.06812020460358056 0.0035311004784688996 0.009437340153452685
1 0.3873827751196172 0.09442455242966752 0.00454066985645933 0.013491048593350385
1 0.39192344497607656 0.090383631713555 0.0035311004784688996 0.00809462915601023
1 0.37249282296650715 0.07351662404092071 0.005047846889952154 0.012135549872122762
1 0.33283732057416265 0.04051150895140665 0.005454545454545455 0.011342710997442454
1 0.3437464114832536 0.016611253196930947 0.003033492822966507 0.010537084398976982
1 0.3525406698564593 0.025524296675191818 0.0036363636363636364 0.010537084398976982
1 0.35966028708133974 0.04294117647058823 0.0033349282296650717 0.008107416879795395
1 0.3425358851674641 0.042531969309462916 0.004244019138755981 0.007289002557544757
1 0.35769377990430623 0.06157289002557544 0.002425837320574163 0.008107416879795395
1 0.37011961722488035 0.08668797953964195 0.003033492822966507 0.008107416879795395
1 0.3881578947368421 0.12354219948849104 0.003942583732057417 0.010537084398976982
1 0.3813349282296651 0.12759590792838874 0.0036363636363636364 0.008913043478260869
1 0.3769425837320574 0.12475703324808185 0.002119617224880383 0.009718670076726343
1 0.382244019138756 0.1604092071611253 0.004244019138755981 0.008107416879795395
1 0.3770909090909091 0.2159079283887468 0.005454545454545455 0.01377237851662404
1 0.37027272727272725 0.16364450127877236 0.004545454545454545 0.021061381074168797
1 0.35723923444976075 0.13407928388746804 0.006971291866028708 0.007289002557544757
1 0.36239234449760765 0.15797953964194375 0.0033349282296650717 0.011342710997442454
0 0.35435885167464115 0.1624296675191816 0.011516746411483253 0.03483375959079284
1 0.35723923444976075 0.08384910485933503 0.004545454545454545 0.012148337595907928
1 0.3717894736842105 0.02673913043478261 0.004545454545454545 0.014578005115089514
1 0.33844497607655505 0.10410485933503835 0.0033349282296650717 0.008913043478260869
1 0.32510526315789473 0.10896419437340153 0.005760765550239234 0.010537084398976982
1 0.30449282296650715 0.1267902813299233 0.003942583732057417 0.005664961636828644
1 0.3090382775119617 0.15717391304347825 0.0033349282296650717 0.006483375959079284
1 0.3154066985645933 0.1920076726342711 0.003942583732057417 0.011342710997442454
1 0.3372296650717703 0.16891304347826086 0.004545454545454545 0.012148337595907928
1 0.3191961722488038 0.16487212276214835 0.004851674641148326 0.012148337595907928
1 0.32586124401913874 0.15231457800511508 0.004244019138755981 0.016202046035805627
1 0.3193444976076555 0.1482608695652174 0.006363636363636364 0.016202046035805627
1 0.3372296650717703 0.1972762148337596 0.003942583732057417 0.012148337595907928
1 0.34117224880382774 0.24790281329923275 0.0033349282296650717 0.009718670076726343
1 0.3132822966507177 0.2154987212276215 0.004545454545454545 0.012966751918158569
1 0.29782296650717704 0.18309462915601024 0.005760765550239234 0.009718670076726343
1 0.27857416267942586 0.15676470588235294 0.0036363636363636364 0.01377237851662404
1 0.2788803827751196 0.17498721227621483 0.003033492822966507 0.009718670076726343
1 0.29782296650717704 0.15108695652173915 0.003942583732057417 0.010537084398976982
1 0.30373684210526314 0.14097186700767264 0.004244019138755981 0.014578005115089514
1 0.31252631578947365 0.13772378516624043 0.004244019138755981 0.009718670076726343
1 0.30085645933014354 0.24345268542199489 0.004545454545454545 0.012148337595907928
1 0.30919138755980863 0.2778772378516624 0.0036363636363636364 0.008107416879795395
1 0.26311483253588513 0.17296675191815855 0.0036363636363636364 0.008913043478260869
1 0.2849425837320574 0.2714066496163683 0.0036363636363636364 0.009718670076726343
1 0.28964114832535887 0.29164961636828646 0.005760765550239234 0.014578005115089514
1 0.3693636363636364 0.3273017902813299 0.004545454545454545 0.011342710997442454
1 0.3405645933014354 0.1336700767263427 0.0051531100478468895 0.017826086956521738
1 0.3781531100478469 0.4188491048593351 0.005760765550239234 0.017826086956521738
1 0.33480382775119616 0.3981841432225064 0.0051531100478468895 0.017007672634271102
1 0.3276842105263158 0.43221227621483377 0.003033492822966507 0.017007672634271102
1 0.3285933014354067 0.4127749360613811 0.004244019138755981 0.007289002557544757
1 0.31464593301435406 0.37024296675191815 0.006062200956937799 0.014578005115089514
1 0.3107081339712919 0.39373401534526853 0.0018181818181818182 0.011342710997442454
1 0.30873684210526314 0.4334271099744246 0.003942583732057417 0.014578005115089514
1 0.3004019138755981 0.40466751918158567 0.004244019138755981 0.012148337595907928
1 0.28676076555023927 0.4767774936061381 0.004244019138755981 0.010537084398976982
1 0.27281339712918656 0.44598465473145776 0.0036363636363636364 0.012148337595907928
1 0.26872248803827753 0.42492327365728905 0.003942583732057417 0.01377237851662404
1 0.28357894736842104 0.40061381074168795 0.003942583732057417 0.012148337595907928
1 0.28388038277511957 0.41804347826086957 0.004545454545454545 0.016202046035805627
1 0.27796650717703353 0.42451406649616374 0.004244019138755981 0.016202046035805627
1 0.26554066985645935 0.35849104859335035 0.004244019138755981 0.012148337595907928
1 0.27175598086124403 0.48851662404092067 0.0033349282296650717 0.006483375959079284
1 0.27235885167464113 0.5509079283887468 0.004545454545454545 0.008107416879795395
1 0.45621052631578946 0.7664066496163683 0.004851674641148326 0.016202046035805627
1 0.46181818181818185 0.7777493606138108 0.006363636363636364 0.019437340153452685
1 0.45772248803827753 0.7915217391304348 0.003033492822966507 0.016202046035805627
1 0.40194736842105266 0.6809335038363171 0.003033492822966507 0.010537084398976982
0 0.4192248803827751 0.8818542199488492 0.023038277511961722 0.08182864450127877
1 0.4339282296650718 0.9021099744245525 0.0051531100478468895 0.020255754475703325
1 0.37148325358851675 0.8611892583120205 0.003942583732057417 0.012966751918158569
1 0.38891387559808616 0.8798209718670077 0.004244019138755981 0.012966751918158569
1 0.37163636363636365 0.8218925831202046 0.004851674641148326 0.010537084398976982
1 0.3924019138755981 0.8348593350383632 0.003942583732057417 0.010537084398976982
1 0.39270334928229667 0.7048337595907928 0.0033349282296650717 0.012966751918158569
1 0.35026315789473683 0.8125831202046037 0.005760765550239234 0.011342710997442454
1 0.38830622009569377 0.6250383631713554 0.004244019138755981 0.010537084398976982
1 0.3610239234449761 0.6384015345268542 0.003033492822966507 0.008107416879795395
1 0.35026315789473683 0.6375831202046035 0.0051531100478468895 0.009718670076726343
1 0.346933014354067 0.6598721227621483 0.009397129186602871 0.023491048593350383
1 0.3640574162679426 0.7190153452685422 0.0036363636363636364 0.010537084398976982
1 0.37451674641148325 0.679309462915601 0.0033349282296650717 0.007289002557544757
1 0.3899760765550239 0.6695907928388747 0.008789473684210528 0.01377237851662404
1 0.3964928229665072 0.6521739130434783 0.005454545454545455 0.012966751918158569
1 0.38027272727272726 0.688222506393862 0.0033349282296650717 0.008913043478260869
1 0.372244019138756 0.6918670076726342 0.0036363636363636364 0.009718670076726343
1 0.3669377990430622 0.6886317135549872 0.003942583732057417 0.012966751918158569
1 0.36239234449760765 0.6971355498721227 0.0051531100478468895 0.010537084398976982
1 0.3498086124401914 0.714143222506394 0.006669856459330143 0.01377237851662404
1 0.3531435406698565 0.6995652173913043 0.004851674641148326 0.012148337595907928
1 0.3545071770334928 0.6865984654731457 0.004545454545454545 0.01377237851662404
1 0.339200956937799 0.695920716112532 0.003033492822966507 0.009718670076726343
1 0.3967942583732057 0.7951662404092072 0.0036363636363636364 0.010537084398976982
1 0.3922488038277512 0.7882736572890024 0.004851674641148326 0.024309462915601026
1 0.34571770334928226 0.89076726342711 0.004545454545454545 0.017007672634271102
1 0.3405645933014354 0.8911636828644501 0.003942583732057417 0.014578005115089514
1 0.307066985645933 0.7878772378516624 0.005454545454545455 0.010537084398976982
1 0.311311004784689 0.7595140664961637 0.005454545454545455 0.008913043478260869
1 0.30115789473684207 0.7530306905370844 0.005760765550239234 0.008913043478260869
1 0.331622009569378 0.7955626598465473 0.004851674641148326 0.009718670076726343
1 0.3305598086124402 0.8142071611253198 0.004545454545454545 0.008107416879795395
1 0.3243492822966507 0.6687851662404092 0.0036363636363636364 0.012148337595907928
1 0.33420095693779905 0.6307033248081841 0.006363636363636364 0.01377237851662404
1 0.331622009569378 0.6055882352941176 0.004244019138755981 0.01377237851662404
1 0.34041148325358855 0.6072122762148338 0.004851674641148326 0.01377237851662404
1 0.28539712918660287 0.8206777493606138 0.0033349282296650717 0.011342710997442454
1 0.2664497607655502 0.8227109974424552 0.004851674641148326 0.01377237851662404
1 0.2658421052631579 0.6610869565217392 0.005454545454545455 0.012966751918158569
1 0.2747846889952153 0.6286828644501279 0.006971291866028708 0.012966751918158569
1 0.28236363636363637 0.6546035805626598 0.006363636363636364 0.014578005115089514
1 0.28903349282296653 0.6675703324808183 0.006971291866028708 0.009718670076726343
1 0.28357894736842104 0.6870076726342711 0.007578947368421052 0.032404092071611254
1 0.28903349282296653 0.7052429667519181 0.004545454545454545 0.008913043478260869
1 0.29766985645933014 0.7210358056265985 0.007880382775119616 0.017826086956521738
1 0.2910047846889952 0.7311636828644501 0.007272727272727273 0.010537084398976982
1 0.2753923444976077 0.6942966751918159 0.0051531100478468895 0.017826086956521738
1 0.27554545454545454 0.7420971867007673 0.004244019138755981 0.014578005115089514
1 0.2672057416267943 0.7412915601023019 0.003942583732057417 0.008107416879795395
1 0.2720574162679426 0.7623529411764706 0.003942583732057417 0.012966751918158569
1 0.26796650717703346 0.7664066496163683 0.005454545454545455 0.017826086956521738
1 0.2467464114832536 0.673235294117647 0.005454545454545455 0.019437340153452685
1 0.25326315789473686 0.7096930946291561 0.006363636363636364 0.019437340153452685
1 0.2423492822966507 0.7214450127877238 0.004545454545454545 0.010537084398976982
1 0.24689952153110048 0.7846291560102302 0.0051531100478468895 0.012148337595907928
1 0.23857416267942583 0.7903069053708439 0.0036363636363636364 0.010537084398976982
1 0.2449377990430622 0.7984015345268543 0.006669856459330143 0.015396419437340152
1 0.2269043062200957 0.8000255754475704 0.0051531100478468895 0.01377237851662404
1 0.21932535885167465 0.8251406649616368 0.0033349282296650717 0.01377237851662404
1 0.21977990430622008 0.8555242966751918 0.005454545454545455 0.014578005115089514
1 0.2907129186602871 0.6934910485933503 0.004244019138755981 0.011342710997442454
1 0.25570334928229665 0.950306905370844 0.003942583732057417 0.014578005115089514
1 0.1884066985645933 0.9017007672634271 0.003942583732057417 0.011342710997442454
1 0.19460765550239234 0.9332992327365729 0.005454545454545455 0.016202046035805627
1 0.23098564593301435 0.6703964194373402 0.004244019138755981 0.012148337595907928
1 0.20370334928229666 0.7319693094629156 0.004244019138755981 0.007289002557544757
1 0.23234928229665072 0.7412915601023019 0.0051531100478468895 0.014578005115089514
1 0.1961244019138756 0.7894884910485933 0.005454545454545455 0.008913043478260869
1 0.18642583732057416 0.8308056265984656 0.0036363636363636364 0.008913043478260869
1 0.167933014354067 0.8445780051150895 0.004851674641148326 0.012148337595907928
1 0.15111004784688994 0.7222506393861892 0.003942583732057417 0.010537084398976982
1 0.18414832535885167 0.6728260869565217 0.005760765550239234 0.01377237851662404
1 0.18005741626794258 0.6517647058823529 0.004851674641148326 0.008913043478260869
1 0.16035406698564592 0.6695907928388747 0.0036363636363636364 0.008913043478260869
1 0.15413875598086124 0.6452813299232737 0.005760765550239234 0.01377237851662404
1 0.15308133971291865 0.6631074168797954 0.006062200956937799 0.008913043478260869
1 0.318133971291866 0.746150895140665 0.004545454545454545 0.014578005115089514
1 0.2658421052631579 0.5966751918158568 0.009698564593301436 0.03159846547314578
1 0.3248038277511962 0.5428005115089515 0.004545454545454545 0.011342710997442454
1 0.322377990430622 0.5553580562659847 0.0027272727272727275 0.008913043478260869
1 0.36208612440191384 0.5808823529411765 0.004545454545454545 0.014578005115089514
1 0.3839138755980861 0.4860869565217391 0.0027272727272727275 0.008107416879795395
1 0.3877033492822966 0.5002685421994885 0.007880382775119616 0.017007672634271102
1 0.21567464114832535 0.5278132992327366 0.0033349282296650717 0.012148337595907928
1 0.19445933014354067 0.5488746803069054 0.006971291866028708 0.008913043478260869
1 0.1970334928229665 0.5270076726342711 0.004244019138755981 0.008913043478260869
1 0.200066985645933 0.5630562659846547 0.006062200956937799 0.019437340153452685
1 0.20264114832535884 0.583312020460358 0.0027272727272727275 0.012966751918158569
1 0.19839712918660285 0.5869565217391305 0.0051531100478468895 0.01377237851662404
1 0.17202392344497605 0.5488746803069054 0.006363636363636364 0.010537084398976982
1 0.17702870813397129 0.583312020460358 0.004851674641148326 0.012966751918158569
1 0.25280861244019137 0.4463938618925831 0.004851674641148326 0.014578005115089514
1 0.2456842105263158 0.450843989769821 0.0051531100478468895 0.021879795396419436
1 0.22688995215311003 0.4670588235294118 0.004545454545454545 0.012148337595907928
1 0.2206794258373206 0.45652173913043476 0.006669856459330143 0.01377237851662404
1 0.20673205741626793 0.4192583120204604 0.005454545454545455 0.015396419437340152
1 0.205066985645933 0.4306010230179028 0.0033349282296650717 0.010537084398976982
1 0.16338755980861244 0.6343478260869565 0.012732057416267942 0.022685421994884908
1 0.24735406698564594 0.41479539641943736 0.003033492822966507 0.008107416879795395
1 0.3185885167464115 0.4605754475703325 0.004244019138755981 0.012148337595907928
1 0.260688995215311 0.34350383631713555 0.004244019138755981 0.011342710997442454
1 0.26933014354066986 0.2896291560102302 0.003942583732057417 0.01377237851662404
1 0.25493301435406696 0.24182864450127878 0.004851674641148326 0.012148337595907928
1 0.24083732057416268 0.23575447570332483 0.006363636363636364 0.011342710997442454
1 0.2879712918660287 0.22805626598465473 0.008488038277511961 0.015396419437340152
1 0.20900478468899522 0.3135294117647059 0.004545454545454545 0.012966751918158569
1 0.234622009569378 0.31433503836317134 0.006062200956937799 0.014578005115089514
1 0.23432057416267943 0.3840153452685422 0.004244019138755981 0.012966751918158569
1 0.23916746411483253 0.3572762148337596 0.005454545454545455 0.014578005115089514
1 0.23067942583732057 0.39939897698209714 0.0036363636363636364 0.009718670076726343
1 0.1736937799043062 0.36740409207161123 0.004851674641148326 0.007289002557544757
1 0.20931100478468898 0.23332480818414322 0.003942583732057417 0.009718670076726343
1 0.21598086124401913 0.19767263427109977 0.0051531100478468895 0.011342710997442454
1 0.21794736842105264 0.2082097186700767 0.005454545454545455 0.006483375959079284
1 0.2752392344497608 0.016611253196930947 0.0036363636363636364 0.010537084398976982
1 0.25750717703349285 0.0279539641943734 0.003942583732057417 0.01377237851662404
1 0.2605406698564593 0.04739130434782609 0.004545454545454545 0.010537084398976982
1 0.25826315789473686 0.05630434782608696 0.003033492822966507 0.008913043478260869
1 0.2752392344497608 0.05832480818414322 0.003033492822966507 0.009718670076726343
1 0.29024401913875597 0.06400255754475703 0.0051531100478468895 0.014578005115089514
1 0.29782296650717704 0.09195652173913044 0.0033349282296650717 0.007289002557544757
1 0.2931244019138756 0.09033248081841433 0.002425837320574163 0.008913043478260869
1 0.2982775119617225 0.06927109974424553 0.0036363636363636364 0.008913043478260869
1 0.2953971291866029 0.07858056265984655 0.006363636363636364 0.012966751918158569
1 0.26872248803827753 0.06805626598465472 0.0033349282296650717 0.008107416879795395
1 0.27235885167464113 0.07453964194373401 0.0027272727272727275 0.008107416879795395
1 0.2699377990430622 0.07898976982097188 0.004545454545454545 0.012148337595907928
1 0.2672057416267943 0.08911764705882352 0.004545454545454545 0.011342710997442454
1 0.25614354066985645 0.10167519181585678 0.004244019138755981 0.008913043478260869
1 0.25356937799043067 0.1348849104859335 0.003942583732057417 0.012148337595907928
1 0.24811004784688992 0.10451406649616368 0.004545454545454545 0.008107416879795395
1 0.2461387559808612 0.11503836317135549 0.004244019138755981 0.006483375959079284
1 0.25417224880382777 0.15757033248081842 0.003942583732057417 0.010537084398976982
1 0.24826315789473685 0.1867391304347826 0.0036363636363636364 0.010537084398976982
1 0.23537799043062202 0.15028132992327364 0.003942583732057417 0.008913043478260869
1 0.2490191387559809 0.15717391304347825 0.003942583732057417 0.012966751918158569
1 0.2294688995215311 0.11625319693094628 0.0036363636363636364 0.010537084398976982
1 0.23659330143540672 0.12232736572890025 0.003942583732057417 0.011342710997442454
1 0.22704306220095694 0.10167519181585678 0.004244019138755981 0.010537084398976982
1 0.22522488038277513 0.06157289002557544 0.004851674641148326 0.012966751918158569
1 0.22810526315789473 0.029168797953964192 0.0051531100478468895 0.009718670076726343
1 0.20794736842105263 0.032404092071611254 0.0036363636363636364 0.009718670076726343
1 0.2082488038277512 0.07453964194373401 0.0036363636363636364 0.008107416879795395
1 0.20885645933014355 0.09762148337595908 0.004244019138755981 0.007289002557544757
1 0.2091578947368421 0.10937340153452686 0.006062200956937799 0.008107416879795395
1 0.2080956937799043 0.12557544757033248 0.003942583732057417 0.009718670076726343
1 0.22007177033492822 0.13772378516624043 0.0036363636363636364 0.009718670076726343
1 0.20036842105263156 0.13813299232736573 0.004244019138755981 0.01377237851662404
1 0.21188516746411482 0.17782608695652175 0.004244019138755981 0.008913043478260869
1 0.18323923444976079 0.1693222506393862 0.003942583732057417 0.009718670076726343
1 0.1799090909090909 0.18268542199488494 0.004545454545454545 0.012148337595907928
1 0.1827846889952153 0.1972762148337596 0.006062200956937799 0.008913043478260869
1 0.18445454545454545 0.028759590792838872 0.0033349282296650717 0.008913043478260869
1 0.17233014354066986 0.05832480818414322 0.003942583732057417 0.011342710997442454
1 0.16520574162679424 0.06886189258312021 0.004244019138755981 0.012966751918158569
1 0.14489473684210524 0.06886189258312021 0.004244019138755981 0.014578005115089514
1 0.1680861244019139 0.17216112531969308 0.003942583732057417 0.012148337595907928
1 0.1477751196172249 0.08870843989769822 0.004545454545454545 0.010537084398976982
1 0.1382248803827751 0.09599744245524296 0.003033492822966507 0.005664961636828644
1 0.13928708133971293 0.10612531969309462 0.004545454545454545 0.008107416879795395
1 0.16217224880382775 0.11017902813299232 0.006669856459330143 0.021061381074168797
1 0.16959808612440191 0.14340153452685422 0.006363636363636364 0.012966751918158569
1 0.16020574162679424 0.13448849104859334 0.006363636363636364 0.021061381074168797
1 0.14520095693779905 0.20942455242966754 0.005454545454545455 0.010537084398976982
1 0.24629186602870815 0.2726214833759591 0.005760765550239234 0.015396419437340152
1 0.24750239234449758 0.39657289002557544 0.0051531100478468895 0.012148337595907928
1 0.11306698564593301 0.29164961636828646 0.0036363636363636364 0.012966751918158569
1 0.092 0.25519181585677747 0.003942583732057417 0.011342710997442454
1 0.10564114832535884 0.20699488491048593 0.004545454545454545 0.008913043478260869
1 0.11549282296650717 0.13164961636828645 0.006062200956937799 0.012148337595907928
1 0.11791866028708134 0.14501278772378517 0.003033492822966507 0.009718670076726343
1 0.10670334928229665 0.2584398976982097 0.005454545454545455 0.011342710997442454
1 0.10852153110047846 0.27180306905370843 0.005454545454545455 0.008913043478260869
1 0.14413875598086123 0.3139386189258312 0.0051531100478468895 0.008913043478260869
1 0.12913397129186602 0.29813299232736573 0.0036363636363636364 0.014578005115089514
1 0.133377990430622 0.3208184143222506 0.003033492822966507 0.008107416879795395
1 0.12867942583732056 0.31758312020460355 0.0027272727272727275 0.011342710997442454
1 0.13474162679425838 0.3147442455242967 0.0027272727272727275 0.008913043478260869
1 0.10094258373205742 0.37915601023017903 0.004851674641148326 0.011342710997442454
1 0.12155502392344499 0.3799616368286445 0.003033492822966507 0.012966751918158569
1 0.0979090909090909 0.44234015345268546 0.005454545454545455 0.012966751918158569
1 0.10109569377990431 0.4314066496163683 0.0033349282296650717 0.012148337595907928
1 0.12185645933014354 0.6412404092071611 0.004244019138755981 0.008913043478260869
1 0.1162488038277512 0.6412404092071611 0.004545454545454545 0.010537084398976982
1 0.10442583732057416 0.6221994884910486 0.004545454545454545 0.011342710997442454
1 0.10806698564593302 0.4808312020460358 0.0033349282296650717 0.010537084398976982
1 0.11291387559808613 0.48528132992327366 0.003942583732057417 0.012966751918158569
1 0.11336842105263158 0.5257928388746803 0.006062200956937799 0.022685421994884908
1 0.08305741626794258 0.583312020460358 0.004244019138755981 0.009718670076726343
1 0.08608612440191386 0.5189002557544756 0.004851674641148326 0.018631713554987214
1 0.0838133971291866 0.4463938618925831 0.005760765550239234 0.014578005115089514
1 0.07775119617224881 0.45450127877237856 0.0033349282296650717 0.016202046035805627
1 0.062291866028708134 0.4771739130434782 0.004545454545454545 0.012966751918158569
1 0.04637799043062201 0.34877237851662407 0.004851674641148326 0.015396419437340152
1 0.08927272727272728 0.6529795396419438 0.003942583732057417 0.014578005115089514
1 0.11367464114832536 0.7380434782608696 0.004244019138755981 0.011342710997442454
1 0.1041244019138756 0.8044757033248082 0.0051531100478468895 0.016202046035805627
1 0.07411483253588518 0.7813938618925831 0.003942583732057417 0.010537084398976982
1 0.019550239234449762 0.7429028132992328 0.0033349282296650717 0.008107416879795395
1 0.030918660287081342 0.6886317135549872 0.0036363636363636364 0.009718670076726343
1 0.04395215311004785 0.6906521739130436 0.0036363636363636364 0.008913043478260869
1 0.03213397129186603 0.7117135549872122 0.0036363636363636364 0.015396419437340152
1 0.040315789473684215 0.7129283887468031 0.006062200956937799 0.016202046035805627
1 0.03804306220095694 0.7453452685421995 0.0015167464114832535 0.008107416879795395
1 0.04244019138755981 0.7506010230179029 0.003033492822966507 0.01377237851662404
1 0.031220095693779905 0.7898976982097188 0.004244019138755981 0.009718670076726343
1 0.021368421052631578 0.8826598465473146 0.0033349282296650717 0.010537084398976982
1 0.03198086124401914 0.8948081841432225 0.0033349282296650717 0.008913043478260869
1 0.027435406698564594 0.922762148337596 0.004545454545454545 0.011342710997442454
1 0.006818181818181818 0.9430179028132993 0.003942583732057417 0.012966751918158569
1 0.0036363636363636364 0.746150895140665 0.004851674641148326 0.012966751918158569
1 0.0016650717703349282 0.5383503836317136 0.0033301435406698564 0.010537084398976982
1 0.08457416267942583 0.03767263427109974 0.003033492822966507 0.010537084398976982
1 0.11503827751196173 0.05671355498721228 0.0051531100478468895 0.009718670076726343
1 0.006215311004784689 0.17216112531969308 0.0027272727272727275 0.008913043478260869
1 0.035918660287081336 0.023491048593350383 0.003942583732057417 0.011342710997442454
1 0.031220095693779905 0.028759590792838872 0.003033492822966507 0.007289002557544757
1 0.019550239234449762 0.09235294117647058 0.0027272727272727275 0.011342710997442454
1 0.008334928229665072 0.2078005115089514 0.0033349282296650717 0.010537084398976982
1 0.018492822966507175 0.26492327365728896 0.004244019138755981 0.008107416879795395
1 0.4052248803827751 0.11396419437340154 0.00900956937799043 0.023964194373401533