0 0.7446309696092619 0.07102531645569621 0.01882778581765557 0.052126582278481014
1 0.262209358417752 0.39111392405063294 0.012098408104196816 0.03910126582278481
1 0.4143077665219489 0.1941139240506329 0.01196333815726001 0.037759493670886074
1 0.9531259044862518 0.7322531645569621 0.0070091654606849975 0.02567088607594937
1 0.6401350699469368 0.860379746835443 0.022537385431741438 0.06839240506329114
1 0.5185528219971056 0.593873417721519 0.011505065123010132 0.03792405063291139
1 0.8647467438494935 0.6118101265822785 0.008919440424505546 0.020189873417721518
1 0.03442354076218041 0.7975949367088608 0.007149059334298119 0.018468354430379745
1 0.4211432706222865 0.6668987341772152 0.009522431259044862 0.02929113924050633
1 0.05319343945972021 0.8815189873417721 0.00818620356970574 0.017430379746835443
1 0.2919922817173179 0.6191772151898733 0.012054992764109984 0.03940506329113924
1 0.1068740955137482 0.3645189873417722 0.006049204052098408 0.020898734177215193
1 0.3479015918958032 0.6867594936708861 0.008644476603955622 0.02648101265822785
1 0.9272455378678245 0.11315189873417722 0.006169802219006271 0.019962025316455696
1 0.8310564399421129 0.3962405063291139 0.006005788712011577 0.013962025316455696
1 0.5214857694163049 0.3798987341772152 0.007964302942595274 0.019430379746835442
1 0.5708007718282682 0.6351898734177215 0.008446695610226726 0.023037974683544304
1 0.11279305354558611 0.5217974683544304 0.007578388808490111 0.01891139240506329
1 0.7431644958996623 0.49873417721518987 0.006956102267245538 0.016430379746835443
1 0.6171876507477086 0.6624177215189873 0.007462614568258563 0.016632911392405064
1 0.9902363724071395 0.10186075949367089 0.012571152918475638 0.03537974683544304
1 0.4218765074770863 0.0869620253164557 0.012006753497346841 0.05173417721518987
1 0.31201157742402313 0.6191772151898733 0.007095996140858659 0.018050632911392406
1 0.2722190062711047 0.1500632911392405 0.00607332368547998 0.014746835443037976
1 0.38061746261456825 0.4580506329113924 0.00573082489146165 0.016962025316455697
1 0.3320308731307284 0.19235443037974684 0.006189097925711529 0.014924050632911391
1 0.8349589966232512 0.9199493670886075 0.008215147129763628 0.014025316455696202
1 0.46410998552821997 0.2618607594936709 0.007814761215629523 0.017493670886075948
1 0.4743656536420646 0.34754430379746837 0.007288953207911239 0.014518987341772153
1 0.023651712493970092 0.39559493670886076 0.004679208876025084 0.016063291139240505
1 0.9223637240713941 0.3859873417721519 0.004867342016401351 0.014240506329113924
1 0.19091654606849975 0.5080253164556962 0.008215147129763628 0.017227848101265823
1 0.7587891944042451 0.3494683544303797 0.005774240231548481 0.01369620253164557
1 0.693849493487699 0.4609367088607595 0.0055137481910274965 0.013430379746835442
1 0.8500964785335263 0.8302658227848101 0.004679208876025084 0.016189873417721518
1 0.4331066087795466 0.6422405063291139 0.006189097925711529 0.019734177215189875
1 0.052522913651712494 0.18417721518987343 0.0069319826338639645 0.032746835443037976
1 0.17383019778099373 0.4192911392405063 0.005388326097443319 0.016240506329113925
1 0.01887602508441872 0.5595949367088607 0.005301495417269658 0.013430379746835442
1 0.6982440906898215 0.28988607594936705 0.0048094548962855765 0.013759493670886075
1 0.854003859141341 0.0509746835443038 0.004037626628075253 0.011455696202531647
1 0.4816883743367101 0.8847215189873417 0.005533043897732755 0.015873417721518988
1 0.36670043415340087 0.7572278481012659 0.006690786300048239 0.0189746835443038
1 0.24218523878437048 0.3449873417721519 0.014389773275446213 0.025759493670886077
1 0.3276362759286059 0.4282658227848101 0.005822479498311626 0.013025316455696202
1 0.6391606367583212 0.8475569620253165 0.009271587071876508 0.03429113924050633
1 0.22986010612638688 0.8078481012658228 0.005841775205016883 0.011683544303797469
1 0.5590834539315003 0.4926455696202532 0.00507959479015919 0.0170253164556962
1 0.8828123492522914 0.5829746835443038 0.004698504582730342 0.012772151898734176
1 0.97607332368548 0.25016455696202533 0.00431259044862518 0.01369620253164557
1 0.14807042932947417 0.5576708860759494 0.007785817655571636 0.01359493670886076
1 0.0618909792571153 0.23143037974683545 0.004848046309696093 0.011911392405063292
1 0.3591316931982634 0.49168354430379746 0.0047178002894356 0.015037974683544305
1 0.5 0.8770379746835443 0.005426917510853835 0.014291139240506328
1 0.08789194404245054 0.7034177215189874 0.006464061746261457 0.011949367088607594
1 0.3769512783405692 0.6118101265822785 0.005277375783888085 0.01539240506329114
1 0.5478533526290401 0.49232911392405065 0.004249879401833093 0.01791139240506329
1 0.2509744331886155 0.44844303797468354 0.004828750602990834 0.014746835443037976
1 0.5742209358417751 0.8840759493670886 0.00507959479015919 0.014025316455696202
1 0.809570670525808 0.2661898734177215 0.0044187168355041 0.010240506329113924
1 0.270506512301013 0.306379746835443 0.004848046309696093 0.013177215189873418
1 0.23791606367583212 0.3481898734177215 0.004828750602990834 0.014860759493670887
1 0.2496333815726001 0.6867594936708861 0.005890014471780029 0.011772151898734179
1 0.8168933912204535 0.47631645569620257 0.004003859141341052 0.011455696202531647
1 0.7265605402797878 0.6063670886075949 0.004100337674867342 0.012822784810126582
1 0.9477520501688375 0.4353164556962025 0.004100337674867342 0.011063291139240507
1 0.3720694645441389 0.742493670886076 0.015426917510853835 0.035088607594936705
1 0.8007814761215629 0.31326582278481013 0.0038543174143753018 0.011367088607594937
1 0.5317366136034732 0.36996202531645567 0.004828750602990834 0.013848101265822784
1 0.11456343463579353 0.030670886075949366 0.00341534008683068 0.012278481012658228
1 0.9277327544621322 0.647367088607595 0.0038398456343463577 0.012772151898734176
1 0.7695320791123975 0.5676075949367089 0.004626145682585624 0.009683544303797469
1 0.49145682585624695 0.5141139240506328 0.0040231548480463095 0.014746835443037976
1 0.46459720212252775 0.18963291139240507 0.004346357935359382 0.013177215189873418
1 0.3745103714423541 0.5676075949367089 0.005426917510853835 0.01039240506329114
1 0.5131837916063675 0.23383544303797468 0.004346357935359382 0.010936708860759495
1 0.6323251326579836 0.45036708860759495 0.004100337674867342 0.010354430379746836
1 0.18908827785817656 0.7245569620253164 0.004346357935359382 0.010936708860759495
1 0.6204775687409552 0.3528481012658228 0.01567776169802219 0.028481012658227847
1 0.8260974433188616 0.7879746835443038 0.0120598166907863 0.0379746835443038
1 0.7519295706705258 0.944620253164557 0.01567776169802219 0.03481012658227848
1 0.7549445248432224 0.9018987341772152 0.00964785335262904 0.0189873417721519
1 0.855643994211288 0.23417721518987342 0.01326579835986493 0.0379746835443038
1 0.9352387843704776 0.9098101265822784 0.01085383502170767 0.028481012658227847
1 0.4299324650265316 0.5743670886075949 0.00602990834539315 0.03481012658227848
1 0.05969609261939218 0.48575949367088606 0.01085383502170767 0.028481012658227847
1 0.028340569223347805 0.5035822784810127 0.007945007235890015 0.022848101265822787
1 0.6283164495899662 0.1439873417721519 0.00482392667631452 0.03481012658227848
1 0.6373613121080559 0.23575949367088608 0.00844187168355041 0.015822784810126583
1 0.5855041003376749 0.10917721518987342 0.00844187168355041 0.028481012658227847
1 0.27918475639170287 0.2579113924050633 0.00844187168355041 0.022151898734177215
1 0.5722383019778099 0.689873417721519 0.00361794500723589 0.0189873417721519
1 0.1085383502170767 0.6882911392405063 0.00964785335262904 0.015822784810126583
1 0.07537385431741438 0.8006329113924051 0.01085383502170767 0.0189873417721519
1 0.1049204052098408 0.33544303797468356 0.00964785335262904 0.0189873417721519
1 0.7229860106126387 0.3449367088607595 0.01085383502170767 0.02531645569620253
1 0.4588760250844187 0.23417721518987342 0.01085383502170767 0.0189873417721519
1 0.6494211287988423 0.6028481012658228 0.01085383502170767 0.028481012658227847
1 0.7428847081524361 0.6724683544303798 0.00723589001447178 0.022151898734177215
1 0.8978533526290401 0.8813291139240507 0.00602990834539315 0.028481012658227847
1 0.9804630969609262 0.37341772151898733 0.00482392667631452 0.0189873417721519
1 0.9653883260974433 0.34651898734177217 0.01085383502170767 0.015822784810126583
1 0.37566328991799325 0.9588607594936709 0.00844187168355041 0.0189873417721519
1 0.0361794500723589 0.9224683544303798 0.00964785335262904 0.022151898734177215
1 0.06874095513748191 0.9588607594936709 0.00964785335262904 0.0189873417721519
1 0.28340569223347806 0.9588607594936709 0.00723589001447178 0.02531645569620253
1 0.5463096960926194 0.45569620253164556 0.00964785335262904 0.0189873417721519
1 0.36239749155812834 0.3291139240506329 0.01085383502170767 0.0189873417721519
1 0.2779787747226242 0.6677215189873418 0.00844187168355041 0.0189873417721519
1 0.1049204052098408 0.5569620253164557 0.00723589001447178 0.02531645569620253
1 0.12662807525325614 0.564873417721519 0.00723589001447178 0.022151898734177215
1 0.16160154365653642 0.5490506329113924 0.00723589001447178 0.015822784810126583
1 0.23154848046309695 0.7231012658227848 0.00964785335262904 0.022151898734177215
1 0.128712011577424 0.8185569620253165 0.0054799807042932944 0.008227848101265823
1 0.18576941630487218 0.7702151898734177 0.0038205499276410997 0.011177215189873418
1 0.304876989869754 0.7068101265822785 0.004939700916546068 0.008329113924050634
1 0.05468885672937772 0.5818354430379746 0.004698504582730342 0.00870886075949367
1 0.02486734201640135 0.44846835443037975 0.004322238301977811 0.014164556962025315
1 0.27364206464061747 0.007848101265822785 0.00451519536903039 0.015139240506329116
1 0.007998070429329474 0.03279746835443038 0.003931500241196334 0.009126582278481012
1 0.4235697057404727 0.007544303797468354 0.007067052580800772 0.015088607594936708
1 0.4250651230101302 0.1671645569620253 0.006353111432706223 0.012962025316455697
1 0.374370477568741 0.14254430379746835 0.00592378195851423 0.012329113924050634
1 0.4764495899662325 0.5034936708860759 0.005393150024119634 0.012417721518987342
1 0.6312783405692234 0.6323544303797468 0.0057067052580800776 0.014962025316455697
1 0.6060057887120116 0.5629367088607595 0.006102267245537868 0.012202531645569621
1 0.5595272551857212 0.6073544303797468 0.004838398456343463 0.011126582278481012
1 0.624616497829233 0.5234303797468355 0.005349734684032803 0.013417721518987341
1 0.47620839363241674 0.6950886075949367 0.005836951278340569 0.009177215189873418
1 0.5128316449589966 0.8305696202531645 0.005914134105161601 0.015253164556962026
1 0.4727834056922335 0.6758481012658227 0.005470332850940666 0.009582278481012658
1 0.34450554751567775 0.7737088607594937 0.00824891461649783 0.01330379746835443
1 0.6354751567776169 0.9267721518987342 0.005769416304872166 0.010784810126582278
1 0.5632223830197781 0.9433670886075949 0.006671490593342981 0.007518987341772153
1 0.8323444283646889 0.8179620253164558 0.005875542691751085 0.01189873417721519
1 0.8649300530631935 0.5725696202531645 0.005287023637240714 0.012050632911392405
1 0.30180897250361793 0.49553164556962026 0.004360829715388326 0.015936708860759492
1 0.15447660395561988 0.527113924050633 0.004216111915098891 0.008607594936708861
1 0.17441871683550408 0.45364556962025315 0.00612638687891944 0.009936708860759494
1 0.11683550410033768 0.42168354430379745 0.005803183791606367 0.014050632911392405
1 0.07246502653159671 0.7214430379746836 0.004124457308248915 0.010860759493670886
1 0.24236372407139412 0.7206582278481013 0.004939700916546068 0.009291139240506329
1 0.1248142788229619 0.9143924050632911 0.006015436565364207 0.012746835443037976