0 0.7954545454545454 0.3346456692913386 0.01282051282051282 0.06561679790026247
0 0.7465034965034965 0.13451443569553806 0.022144522144522144 0.05249343832020997
1 0.7703962703962703 0.054133858267716536 0.011655011655011656 0.04265091863517061
1 0.7558275058275058 0.02788713910761155 0.01282051282051282 0.03608923884514436
1 0.8187645687645687 0.014763779527559055 0.017482517482517484 0.02952755905511811
1 0.9341491841491841 0.06561679790026247 0.008158508158508158 0.03937007874015748
1 0.9603729603729604 0.03937007874015748 0.011655011655011656 0.03280839895013123
1 0.243006993006993 0.3510498687664042 0.01282051282051282 0.03280839895013123
0 0.31934731934731936 0.35761154855643046 0.013986013986013986 0.045931758530183726
1 0.1590909090909091 0.03280839895013123 0.015151515151515152 0.03280839895013123
1 0.175990675990676 0.08038057742782152 0.018648018648018648 0.02952755905511811
1 0.2692307692307692 0.031167979002624673 0.011655011655011656 0.02952755905511811
1 0.26573426573426573 0.08858267716535433 0.009324009324009324 0.03280839895013123
1 0.2517482517482518 0.031167979002624673 0.009324009324009324 0.03608923884514436
1 0.5734265734265734 0.04757217847769029 0.016317016317016316 0.02952755905511811
0 0.6824009324009324 0.17224409448818898 0.015151515151515152 0.0557742782152231
1 0.6404428904428905 0.026246719160104987 0.01048951048951049 0.026246719160104987
1 0.1148018648018648 0.291994750656168 0.015151515151515152 0.05249343832020997
0 0.5629370629370629 0.8792650918635171 0.02564102564102564 0.05905511811023622
0 0.3076923076923077 0.5872703412073491 0.018648018648018648 0.03937007874015748
0 0.30186480186480186 0.6299212598425197 0.018648018648018648 0.045931758530183726
0 0.14393939393939395 0.505249343832021 0.019813519813519812 0.09186351706036745
1 0.055944055944055944 0.5626640419947506 0.016317016317016316 0.03608923884514436
1 0.36480186480186483 0.23786089238845146 0.011655011655011656 0.03608923884514436
1 0.19302564102564104 0.859225721784777 0.012974358974358974 0.02958005249343832
1 0.20512820512820512 0.9448818897637795 0.02097902097902098 0.03280839895013123
1 0.41083916083916083 0.8398950131233596 0.01282051282051282 0.03280839895013123
1 0.39335664335664333 0.3297244094488189 0.017482517482517484 0.03608923884514436
1 0.45396270396270394 0.34120734908136485 0.015151515151515152 0.03280839895013123
1 0.44755244755244755 0.16076115485564305 0.013986013986013986 0.026246719160104987
1 0.019230769230769232 0.9005905511811023 0.019813519813519812 0.03608923884514436
1 0.06643356643356643 0.8727034120734908 0.013986013986013986 0.03937007874015748
1 0.09149184149184149 0.026246719160104987 0.01048951048951049 0.03937007874015748
1 0.3712121212121212 0.03937007874015748 0.01048951048951049 0.026246719160104987
1 0.38636363636363635 0.08366141732283465 0.01048951048951049 0.022965879265091863
1 0.04195804195804196 0.37729658792650916 0.018648018648018648 0.045931758530183726
1 0.4184149184149184 0.6233595800524935 0.013986013986013986 0.026246719160104987
1 0.5034965034965035 0.6561679790026247 0.013986013986013986 0.03280839895013123
1 0.8886946386946387 0.16404199475065617 0.01048951048951049 0.03280839895013123
1 0.9283216783216783 0.265748031496063 0.015151515151515152 0.03937007874015748
1 0.8071095571095571 0.145997375328084 0.015151515151515152 0.03608923884514436
1 0.8222610722610723 0.0639763779527559 0.01282051282051282 0.022965879265091863
1 0.7896270396270396 0.42322834645669294 0.01282051282051282 0.026246719160104987
1 0.6503496503496503 0.306758530183727 0.013986013986013986 0.02952755905511811
1 0.4755244755244755 0.10006561679790026 0.013986013986013986 0.03608923884514436
1 0.5215617715617715 0.10498687664041995 0.01048951048951049 0.03280839895013123
1 0.4836829836829837 0.16896325459317585 0.011655011655011656 0.02952755905511811
1 0.47202797202797203 0.32808398950131235 0.011655011655011656 0.026246719160104987
1 0.5384615384615384 0.6528871391076115 0.009324009324009324 0.026246719160104987
1 0.5402097902097902 0.5626640419947506 0.01282051282051282 0.0557742782152231
1 0.1263962703962704 0.7075459317585302 0.010606060606060607 0.03855643044619422
1 0.15093240093240093 0.30183727034120733 0.015151515151515152 0.03280839895013123
1 0.23543123543123542 0.9005905511811023 0.011655011655011656 0.022965879265091863
1 0.07400932400932402 0.6873359580052494 0.022144522144522144 0.03608923884514436
1 0.8517482517482518 0.7805643044619422 0.007459207459207459 0.02569553805774278
1 0.8916083916083916 0.613517060367454 0.011655011655011656 0.03937007874015748
1 0.9533799533799534 0.48884514435695536 0.009324009324009324 0.026246719160104987
1 0.8036130536130536 0.23622047244094488 0.01282051282051282 0.03280839895013123
1 0.9831002331002331 0.09514435695538058 0.01282051282051282 0.03280839895013123
1 0.8543123543123543 0.21981627296587927 0.009324009324009324 0.03280839895013123
1 0.844988344988345 0.16404199475065617 0.009324009324009324 0.03280839895013123
1 0.6247086247086248 0.17880577427821523 0.011655011655011656 0.02952755905511811
1 0.6631701631701632 0.20833333333333334 0.009324009324009324 0.02952755905511811
1 0.6608391608391608 0.16896325459317585 0.009324009324009324 0.022965879265091863
1 0.696969696969697 0.10662729658792651 0.016317016317016316 0.02952755905511811
1 0.6054778554778555 0.16896325459317585 0.01048951048951049 0.02952755905511811
1 0.6252913752913752 0.024606299212598427 0.008158508158508158 0.022965879265091863
1 0.14976689976689977 0.22145669291338582 0.01282051282051282 0.02952755905511811
1 0.21678321678321677 0.40846456692913385 0.013986013986013986 0.03608923884514436
1 0.11655011655011654 0.400262467191601 0.013986013986013986 0.01968503937007874
1 0.11247086247086246 0.43471128608923887 0.01282051282051282 0.02952755905511811
1 0.03146853146853147 0.04757217847769029 0.011655011655011656 0.04265091863517061
1 0.019813519813519812 0.1410761154855643 0.013986013986013986 0.026246719160104987
1 0.16375291375291376 0.9612860892388452 0.015151515151515152 0.026246719160104987
1 0.42424242424242425 0.8284120734908137 0.011655011655011656 0.03608923884514436
1 0.9382284382284383 0.41010498687664043 0.006993006993006993 0.026246719160104987
1 0.7336829836829837 0.8218503937007874 0.015151515151515152 0.02952755905511811
1 0.7121212121212122 0.57250656167979 0.011655011655011656 0.03608923884514436
1 0.7773892773892774 0.5511811023622047 0.009324009324009324 0.03937007874015748
1 0.7336829836829837 0.31496062992125984 0.01282051282051282 0.026246719160104987
1 0.5814592074592074 0.21464566929133858 0.006857808857808859 0.016902887139107613
1 0.28088578088578087 0.8759842519685039 0.011655011655011656 0.03280839895013123
0 0.13986013986013987 0.6414041994750657 0.027972027972027972 0.0557742782152231
1 0.27214452214452217 0.5807086614173228 0.01282051282051282 0.03280839895013123
1 0.1998834498834499 0.6085958005249343 0.01282051282051282 0.04265091863517061
1 0.18706293706293706 0.6988188976377953 0.008158508158508158 0.026246719160104987
1 0.33916083916083917 0.31496062992125984 0.013986013986013986 0.03280839895013123
1 0.3479020979020979 0.3674540682414698 0.01282051282051282 0.026246719160104987
1 0.34324009324009325 0.4068241469816273 0.01048951048951049 0.026246719160104987
1 0.32342657342657344 0.4183070866141732 0.015151515151515152 0.03608923884514436
1 0.10023310023310024 0.318241469816273 0.011655011655011656 0.03280839895013123
1 0.25466200466200467 0.6496062992125984 0.015151515151515152 0.03280839895013123
1 0.25582750582750585 0.3641732283464567 0.01048951048951049 0.01968503937007874
1 0.22843822843822845 0.7053805774278216 0.013986013986013986 0.026246719160104987
1 0.12937062937062938 0.864501312335958 0.013986013986013986 0.02952755905511811
1 0.0844988344988345 0.8398950131233596 0.008158508158508158 0.026246719160104987
1 0.16200466200466201 0.6791338582677166 0.009324009324009324 0.01968503937007874
1 0.6148018648018648 0.359251968503937 0.01048951048951049 0.022965879265091863
1 0.9766899766899767 0.5741469816272966 0.011655011655011656 0.03280839895013123
1 0.7494172494172494 0.44291338582677164 0.013986013986013986 0.045931758530183726
1 0.8082750582750583 0.6938976377952756 0.01282051282051282 0.03608923884514436
1 0.1684149184149184 0.744750656167979 0.01048951048951049 0.03280839895013123
1 0.14918414918414918 0.8333333333333334 0.006993006993006993 0.026246719160104987
1 0.6078088578088578 0.5807086614173228 0.01048951048951049 0.03280839895013123
1 0.6666666666666666 0.5396981627296588 0.009324009324009324 0.022965879265091863
1 0.745920745920746 0.610236220472441 0.006993006993006993 0.026246719160104987
1 0.5719300699300699 0.620485564304462 0.008158508158508158 0.017440944881889762
1 0.8776223776223776 0.3215223097112861 0.006993006993006993 0.01968503937007874
1 0.6616083916083917 0.38434383202099737 0.010857808857808857 0.02526246719160105
1 0.4994172494172494 0.4511154855643045 0.01282051282051282 0.022965879265091863
1 0.5786713286713286 0.9005905511811023 0.017482517482517484 0.02952755905511811
1 0.8094405594405595 0.8202099737532809 0.01048951048951049 0.026246719160104987
1 0.717948717948718 0.17880577427821523 0.009324009324009324 0.022965879265091863
1 0.8059440559440559 0.45931758530183725 0.008158508158508158 0.01968503937007874
1 0.7855477855477856 0.4658792650918635 0.011655011655011656 0.026246719160104987
1 0.8682983682983683 0.7004593175853019 0.006993006993006993 0.02952755905511811
1 0.9935897435897436 0.9399606299212598 0.01048951048951049 0.022965879265091863
1 0.6375291375291375 0.800524934383202 0.013986013986013986 0.026246719160104987
1 0.4324009324009324 0.8021653543307087 0.006993006993006993 0.022965879265091863
1 0.6002331002331003 0.3805774278215223 0.009324009324009324 0.026246719160104987
1 0.2406759906759907 0.19849081364829396 0.01048951048951049 0.022965879265091863
1 0.3344988344988345 0.15748031496062992 0.009324009324009324 0.01968503937007874
1 0.7272727272727273 0.5364173228346457 0.011655011655011656 0.02952755905511811
1 0.5104895104895105 0.3674540682414698 0.006993006993006993 0.026246719160104987
1 0.32867132867132864 0.7217847769028871 0.009324009324009324 0.026246719160104987
1 0.2296037296037296 0.6578083989501312 0.009324009324009324 0.022965879265091863
1 0.5437062937062938 0.05905511811023622 0.008158508158508158 0.01968503937007874
1 0.42074592074592077 0.902230971128609 0.011655011655011656 0.01968503937007874
1 0.14219114219114218 0.12303149606299213 0.006993006993006993 0.022965879265091863
1 0.06818181818181818 0.3362860892388451 0.008158508158508158 0.022965879265091863
1 0.5075757575757576 0.20505249343832022 0.005827505827505828 0.022965879265091863
1 0.7733100233100233 0.22801837270341208 0.01048951048951049 0.03608923884514436
1 0.3991841491841492 0.08530183727034121 0.01048951048951049 0.03280839895013123
1 0.4586247086247086 0.6463254593175853 0.01048951048951049 0.03280839895013123
1 0.3374125874125874 0.8218503937007874 0.008158508158508158 0.02952755905511811
1 0.5920745920745921 0.5380577427821522 0.006993006993006993 0.026246719160104987
1 0.3583916083916084 0.3969816272965879 0.01048951048951049 0.01968503937007874
1 0.3578088578088578 0.4314304461942257 0.009324009324009324 0.022965879265091863
1 0.03613053613053613 0.6496062992125984 0.006993006993006993 0.01968503937007874
1 0.9434731934731935 0.7414698162729659 0.015151515151515152 0.03280839895013123
1 0.486013986013986 0.4183070866141732 0.011655011655011656 0.022965879265091863
1 0.9493006993006993 0.6184383202099738 0.008158508158508158 0.022965879265091863
1 0.13344988344988346 0.5905511811023622 0.01282051282051282 0.03280839895013123
1 0.4632867132867133 0.16404199475065617 0.005827505827505828 0.03280839895013123
1 0.4592074592074592 0.10990813648293964 0.006993006993006993 0.02952755905511811
1 0.1893939393939394 0.07874015748031496 0.008158508158508158 0.026246719160104987
1 0.06934731934731934 0.17880577427821523 0.01048951048951049 0.022965879265091863
1 0.6311188811188811 0.6332020997375328 0.01048951048951049 0.01968503937007874
1 0.3717948717948718 0.8103674540682415 0.009324009324009324 0.01968503937007874
1 0.4836829836829837 0.2690288713910761 0.009324009324009324 0.01968503937007874
1 0.4388111888111888 0.3346456692913386 0.008158508158508158 0.01968503937007874
1 0.3717948717948718 0.5675853018372703 0.009324009324009324 0.01968503937007874
1 0.3723776223776224 0.5921916010498688 0.008158508158508158 0.016404199475065617
1 0.7045454545454546 0.3248031496062992 0.005827505827505828 0.01968503937007874
1 0.6451048951048951 0.3494094488188976 0.01282051282051282 0.022965879265091863
1 0.07634032634032634 0.6348425196850394 0.01282051282051282 0.022965879265091863
1 0.06060606060606061 0.6643700787401575 0.009324009324009324 0.02952755905511811
1 0.041375291375291376 0.72998687664042 0.008158508158508158 0.022965879265091863
1 0.03205128205128205 0.7332677165354331 0.008158508158508158 0.02952755905511811
1 0.049533799533799536 0.7644356955380578 0.008158508158508158 0.026246719160104987
1 0.037296037296037296 0.7742782152230971 0.009324009324009324 0.026246719160104987
1 0.051864801864801864 0.8628608923884514 0.008158508158508158 0.01968503937007874
1 0.03496503496503497 0.8579396325459318 0.009324009324009324 0.022965879265091863
1 0.27505827505827507 0.6906167979002624 0.009324009324009324 0.022965879265091863
1 0.22435897435897437 0.10334645669291338 0.005827505827505828 0.022965879265091863
1 0.9003496503496503 0.12959317585301838 0.01048951048951049 0.016404199475065617
1 0.21678321678321677 0.8874671916010499 0.006993006993006993 0.022965879265091863
1 0.21212121212121213 0.29363517060367456 0.006993006993006993 0.022965879265091863
1 0.09731934731934731 0.22473753280839895 0.008158508158508158 0.022965879265091863
1 0.11538461538461539 0.10006561679790026 0.009324009324009324 0.02952755905511811
1 0.8315850815850816 0.6233595800524935 0.005827505827505828 0.013123359580052493
1 0.8117715617715617 0.5495406824146981 0.008158508158508158 0.022965879265091863
1 0.675990675990676 0.5757874015748031 0.006993006993006993 0.022965879265091863
1 0.5518648018648019 0.812007874015748 0.008158508158508158 0.022965879265091863
1 0.48543123543123545 0.8841863517060368 0.008158508158508158 0.022965879265091863
1 0.2896270396270396 0.5085301837270341 0.01048951048951049 0.03280839895013123
1 0.7313519813519813 0.4708005249343832 0.017482517482517484 0.0688976377952756
1 0.5827505827505828 0.4757217847769029 0.02097902097902098 0.06561679790026247
1 0.3886946386946387 0.6184383202099738 0.008158508158508158 0.016404199475065617
1 0.6148018648018648 0.7890419947506562 0.008158508158508158 0.03608923884514436
1 0.3968531468531469 0.7053805774278216 0.008158508158508158 0.026246719160104987
1 0.4382284382284382 0.6676509186351706 0.011655011655011656 0.022965879265091863
1 0.11946386946386946 0.7906824146981627 0.01282051282051282 0.026246719160104987
1 0.5979020979020979 0.9678477690288714 0.009324009324009324 0.026246719160104987
1 0.715034965034965 0.6167979002624672 0.008158508158508158 0.026246719160104987
1 0.8187645687645687 0.3362860892388451 0.01048951048951049 0.02952755905511811
1 0.7797202797202797 0.34776902887139105 0.006993006993006993 0.01968503937007874
1 0.7604895104895105 0.34448818897637795 0.01048951048951049 0.026246719160104987
1 0.745920745920746 0.37565616797900264 0.011655011655011656 0.02952755905511811
1 0.7365967365967366 0.4183070866141732 0.009324009324009324 0.02952755905511811
1 0.7441724941724942 0.3969816272965879 0.01048951048951049 0.01968503937007874
1 0.905011655011655 0.10006561679790026 0.008158508158508158 0.022965879265091863
1 0.22086247086247085 0.34120734908136485 0.008158508158508158 0.026246719160104987
1 0.20862470862470864 0.3526902887139108 0.011655011655011656 0.02952755905511811
1 0.08100233100233101 0.7431102362204725 0.01048951048951049 0.02952755905511811
1 0.03496503496503497 0.6069553805774278 0.009324009324009324 0.03280839895013123
1 0.17214452214452214 0.8979396325459318 0.008624708624708625 0.021706036745406825
1 0.04312354312354312 0.23458005249343833 0.018648018648018648 0.03608923884514436
1 0.48776223776223776 0.7775590551181102 0.01048951048951049 0.026246719160104987
1 0.9737762237762237 0.8349737532808399 0.01048951048951049 0.02952755905511811
1 0.7907925407925408 0.598753280839895 0.01048951048951049 0.022965879265091863
1 0.7622377622377622 0.7004593175853019 0.011655011655011656 0.03608923884514436
1 0.4627039627039627 0.7431102362204725 0.009324009324009324 0.022965879265091863
1 0.3782051282051282 0.916994750656168 0.01048951048951049 0.02952755905511811
1 0.14393939393939395 0.34448818897637795 0.015151515151515152 0.026246719160104987
1 0.45046620046620045 0.21325459317585302 0.008158508158508158 0.026246719160104987
1 0.23892773892773891 0.39534120734908135 0.011655011655011656 0.02952755905511811
1 0.14976689976689977 0.4019028871391076 0.01048951048951049 0.02952755905511811
1 0.2878787878787879 0.45603674540682415 0.006993006993006993 0.026246719160104987
1 0.5145687645687645 0.2854330708661417 0.01048951048951049 0.026246719160104987
1 0.1555944055944056 0.4478346456692913 0.01048951048951049 0.02952755905511811
1 0.10839160839160839 0.8316929133858267 0.009324009324009324 0.022965879265091863
1 0.0944055944055944 0.8480971128608924 0.009324009324009324 0.022965879265091863
1 0.058857808857808856 0.9498031496062992 0.008158508158508158 0.016404199475065617
1 0.20046620046620048 0.9809711286089239 0.011655011655011656 0.026246719160104987
1 0.6072261072261073 0.6545275590551181 0.011655011655011656 0.02952755905511811
1 0.627039627039627 0.6020341207349081 0.006993006993006993 0.022965879265091863
1 0.5792540792540792 0.6824146981627297 0.009324009324009324 0.026246719160104987
1 0.5576923076923077 0.6069553805774278 0.01048951048951049 0.026246719160104987
1 0.9621212121212122 0.21161417322834647 0.01282051282051282 0.02952755905511811
1 0.6258741258741258 0.8333333333333334 0.009324009324009324 0.026246719160104987
1 0.6095571095571095 0.8595800524934383 0.009324009324009324 0.026246719160104987
1 0.1684149184149184 0.8185695538057742 0.008158508158508158 0.02952755905511811
1 0.18414918414918416 0.8185695538057742 0.009324009324009324 0.022965879265091863
1 0.1963869463869464 0.7988845144356955 0.01048951048951049 0.022965879265091863
1 0.24592074592074592 0.8333333333333334 0.006993006993006993 0.01968503937007874
1 0.17424242424242425 0.5807086614173228 0.01048951048951049 0.045931758530183726
1 0.4085081585081585 0.9120734908136483 0.005827505827505828 0.01968503937007874
1 0.5448717948717948 0.9793307086614174 0.01048951048951049 0.022965879265091863
1 0.7855477855477856 0.6709317585301837 0.011655011655011656 0.022965879265091863
1 0.6864801864801865 0.6020341207349081 0.009324009324009324 0.02952755905511811
1 0.3409090909090909 0.9858923884514436 0.01282051282051282 0.022965879265091863
1 0.28088578088578087 0.990485564304462 0.006993006993006993 0.019028871391076115
1 0.6608391608391608 0.6151574803149606 0.009324009324009324 0.016404199475065617
1 0.46911421911421913 0.4314304461942257 0.008158508158508158 0.022965879265091863
1 0.43997668997669 0.4150262467191601 0.008158508158508158 0.016404199475065617
1 0.4428904428904429 0.37401574803149606 0.006993006993006993 0.013123359580052493
1 0.29895104895104896 0.744750656167979 0.01048951048951049 0.026246719160104987
1 0.8228438228438228 0.72998687664042 0.009324009324009324 0.016404199475065617
1 0.824009324009324 0.6758530183727034 0.009324009324009324 0.026246719160104987
1 0.19055944055944055 0.1624015748031496 0.008158508158508158 0.016404199475065617
1 0.18706293706293706 0.2821522309711286 0.008158508158508158 0.013123359580052493
1 0.5611888111888111 0.34448818897637795 0.008158508158508158 0.013123359580052493
1 0.5227272727272727 0.4199475065616798 0.008158508158508158 0.01968503937007874
1 0.8624708624708625 0.8874671916010499 0.009324009324009324 0.016404199475065617
1 0.8059440559440559 0.9612860892388452 0.01048951048951049 0.01968503937007874
1 0.8776223776223776 0.625 0.006993006993006993 0.02952755905511811
1 0.905011655011655 0.5479002624671916 0.008158508158508158 0.026246719160104987
1 0.8974358974358975 0.5757874015748031 0.006993006993006993 0.016404199475065617
1 0.9766899766899767 0.639763779527559 0.006993006993006993 0.01968503937007874
1 0.1888111888111888 0.7398293963254593 0.009324009324009324 0.016404199475065617
1 0.46678321678321677 0.5396981627296588 0.005827505827505828 0.022965879265091863
1 0.9615384615384616 0.2526246719160105 0.006993006993006993 0.01968503937007874
1 0.45396270396270394 0.5675853018372703 0.005827505827505828 0.026246719160104987
1 0.6258741258741258 0.2952755905511811 0.009324009324009324 0.01968503937007874
1 0.6363636363636364 0.0639763779527559 0.009324009324009324 0.016404199475065617
1 0.6666666666666666 0.43471128608923887 0.004662004662004662 0.016404199475065617
1 0.28846153846153844 0.8316929133858267 0.008158508158508158 0.022965879265091863
1 0.2692307692307692 0.9186351706036745 0.006993006993006993 0.01968503937007874
1 0.2465034965034965 0.2312992125984252 0.008158508158508158 0.016404199475065617
1 0.9417249417249417 0.6906167979002624 0.006993006993006993 0.016404199475065617
1 0.5681818181818182 0.800524934383202 0.008158508158508158 0.01968503937007874
1 0.40617715617715616 0.7349081364829396 0.005827505827505828 0.01968503937007874
1 0.4586247086247086 0.7119422572178478 0.008158508158508158 0.026246719160104987
1 0.11188811188811189 0.8743438320209974 0.006993006993006993 0.022965879265091863
1 0.6812354312354313 0.8595800524934383 0.005827505827505828 0.026246719160104987
1 0.8111888111888111 0.05905511811023622 0.006993006993006993 0.026246719160104987
1 0.6596736596736597 0.5626640419947506 0.006993006993006993 0.022965879265091863
1 0.25252680652680654 0.6160629921259843 0.010876456876456875 0.03354330708661417
1 0.13623310023310026 0.6999081364829397 0.006214452214452214 0.017493438320209973
1 0.27013519813519815 0.5468110236220473 0.0077715617715617726 0.017493438320209973
1 0.23724475524475525 0.6306561679790026 0.008289044289044289 0.0189501312335958
1 0.28541724941724944 0.6692913385826772 0.006214452214452214 0.017493438320209973
1 0.2794592074592075 0.6182545931758531 0.0077715617715617726 0.017493438320209973
1 0.4348624708624709 0.6889763779527559 0.003627039627039627 0.013123359580052493
0 0.31753379953379957 0.6291863517060368 0.016578088578088578 0.0481233595800525
1 0.3328158508158508 0.6182545931758531 0.006731934731934732 0.02041994750656168
1 0.34835431235431236 0.46223097112860895 0.004662004662004662 0.02041994750656168
1 0.422946386946387 0.4571259842519685 0.005696969696969697 0.0189501312335958
1 0.4200979020979021 0.4410892388451444 0.0041445221445221446 0.01603674540682415
1 0.3436923076923077 0.8355249343832021 0.006731934731934732 0.011666666666666667
1 0.036 0.888018372703412 0.0077715617715617726 0.026246719160104987
1 0.055944055944055944 0.4119291338582677 0.009324009324009324 0.02187664041994751
1 0.2975897435897436 0.9587401574803149 0.005696969696969697 0.0189501312335958
1 0.17793473193473194 0.44473753280839895 0.006731934731934732 0.017493438320209973
1 0.09324009324009325 0.592742782152231 0.0051794871794871794 0.01603674540682415
1 0.11473659673659674 0.9040551181102362 0.005696969696969697 0.01458005249343832
1 0.12354312354312354 0.89749343832021 0.0077715617715617726 0.013123359580052493
1 0.0890955710955711 0.9507086614173229 0.0051794871794871794 0.02041994750656168
1 0.09868065268065268 0.7108530183727033 0.004662004662004662 0.013123359580052493
1 0.09660606060606061 0.6889763779527559 0.005696969696969697 0.013123359580052493
1 0.0657855477855478 0.7618897637795274 0.007254079254079254 0.0189501312335958
1 0.042475524475524475 0.6692913385826772 0.007254079254079254 0.017493438320209973
1 0.09039160839160838 0.871968503937008 0.006731934731934732 0.023333333333333334
1 0.03393006993006993 0.5781627296587927 0.0077715617715617726 0.01603674540682415
1 0.03263403263403263 0.504514435695538 0.009324009324009324 0.026246719160104987
1 0.13675058275058274 0.30913385826771655 0.0051794871794871794 0.01458005249343832
1 0.25692773892773896 0.4731758530183727 0.0051794871794871794 0.013123359580052493
1 0.22817715617715617 0.592742782152231 0.006731934731934732 0.02187664041994751
1 0.26573426573426573 0.7319947506561679 0.0051794871794871794 0.017493438320209973
1 0.2905967365967366 0.7728215223097112 0.0051794871794871794 0.02041994750656168
1 0.331002331002331 0.5993044619422573 0.006214452214452214 0.017493438320209973
1 0.47759440559440564 0.8041732283464567 0.0051794871794871794 0.01603674540682415
1 0.4835524475524476 0.8121916010498688 0.004662004662004662 0.017493438320209973
1 0.4954685314685315 0.8092782152230971 0.008806526806526807 0.01458005249343832
1 0.47604195804195804 0.9281102362204725 0.006214452214452214 0.0189501312335958
1 0.41232634032634036 0.6496062992125984 0.009324009324009324 0.0189501312335958
1 0.48044755244755244 0.3958923884514436 0.0077715617715617726 0.01603674540682415
1 0.3804708624708625 0.4564041994750656 0.005696969696969697 0.01458005249343832
1 0.3895384615384615 0.4564041994750656 0.006214452214452214 0.017493438320209973
1 0.5887086247086247 0.828228346456693 0.006731934731934732 0.02041994750656168
1 0.46335198135198136 0.8136482939632546 0.0077715617715617726 0.01458005249343832
1 0.5545174825174826 0.5373228346456693 0.008806526806526807 0.024790026246719162
1 0.6021771561771562 0.9864435695538057 0.006731934731934732 0.0189501312335958
1 0.5672121212121213 0.9935826771653543 0.006214452214452214 0.012834645669291338
1 0.4353799533799534 0.4629658792650918 0.005696969696969697 0.01603674540682415
1 0.6104615384615385 0.8114566929133858 0.006731934731934732 0.01603674540682415
1 0.626004662004662 0.8056299212598425 0.0077715617715617726 0.01603674540682415
1 0.7246806526806527 0.9128083989501312 0.008289044289044289 0.02041994750656168
1 0.7394452214452214 0.6751181102362206 0.006731934731934732 0.02041994750656168
1 0.7277902097902097 0.6736614173228347 0.007254079254079254 0.023333333333333334
1 0.5863776223776224 0.6306561679790026 0.007254079254079254 0.01603674540682415
1 0.5426060606060606 0.6226246719160105 0.006731934731934732 0.017493438320209973
1 0.7207972027972027 0.800524934383202 0.005696969696969697 0.017493438320209973
1 0.7355617715617715 0.7881364829396325 0.0051794871794871794 0.0189501312335958
1 0.7280512820512821 0.7990682414698163 0.006731934731934732 0.02041994750656168
1 0.7156177156177156 0.8209448818897637 0.005696969696969697 0.01458005249343832
1 0.7034452214452215 0.8063517060367454 0.006214452214452214 0.02041994750656168
1 0.6806526806526807 0.8224015748031496 0.008289044289044289 0.017493438320209973
1 0.6226386946386946 0.8581233595800525 0.006214452214452214 0.0189501312335958
1 0.6651142191142192 0.8603149606299212 0.011393939393939394 0.023333333333333334
1 0.8842284382284382 0.3550656167979003 0.0051794871794871794 0.013123359580052493
1 0.8404568764568764 0.46223097112860895 0.0077715617715617726 0.01458005249343832
1 0.862988344988345 0.37984251968503935 0.008289044289044289 0.0189501312335958
1 0.8901818181818182 0.7582414698162729 0.0077715617715617726 0.01458005249343832
1 0.8842284382284382 0.9004068241469817 0.006214452214452214 0.013123359580052493
1 0.747990675990676 0.8858267716535433 0.007254079254079254 0.0189501312335958
1 0.8637668997668998 0.5424278215223097 0.006731934731934732 0.023333333333333334
1 0.9057249417249417 0.6627296587926509 0.005696969696969697 0.01603674540682415
1 0.7536923076923078 0.6714829396325459 0.006214452214452214 0.013123359580052493
1 0.7723403263403263 0.6401312335958005 0.007254079254079254 0.01458005249343832
1 0.6803916083916084 0.7954199475065618 0.012951048951048951 0.03645669291338583
1 0.668997668997669 0.818753280839895 0.011916083916083916 0.030616797900262466
1 0.9593379953379955 0.6824146981627297 0.007254079254079254 0.017493438320209973
1 0.85806993006993 0.4709842519685039 0.008806526806526807 0.026246719160104987
1 0.9282564102564103 0.7699081364829395 0.008289044289044289 0.017493438320209973
1 0.9497529137529138 0.77501312335958 0.005696969696969697 0.01603674540682415
1 0.9593379953379955 0.766981627296588 0.0051794871794871794 0.011666666666666667
1 0.42521678321678325 0.3828215223097113 0.003785547785547785 0.013018372703412074
1 0.32285314685314687 0.46150918635170607 0.005044289044289044 0.01183727034120735
1 0.3409324009324009 0.45381889763779526 0.005044289044289044 0.010656167979002623
1 0.3283216783216783 0.503517060367454 0.005883449883449883 0.015380577427821522
1 0.26316083916083916 0.35973753280839893 0.005883449883449883 0.01183727034120735
1 0.2827086247086247 0.2023490813648294 0.005463869463869464 0.01183727034120735
1 0.3245361305361305 0.028398950131233596 0.004205128205128205 0.014199475065616798
0 0.28165501165501167 0.09290026246719162 0.015976689976689978 0.041417322834645665
1 0.29573892773892774 0.11774278215223097 0.0063076923076923076 0.020118110236220472
1 0.5801305361305362 0.1 0.005044289044289044 0.013018372703412074
1 0.3762424242424242 0.4579658792650919 0.0033613053613053613 0.007099737532808399
1 0.3896969696969697 0.4816272965879265 0.004205128205128205 0.01183727034120735
1 0.3779254079254079 0.48339895013123363 0.0033613053613053613 0.010656167979002623
1 0.37771561771561774 0.4697900262467192 0.003785547785547785 0.007099737532808399
1 0.41596736596736594 0.46624671916010496 0.004624708624708625 0.009461942257217847
1 0.4157575757575757 0.5638713910761155 0.0033613053613053613 0.008280839895013123
1 0.4216456876456876 0.4816272965879265 0.002522144522144522 0.014199475065616798
1 0.24445221445221446 0.47216535433070866 0.005463869463869464 0.01183727034120735
1 0.1862284382284382 0.5165354330708661 0.004205128205128205 0.010656167979002623
1 0.19232634032634033 0.5183070866141732 0.003785547785547785 0.01183727034120735
1 0.2022051282051282 0.4993832020997375 0.004205128205128205 0.01183727034120735
1 0.23709557109557108 0.7230314960629922 0.005883449883449883 0.01183727034120735
1 0.35963636363636364 0.6626771653543306 0.003785547785547785 0.009461942257217847
1 0.06452680652680652 0.43547244094488186 0.005463869463869464 0.014199475065616798
1 0.07756177156177156 0.45973753280839896 0.005463869463869464 0.013018372703412074
1 0.08512820512820513 0.4757086614173228 0.003785547785547785 0.009461942257217847
1 0.020386946386946384 0.5295538057742782 0.007146853146853147 0.02248031496062992
1 0.038046620046620044 0.4532283464566929 0.003785547785547785 0.009461942257217847
1 0.04413986013986014 0.4922834645669291 0.004205128205128205 0.01183727034120735
1 0.05317948717948718 0.4857742782152231 0.005463869463869464 0.010656167979002623
1 0.03321212121212121 0.4603280839895013 0.004205128205128205 0.01183727034120735
1 0.010298368298368298 0.6070603674540682 0.005463869463869464 0.009461942257217847
1 0.013454545454545455 0.6425721784776903 0.005044289044289044 0.021299212598425196
1 0.010298368298368298 0.6981889763779527 0.0063076923076923076 0.016561679790026245
1 0.11812587412587412 0.6129790026246719 0.004205128205128205 0.014199475065616798
1 0.1259067599067599 0.5603280839895014 0.003785547785547785 0.013018372703412074
1 0.0826060606060606 0.8029133858267717 0.0029417249417249417 0.013018372703412074
1 0.13074125874125875 0.9295275590551181 0.005883449883449883 0.010656167979002623
1 0.07882051282051282 0.8952099737532808 0.004624708624708625 0.008280839895013123
1 0.14524475524475525 0.8520209973753281 0.005463869463869464 0.014199475065616798
1 0.15133799533799533 0.9857480314960629 0.005883449883449883 0.009461942257217847
1 0.00945920745920746 0.9887007874015747 0.005463869463869464 0.015380577427821522
1 0.3276876456876457 0.8863385826771654 0.0063076923076923076 0.014199475065616798
1 0.34744522144522144 0.9472834645669291 0.005463869463869464 0.020118110236220472
1 0.2202797202797203 0.8656299212598425 0.006727272727272728 0.013018372703412074
1 0.23373426573426573 0.8366404199475065 0.0033613053613053613 0.007099737532808399
1 0.23265268065268066 0.488254593175853 0.004293706293706294 0.00853018372703412
1 0.2525967365967366 0.5706955380577428 0.003282051282051282 0.01136482939632546
1 0.23467132867132867 0.6016010498687664 0.004293706293706294 0.007821522309711285
1 0.20942657342657345 0.5838320209973753 0.003282051282051282 0.007821522309711285
1 0.21094172494172495 0.6279002624671916 0.004293706293706294 0.012086614173228347
1 0.18367365967365967 0.6772965879265093 0.003785547785547785 0.007112860892388452
1 0.2250769230769231 0.5646456692913385 0.004293706293706294 0.010656167979002623
1 0.22154312354312353 0.5845538057742782 0.003785547785547785 0.012086614173228347
1 0.23997202797202796 0.5451049868766404 0.003785547785547785 0.00853018372703412
1 0.2347972027972028 0.569265091863517 0.004037296037296037 0.00853018372703412
1 0.23555710955710954 0.5912992125984252 0.005048951048951049 0.007112860892388452
1 0.2717855477855478 0.47901574803149605 0.003282051282051282 0.00994750656167979
1 0.2821351981351981 0.5159711286089239 0.003282051282051282 0.00994750656167979
1 0.24388811188811188 0.5053018372703413 0.003533799533799534 0.00853018372703412
1 0.17698368298368297 0.4985564304461942 0.004037296037296037 0.010656167979002623
1 0.16334731934731936 0.5269816272965879 0.005048951048951049 0.009238845144356956
1 0.1870815850815851 0.47545931758530185 0.004545454545454545 0.007112860892388452
1 0.2563869463869464 0.501758530183727 0.003785547785547785 0.01136482939632546
1 0.27279720279720276 0.49002624671916006 0.0027785547785547787 0.007821522309711285
1 0.33250349650349653 0.5493700787401575 0.004037296037296037 0.01421259842519685
1 0.3072587412587413 0.7206430446194225 0.0030303030303030303 0.007112860892388452
1 0.43261072261072264 0.8546194225721785 0.004797202797202796 0.013503937007874015
1 0.4892913752913753 0.7284645669291339 0.0030303030303030303 0.00994750656167979
1 0.46441958041958037 0.7903018372703412 0.003282051282051282 0.00853018372703412
1 0.45495571095571097 0.8105511811023622 0.0025268065268065267 0.012086614173228347
1 0.4428344988344988 0.8062860892388451 0.003533799533799534 0.007821522309711285
1 0.4212494172494173 0.7984645669291338 0.003785547785547785 0.007821522309711285
1 0.5057016317016317 0.8247637795275591 0.004545454545454545 0.014921259842519683
1 0.5104988344988345 0.8037926509186352 0.003533799533799534 0.00994750656167979
1 0.5272867132867133 0.9114698162729659 0.004293706293706294 0.012086614173228347
1 0.4939627039627039 0.6019553805774278 0.004293706293706294 0.00994750656167979
1 0.506079254079254 0.5802887139107612 0.003785547785547785 0.009238845144356956
1 0.5358694638694639 0.8155249343832021 0.004797202797202796 0.012086614173228347
1 0.5444568764568765 0.7981102362204724 0.003785547785547785 0.01136482939632546
1 0.5507645687645688 0.7920734908136482 0.0053006993006993 0.012086614173228347
1 0.5223636363636364 0.8269028871391076 0.003533799533799534 0.012086614173228347
1 0.5009044289044289 0.8318766404199475 0.0030303030303030303 0.010656167979002623
1 0.567934731934732 0.6492257217847769 0.004293706293706294 0.012086614173228347
1 0.5708391608391609 0.5991207349081364 0.004037296037296037 0.00853018372703412
1 0.5784102564102565 0.547992125984252 0.004545454545454545 0.014317585301837271
1 0.6320606060606061 0.7203937007874016 0.003785547785547785 0.010656167979002623
1 0.6527645687645688 0.7886220472440945 0.0027785547785547787 0.009238845144356956
1 0.658065268065268 0.790748031496063 0.0027785547785547787 0.010656167979002623
1 0.6459487179487179 0.7864829396325459 0.004797202797202796 0.012086614173228347
1 0.6624848484848485 0.7949212598425197 0.003533799533799534 0.012086614173228347
1 0.7155058275058275 0.791010498687664 0.0030303030303030303 0.012795275590551181
1 0.6973286713286713 0.7856824146981628 0.003533799533799534 0.012086614173228347
1 0.6843263403263404 0.6474409448818897 0.0027785547785547787 0.00994750656167979
1 0.696065268065268 0.6044488188976378 0.003533799533799534 0.012086614173228347
1 0.6841958041958042 0.5667847769028871 0.006060606060606061 0.014921259842519683
1 0.6434219114219115 0.5593175853018373 0.003282051282051282 0.00994750656167979
1 0.7257296037296037 0.6545538057742782 0.004293706293706294 0.01421259842519685
1 0.8185128205128205 0.7835433070866141 0.004037296037296037 0.010656167979002623
1 0.799072261072261 0.8119685039370079 0.006060606060606061 0.020603674540682414
1 0.808918414918415 0.7995406824146981 0.004037296037296037 0.00853018372703412
1 0.781020979020979 0.7728871391076116 0.0053006993006993 0.01635170603674541
1 0.9067505827505827 0.7725328083989501 0.004797202797202796 0.01421259842519685
1 0.8744335664335665 0.7892257217847769 0.004293706293706294 0.009238845144356956
1 0.8672400932400932 0.8098425196850394 0.006060606060606061 0.017769028871391077
1 0.8590349650349651 0.8297375328083989 0.0053006993006993 0.012086614173228347
1 0.8493146853146853 0.8023753280839895 0.005048951048951049 0.012795275590551181
1 0.8784755244755245 0.8904986876640419 0.003282051282051282 0.01421259842519685
1 0.8538601398601399 0.9402493438320211 0.006564102564102564 0.01421259842519685
1 0.8216689976689977 0.6360761154855643 0.0053006993006993 0.01421259842519685
1 0.8331561771561771 0.5163254593175853 0.003533799533799534 0.009238845144356956
1 0.9035944055944056 0.44667979002624675 0.004545454545454545 0.013503937007874015
1 0.8591608391608392 0.4498687664041995 0.006060606060606061 0.012795275590551181
1 0.9366713286713287 0.5831233595800525 0.004545454545454545 0.012086614173228347
1 0.8995571095571095 0.5973359580052494 0.006564102564102564 0.009238845144356956
1 0.8762004662004662 0.5458136482939633 0.004797202797202796 0.00994750656167979
1 0.8763310023310024 0.5699737532808399 0.003533799533799534 0.01136482939632546
1 0.857016317016317 0.5639370078740158 0.003282051282051282 0.007821522309711285
1 0.8691328671328671 0.5070866141732283 0.004293706293706294 0.009238845144356956
1 0.8791048951048951 0.5063779527559056 0.0030303030303030303 0.009238845144356956
1 0.8276037296037296 0.4836351706036745 0.005552447552447552 0.012086614173228347
1 0.9343962703962704 0.6175984251968504 0.003533799533799534 0.00994750656167979
1 0.9188717948717949 0.7693307086614174 0.004293706293706294 0.010656167979002623
1 0.9207645687645688 0.7611548556430446 0.0030303030303030303 0.01421259842519685
1 0.9427272727272727 0.8041601049868766 0.005048951048951049 0.013503937007874015
1 0.9359114219114218 0.7647112860892389 0.004545454545454545 0.01136482939632546
1 0.9914545454545455 0.7806955380577427 0.004037296037296037 0.009238845144356956
1 0.9946107226107226 0.5607349081364829 0.006312354312354312 0.01562992125984252
1 0.9962517482517482 0.5859711286089239 0.004545454545454545 0.020603674540682414
1 0.9244242424242425 0.4512992125984252 0.004797202797202796 0.012795275590551181
1 0.9396969696969697 0.3716929133858268 0.005048951048951049 0.01421259842519685
1 0.996 0.253005249343832 0.005552447552447552 0.018477690288713912
1 0.9905734265734266 0.38555118110236225 0.0053006993006993 0.013503937007874015
1 0.8572680652680652 0.2899606299212598 0.003785547785547785 0.00853018372703412
1 0.8474219114219115 0.29849081364829394 0.0027785547785547787 0.00853018372703412
1 0.8451468531468531 0.023451443569553806 0.003785547785547785 0.01136482939632546
1 0.9029650349650349 0.008175853018372705 0.003282051282051282 0.009238845144356956
1 0.8152307692307693 0.12153543307086614 0.004545454545454545 0.01421259842519685
1 0.7522377622377622 0.06822834645669291 0.006312354312354312 0.01136482939632546
1 0.6674079254079254 0.03980314960629921 0.003785547785547785 0.01562992125984252
1 0.6718275058275058 0.14534120734908137 0.005552447552447552 0.014921259842519683
1 0.5752587412587413 0.20148293963254593 0.004293706293706294 0.014921259842519683
1 0.6882377622377622 0.2871259842519685 0.004037296037296037 0.012795275590551181
1 0.6848298368298369 0.29174540682414696 0.003282051282051282 0.013503937007874015
1 0.6711934731934732 0.3720472440944882 0.003785547785547785 0.009238845144356956
1 0.6265081585081584 0.41433070866141736 0.003785547785547785 0.00994750656167979
1 0.644055944055944 0.43956692913385825 0.005048951048951049 0.013503937007874015
1 0.6613473193473193 0.41185039370078735 0.0053006993006993 0.013503937007874015
1 0.6363543123543124 0.5529265091863517 0.0027785547785547787 0.00994750656167979
1 0.5233752913752914 0.45484251968503936 0.004037296037296037 0.01136482939632546
1 0.6545314685314686 0.5273359580052494 0.003282051282051282 0.01136482939632546
1 0.5699533799533799 0.6740944881889763 0.003785547785547785 0.009238845144356956
1 0.41935664335664335 0.9836089238845144 0.004545454545454545 0.00994750656167979
1 0.2796130536130536 0.9185826771653544 0.004293706293706294 0.010656167979002623
1 0.2740559440559441 0.8403937007874016 0.004293706293706294 0.01635170603674541
1 0.2714079254079254 0.8546194225721785 0.005048951048951049 0.013503937007874015
1 0.09884382284382284 0.9587270341207349 0.0027785547785547787 0.00853018372703412
1 0.09177156177156177 0.7600918635170605 0.003282051282051282 0.010656167979002623
1 0.11954312354312355 0.8133989501312335 0.004293706293706294 0.009238845144356956
1 0.1226993006993007 0.736994750656168 0.004545454545454545 0.01421259842519685
1 0.0616037296037296 0.7256167979002625 0.004037296037296037 0.01136482939632546
1 0.1314125874125874 0.02309711286089239 0.0027785547785547787 0.012086614173228347
1 0.17306759906759908 0.005328083989501312 0.004293706293706294 0.0063910761154855646