1 0.34221213569039655 0.04475703324808184 0.0179168657429527 0.03836317135549872
1 0.9065934065934066 0.2749360613810742 0.01433349259436216 0.03836317135549872
1 0.09436215957955088 0.3772378516624041 0.01433349259436216 0.0319693094629156
1 0.1254180602006689 0.3756393861892583 0.009555661729574774 0.02877237851662404
1 0.15468227424749165 0.36764705882352944 0.013139034878165312 0.02557544757033248
1 0.19827998088867654 0.35485933503836314 0.011944577161968466 0.02557544757033248
0 0.6641184902054468 0.9031329923273658 0.02150023889154324 0.0479539641943734
0 0.6557572861920689 0.7496803069053708 0.023889154323936932 0.0479539641943734
1 0.6527711419015767 0.7784526854219949 0.013139034878165312 0.02237851662404092
1 0.7489249880554228 0.784846547314578 0.00716674629718108 0.03516624040920716
1 0.9824414715719063 0.7464833759590793 0.013139034878165312 0.02877237851662404
1 0.9549689440993789 0.2861253196930946 0.01075011944577162 0.03516624040920716
1 0.9687052078356426 0.3132992327365729 0.009555661729574774 0.02557544757033248
1 0.6485905398948877 0.17423273657289 0.011944577161968466 0.02877237851662404
1 0.20365504061156234 0.04635549872122762 0.01075011944577162 0.02237851662404092
1 0.4067128523650263 0.35485933503836314 0.01075011944577162 0.0319693094629156
1 0.49629718107978976 0.4124040920716113 0.01075011944577162 0.02557544757033248
1 0.3774486383182035 0.16464194373401533 0.011944577161968466 0.02877237851662404
1 0.27472527472527475 0.37244245524296676 0.011944577161968466 0.02237851662404092
1 0.3254897276636407 0.36285166240409206 0.008361204013377926 0.02237851662404092
1 0.3332537028189202 0.3900255754475703 0.009555661729574774 0.01918158567774936
1 0.019111323459149548 0.4635549872122762 0.01433349259436216 0.03836317135549872
1 0.9585523172479694 0.9335038363171355 0.01075011944577162 0.0319693094629156
1 0.9591495461060678 0.676150895140665 0.011944577161968466 0.02877237851662404
1 0.9722885809842332 0.6617647058823529 0.009555661729574774 0.02557544757033248
1 0.9848303870043 0.8040281329923273 0.008361204013377926 0.02877237851662404
1 0.8964405160057334 0.9255115089514067 0.013139034878165312 0.0479539641943734
1 0.9161490683229814 0.967071611253197 0.011944577161968466 0.02877237851662404
1 0.9215241280458671 0.9923273657289002 0.013139034878165312 0.015345268542199489
1 0.7411610129001434 0.5083120204603581 0.01075011944577162 0.02557544757033248
1 0.728021978021978 0.4843350383631714 0.01075011944577162 0.02877237851662404
1 0.584089823220258 0.3756393861892583 0.009555661729574774 0.02237851662404092
1 0.48494983277591974 0.4523657289002558 0.009555661729574774 0.02877237851662404
1 0.7978977544194935 0.37084398976982097 0.011944577161968466 0.0319693094629156
1 0.8188007644529384 0.37084398976982097 0.01075011944577162 0.0319693094629156
1 0.8128284758719542 0.4124040920716113 0.01075011944577162 0.02557544757033248
1 0.8158146201624462 0.43797953964194375 0.011944577161968466 0.02557544757033248
1 0.871954132823698 0.32289002557544755 0.011944577161968466 0.02557544757033248
1 0.8594123268036311 0.47634271099744246 0.01075011944577162 0.0319693094629156
1 0.6742713807931199 0.34846547314578 0.01075011944577162 0.0319693094629156
1 0.8898709985666508 0.6889386189258312 0.009555661729574774 0.02877237851662404
1 0.942427138079312 0.6297953964194374 0.01433349259436216 0.0319693094629156
1 0.9095795508838987 0.6457800511508951 0.008361204013377926 0.01918158567774936
1 0.9036072623029144 0.6569693094629157 0.008361204013377926 0.02877237851662404
1 0.867773530817009 0.6170076726342711 0.01075011944577162 0.0319693094629156
1 0.8504538939321548 0.6985294117647058 0.009555661729574774 0.02237851662404092
1 0.8635929288103201 0.9574808184143222 0.009555661729574774 0.02237851662404092
1 0.8062589584328714 0.981457800511509 0.009555661729574774 0.02557544757033248
1 0.8158146201624462 0.9207161125319693 0.009555661729574774 0.02557544757033248
1 0.7990922121356904 0.9207161125319693 0.009555661729574774 0.0319693094629156
1 0.6921882465360726 0.9891304347826086 0.013139034878165312 0.021739130434782608
1 0.6790492116579073 0.4124040920716113 0.008361204013377926 0.02557544757033248
1 0.524964166268514 0.7528772378516624 0.01075011944577162 0.02877237851662404
1 0.557214524605829 0.6857416879795396 0.01075011944577162 0.02877237851662404
1 0.3010033444816054 0.7720588235294118 0.011944577161968466 0.03516624040920716
1 0.35057333970377447 0.7816496163682864 0.013139034878165312 0.02877237851662404
1 0.2812947921643574 0.8919437340153452 0.01075011944577162 0.02557544757033248
1 0.23232202580028666 0.9382992327365729 0.013139034878165312 0.02237851662404092
1 0.2514333492594362 0.8967391304347826 0.013139034878165312 0.02237851662404092
1 0.6163401815575729 0.4635549872122762 0.009555661729574774 0.0319693094629156
1 0.8397037744863832 0.47634271099744246 0.009555661729574774 0.02557544757033248
1 0.6862159579550884 0.7544757033248082 0.008361204013377926 0.02557544757033248
0 0.7178690874343048 0.6569693094629157 0.019111323459149548 0.05434782608695652
1 0.705327281414238 0.6729539641943734 0.013139034878165312 0.02877237851662404
1 0.6957716196846632 0.690537084398977 0.015527950310559006 0.0319693094629156
1 0.2526278069756331 0.4235933503836317 0.01075011944577162 0.03516624040920716
1 0.24187768752986144 0.43638107416879796 0.01075011944577162 0.02237851662404092
1 0.050764452938365984 0.6345907928388747 0.01075011944577162 0.02237851662404092
1 0.053750597228858096 0.6633631713554987 0.00716674629718108 0.0159846547314578
1 0.06450071667462971 0.46994884910485935 0.011944577161968466 0.02557544757033248
1 0.11048733874820832 0.545076726342711 0.008361204013377926 0.02237851662404092
1 0.08361204013377926 0.5962276214833759 0.01433349259436216 0.02877237851662404
1 0.13437649307214525 0.6473785166240409 0.01075011944577162 0.02877237851662404
1 0.18991877687529862 0.5578644501278772 0.009555661729574774 0.02877237851662404
1 0.1893215480172002 0.6154092071611253 0.01075011944577162 0.03516624040920716
1 0.22396082178690874 0.5418797953964194 0.008361204013377926 0.0159846547314578
1 0.23112756808408982 0.55306905370844 0.013139034878165312 0.02557544757033248
1 0.19051600573339703 0.08471867007672634 0.01075011944577162 0.0159846547314578
1 0.09018155757286192 0.6985294117647058 0.008361204013377926 0.02237851662404092
1 0.48972766364070713 0.8919437340153452 0.009555661729574774 0.01918158567774936
1 0.7047300525561395 0.5402813299232737 0.009555661729574774 0.01918158567774936
1 0.8474677496416627 0.8551790281329923 0.008361204013377926 0.02237851662404092
1 0.5966316292403249 0.7896419437340153 0.008361204013377926 0.01918158567774936
1 0.6097706641184902 0.7145140664961637 0.01075011944577162 0.02877237851662404
1 0.6491877687529861 0.676150895140665 0.01075011944577162 0.02237851662404092
1 0.670090778786431 0.7113171355498721 0.00716674629718108 0.02877237851662404
1 0.6199235547061634 0.7496803069053708 0.011944577161968466 0.02237851662404092
1 0.5160057333970377 0.43158567774936063 0.009555661729574774 0.01918158567774936
1 0.362517916865743 0.9398976982097187 0.013139034878165312 0.02557544757033248
1 0.38819875776397517 0.9175191815856778 0.00716674629718108 0.01918158567774936
1 0.16005733397037744 0.9351023017902813 0.009555661729574774 0.02237851662404092
1 0.03762541806020067 0.5578644501278772 0.01075011944577162 0.02237851662404092
1 0.5948399426660296 0.6409846547314578 0.009555661729574774 0.03516624040920716
1 0.4741997133301481 0.6042199488491049 0.009555661729574774 0.01918158567774936
1 0.49629718107978976 0.6569693094629157 0.008361204013377926 0.02877237851662404
1 0.29025322503583373 0.5226982097186701 0.00716674629718108 0.0159846547314578
1 0.2950310559006211 0.5642583120204604 0.009555661729574774 0.02877237851662404
1 0.25322503583373146 0.6681585677749361 0.00716674629718108 0.02557544757033248
1 0.5978260869565217 0.9462915601023018 0.013139034878165312 0.03836317135549872
1 0.7357859531772575 0.8999360613810742 0.011944577161968466 0.02237851662404092
1 0.8420926899187768 0.545076726342711 0.00716674629718108 0.02877237851662404
1 0.8444816053511706 0.6058184143222506 0.011944577161968466 0.02877237851662404
1 0.8797181079789775 0.9063299232736572 0.01075011944577162 0.03516624040920716
1 0.8361204013377926 0.7464833759590793 0.009555661729574774 0.02237851662404092
1 0.7238413760152891 0.7177109974424553 0.009555661729574774 0.02237851662404092
1 0.7345914954610607 0.6617647058823529 0.00716674629718108 0.01918158567774936
1 0.747730530339226 0.6265984654731458 0.00716674629718108 0.01918158567774936
1 0.7441471571906354 0.6777493606138107 0.004777830864787387 0.02557544757033248
1 0.7507166746297181 0.6809462915601023 0.008361204013377926 0.01918158567774936
1 0.40850453893932154 0.7800511508951407 0.009555661729574774 0.02557544757033248
1 0.24725274725274726 0.8567774936061381 0.009555661729574774 0.0319693094629156
1 0.21082178690874342 0.8807544757033248 0.01075011944577162 0.02877237851662404
1 0.6665074056378404 0.5994245524296675 0.011944577161968466 0.02877237851662404
1 0.4562828475871954 0.610613810741688 0.009555661729574774 0.02557544757033248
1 0.406158623984711 0.8799232736572891 0.011853798375537506 0.030421994884910486
1 0.7895365504061156 0.6473785166240409 0.009555661729574774 0.02237851662404092
1 0.8116340181557573 0.6377877237851662 0.01075011944577162 0.02877237851662404
1 0.8618012422360248 0.7880434782608695 0.013139034878165312 0.02877237851662404
1 0.7560917343526039 0.19501278772378516 0.011944577161968466 0.02557544757033248
1 0.6850215002388915 0.16304347826086957 0.008361204013377926 0.01918158567774936
1 0.42642140468227424 0.625 0.009555661729574774 0.0159846547314578
1 0.6494887720974678 0.08232736572890025 0.006569517439082656 0.01438618925831202
1 0.3350453893932155 0.5818414322250639 0.00716674629718108 0.0159846547314578
1 0.2583038700430005 0.6170076726342711 0.010152890587673196 0.01918158567774936
1 0.25113712374581937 0.5546675191815856 0.006569517439082656 0.01918158567774936
1 0.2553177257525084 0.5834398976982097 0.011347348303870044 0.02557544757033248
1 0.2893597706641185 0.4116112531969309 0.006569517439082656 0.01438618925831202
1 0.32967032967032966 0.46116368286445014 0.00716674629718108 0.02078005115089514
1 0.34997611084567604 0.43558823529411766 0.00716674629718108 0.01758312020460358
1 0.3538604873387482 0.4076086956521739 0.006569517439082656 0.0159846547314578
1 0.2914476827520306 0.46994884910485935 0.008361204013377926 0.01918158567774936
1 0.23440993788819875 0.5187084398976982 0.006569517439082656 0.01758312020460358
1 0.21350692785475395 0.651381074168798 0.00895843287147635 0.01758312020460358
1 0.22127090301003344 0.5922378516624041 0.007763975155279503 0.0239769820971867
1 0.15259436215957956 0.5354859335038363 0.006569517439082656 0.0159846547314578
1 0.180066889632107 0.4116112531969309 0.007763975155279503 0.01438618925831202
1 0.18305303392259914 0.4411764705882353 0.006569517439082656 0.01278772378516624
1 0.1848447204968944 0.465153452685422 0.006569517439082656 0.00959079283887468
1 0.210224558050645 0.4092071611253197 0.004777830864787387 0.01278772378516624
1 0.23351648351648352 0.3868286445012788 0.00716674629718108 0.02237851662404092
1 0.23978977544194935 0.40441176470588236 0.006569517439082656 0.01278772378516624
1 0.017620640229335884 0.7041304347826087 0.00895843287147635 0.01438618925831202
1 0.08062589584328715 0.8024296675191815 0.008361204013377926 0.02237851662404092
1 0.043597706641184904 0.8160230179028133 0.009555661729574774 0.01758312020460358
1 0.012245580506450072 0.8823529411764706 0.010152890587673196 0.02877237851662404
1 0.13198757763975155 0.8831585677749361 0.005972288580984233 0.01758312020460358
1 0.09495938843764931 0.8559846547314578 0.009555661729574774 0.01758312020460358
1 0.13318203535594839 0.7512787723785166 0.00716674629718108 0.0159846547314578
1 0.12930243669374103 0.7648721227621483 0.007763975155279503 0.01758312020460358
1 0.07256569517439082 0.6633631713554987 0.00895843287147635 0.01278772378516624
1 0.15498327759197325 0.8743606138107417 0.011347348303870044 0.02877237851662404
1 0.1487099856665074 0.8240153452685421 0.00358337314859054 0.01118925831202046
1 0.14930721452460582 0.8471867007672634 0.004777830864787387 0.01278772378516624
1 0.14064978499761108 0.985460358056266 0.006569517439082656 0.01438618925831202
1 0.06898232202580029 0.9478900255754475 0.007763975155279503 0.01918158567774936
1 0.23232202580028666 0.8368030690537084 0.008361204013377926 0.02078005115089514
1 0.1845437171524128 0.6625703324808184 0.005972288580984233 0.02078005115089514
1 0.19678929765886288 0.6441815856777494 0.006569517439082656 0.02237851662404092
1 0.1660296225513617 0.5762531969309462 0.005972288580984233 0.01758312020460358
1 0.17439082656473961 0.5546675191815856 0.008361204013377926 0.02237851662404092
1 0.13706641184902055 0.6873401534526854 0.006569517439082656 0.0159846547314578
1 0.10899665551839464 0.4539641943734015 0.00537505972288581 0.0159846547314578
1 0.07465360726230291 0.8168158567774936 0.005972288580984233 0.01278772378516624
1 0.1412470138557095 0.26214833759590794 0.00537505972288581 0.0159846547314578
1 0.10123268036311514 0.534693094629156 0.006569517439082656 0.02078005115089514
1 0.3228045867176302 0.46595907928388747 0.006569517439082656 0.02078005115089514
1 0.3947682752030578 0.149462915601023 0.004777830864787387 0.02078005115089514
1 0.22127568084089824 0.6737595907928389 0.00895843287147635 0.01758312020460358
1 0.0976493072145246 0.6010230179028133 0.00537505972288581 0.0159846547314578
1 0.23590539894887722 0.7009335038363171 0.00716674629718108 0.03037084398976982
1 0.28040133779264215 0.6465856777493606 0.007763975155279503 0.0239769820971867
1 0.26755852842809363 0.6441815856777494 0.008361204013377926 0.02237851662404092
1 0.27323459149546103 0.680153452685422 0.007763975155279503 0.03037084398976982
1 0.27114190157668416 0.6226086956521739 0.005972288580984233 0.01758312020460358
1 0.3254897276636407 0.8695652173913043 0.00716674629718108 0.01918158567774936
1 0.3816292403248925 0.6353964194373402 0.00716674629718108 0.0239769820971867
1 0.3463927376970855 0.6785549872122763 0.00716674629718108 0.02078005115089514
1 0.30697563306258957 0.6457800511508951 0.005972288580984233 0.0159846547314578
1 0.28786430960344006 0.6873401534526854 0.009555661729574774 0.02557544757033248
1 0.35236502627806976 0.8567774936061381 0.005972288580984233 0.0159846547314578
1 0.1660296225513617 0.21739130434782608 0.008361204013377926 0.02557544757033248
1 0.21321070234113712 0.22139386189258312 0.005972288580984233 0.0239769820971867
1 0.42701863354037267 0.48354219948849103 0.004777830864787387 0.01758312020460358
1 0.45210224558050643 0.545076726342711 0.00358337314859054 0.0159846547314578
1 0.385212613473483 0.5282992327365729 0.00716674629718108 0.01438618925831202
1 0.3804347826086957 0.8959462915601023 0.004777830864787387 0.01758312020460358
1 0.3177257525083612 0.13507672634271098 0.005972288580984233 0.01758312020460358
1 0.4052221691352126 0.48993606138107415 0.006569517439082656 0.02078005115089514
1 0.3771524128045867 0.6673657289002557 0.007763975155279503 0.01758312020460358
1 0.38372193024366935 0.6625703324808184 0.007763975155279503 0.01438618925831202
1 0.36490683229813664 0.6745524296675192 0.00716674629718108 0.0159846547314578
1 0.359235547061634 0.5658567774936062 0.006569517439082656 0.01918158567774936
1 0.41298614429049213 0.731304347826087 0.00537505972288581 0.01758312020460358
1 0.4482226469182991 0.803235294117647 0.00537505972288581 0.01438618925831202
1 0.4595699952221691 0.8823529411764706 0.00895843287147635 0.02237851662404092
1 0.2812947921643574 0.29891304347826086 0.005972288580984233 0.01918158567774936
1 0.3329574773053034 0.6721611253196931 0.006569517439082656 0.01758312020460358
1 0.36012900143334925 0.585843989769821 0.004777830864787387 0.01758312020460358
1 0.41029622551361683 0.6545780051150895 0.005972288580984233 0.02078005115089514
1 0.4028332537028189 0.6713554987212276 0.007763975155279503 0.0159846547314578
1 0.38372193024366935 0.731304347826087 0.00537505972288581 0.01438618925831202
1 0.41836120401337795 0.6449872122762148 0.006569517439082656 0.01758312020460358
1 0.4643478260869565 0.585843989769821 0.007763975155279503 0.0239769820971867
1 0.3189202102245581 0.8754219948849106 0.00875776397515528 0.01812020460358056
1 0.3676923076923077 0.850920716112532 0.0043812709030100335 0.013849104859335038
1 0.349775441949355 0.9489514066496164 0.0043812709030100335 0.0159846547314578
1 0.3800382226469183 0.9692071611253197 0.008361204013377926 0.01812020460358056
1 0.40850453893932154 0.9558823529411765 0.004777830864787387 0.014923273657289002
1 0.3983516483516483 0.9212531969309462 0.0051743908265647395 0.013849104859335038
1 0.3641089345437172 0.8114833759590794 0.0043812709030100335 0.00959079283887468
1 0.4355805064500716 0.7427493606138108 0.00557572861920688 0.014923273657289002
1 0.41547061634018156 0.6713554987212276 0.005972288580984233 0.01918158567774936
1 0.4343860487338748 0.6623017902813298 0.0031868131868131866 0.011726342710997442
1 0.4397611084567606 0.6676214833759592 0.0051743908265647395 0.013849104859335038
1 0.3690874343048256 0.7320971867007673 0.013535594839942666 0.02557544757033248
1 0.44095556617295745 0.7086572890025575 0.0075633062589584325 0.017046035805626598
1 0.4853463927376971 0.7081202046035806 0.00557572861920688 0.013849104859335038
1 0.49032489249880556 0.7523401534526855 0.005972288580984233 0.017046035805626598
1 0.45269947443860487 0.6607033248081841 0.00557572861920688 0.01278772378516624
1 0.459866220735786 0.6559079283887468 0.004777830864787387 0.0159846547314578
1 0.4708170090778786 0.6297953964194374 0.0043812709030100335 0.010652173913043479
1 0.40571906354515047 0.559462915601023 0.00557572861920688 0.01278772378516624
1 0.4158719541328237 0.8988746803069053 0.005972288580984233 0.01812020460358056
1 0.4194553272814142 0.8610358056265985 0.005972288580984233 0.01278772378516624
1 0.44274725274725274 0.9239130434782609 0.00557572861920688 0.01278772378516624
1 0.4469278547539417 0.9468286445012787 0.0043812709030100335 0.013849104859335038
1 0.5474581939799331 0.9319053708439897 0.015131390348781654 0.02877237851662404
1 0.4570807453416149 0.755537084398977 0.00557572861920688 0.017046035805626598
1 0.49351170568561875 0.5482736572890026 0.00915910176779742 0.024514066496163684
1 0.44274725274725274 0.653235294117647 0.007964644051600574 0.023439897698209717
1 0.4532967032967033 0.6931969309462916 0.005972288580984233 0.00959079283887468
1 0.3177257525083612 0.711854219948849 0.00875776397515528 0.014923273657289002
1 0.3449976110845676 0.719309462915601 0.00358337314859054 0.010652173913043479
1 0.4112900143334926 0.8120204603580563 0.00557572861920688 0.010652173913043479
1 0.4150740563784042 0.5498721227621484 0.0043812709030100335 0.010652173913043479
1 0.5058528428093646 0.814156010230179 0.0043812709030100335 0.01278772378516624
1 0.5490539894887722 0.7736572890025576 0.004777830864787387 0.01278772378516624
1 0.49092212135690394 0.8626342710997443 0.003979933110367893 0.011726342710997442
1 0.4851505016722408 0.8599744245524297 0.006770186335403727 0.014923273657289002
1 0.47380315336837076 0.8605115089514066 0.007964644051600574 0.011726342710997442
1 0.5088389870998566 0.8903452685421995 0.004777830864787387 0.02237851662404092
1 0.514811275680841 0.9841176470588235 0.007964644051600574 0.01812020460358056
1 0.45747730530339226 0.9212531969309462 0.006368848542761586 0.0159846547314578
1 0.4369708552317248 0.8748976982097186 0.0043812709030100335 0.014923273657289002
1 0.44274725274725274 0.8685038363171355 0.00557572861920688 0.023439897698209717
1 0.4523029144768275 0.8669053708439897 0.00716674629718108 0.013849104859335038
1 0.5458671763019589 0.8876854219948849 0.003979933110367893 0.01278772378516624
1 0.5114285714285715 0.5386828644501279 0.006770186335403727 0.0159846547314578
1 0.5293454371715242 0.465690537084399 0.006770186335403727 0.014923273657289002
1 0.44334448160535117 0.4843350383631714 0.006770186335403727 0.0159846547314578
1 0.540291447682752 0.4342455242966752 0.006368848542761586 0.0159846547314578
1 0.5474581939799331 0.4587595907928389 0.015131390348781654 0.030907928388746807
1 0.5030673674151935 0.4859335038363171 0.005972288580984233 0.014923273657289002
1 0.5162064022933589 0.6963938618925831 0.009952221691352126 0.02237851662404092
1 0.4998805542283803 0.7022634271099744 0.008361204013377926 0.017046035805626598
1 0.5207835642618251 0.6164705882352941 0.004777830864787387 0.0159846547314578
1 0.5012756808408982 0.6164705882352941 0.009555661729574774 0.030907928388746807
1 0.49052556139512665 0.6889386189258312 0.00557572861920688 0.013849104859335038
1 0.5076445293836598 0.6708184143222506 0.00875776397515528 0.03516624040920716
1 0.5172001911132346 0.6564322250639387 0.00875776397515528 0.034104859335038366
1 0.4614572384137602 0.9841176470588235 0.011146679407548972 0.024514066496163684
1 0.499483994266603 0.872225063938619 0.0043812709030100335 0.013849104859335038
1 0.3790396559961778 0.5781074168797954 0.004777830864787387 0.013849104859335038
1 0.393573817486861 0.7235677749360614 0.00915910176779742 0.02557544757033248
1 0.5225752508361204 0.494462915601023 0.005972288580984233 0.017046035805626598
1 0.5387004300047779 0.5584015345268543 0.00875776397515528 0.014923273657289002
1 0.5349163879598662 0.6095524296675192 0.009952221691352126 0.02557544757033248
1 0.6055900621118012 0.8946035805626599 0.011146679407548972 0.0479539641943734
1 0.5807071189679885 0.879156010230179 0.009952221691352126 0.03622762148337596
1 0.591055900621118 0.8993989769820973 0.009952221691352126 0.029833759590792836
1 0.5785140946010511 0.9297698209718671 0.009555661729574774 0.020242966751918157
1 0.5677639751552794 0.878618925831202 0.009555661729574774 0.01812020460358056
1 0.5755279503105589 0.7566112531969309 0.006770186335403727 0.01278772378516624
1 0.5745341614906833 0.5695907928388747 0.007964644051600574 0.026636828644501277
1 0.560200668896321 0.4891304347826087 0.00557572861920688 0.01278772378516624
1 0.5311371237458195 0.530153452685422 0.00716674629718108 0.013849104859335038
1 0.6157429526994744 0.5365473145780051 0.006770186335403727 0.013849104859335038
1 0.6075824175824176 0.537621483375959 0.007964644051600574 0.01812020460358056
1 0.5834925943621596 0.49392583120204603 0.005972288580984233 0.01812020460358056
1 0.5912565695174391 0.49498721227621484 0.004777830864787387 0.013849104859335038
1 0.6344577161968467 0.44437340153452687 0.005972288580984233 0.01918158567774936
1 0.544672718585762 0.6782864450127877 0.004777830864787387 0.013849104859335038
1 0.6147491638795987 0.6564322250639387 0.00716674629718108 0.023439897698209717
1 0.5860821786908744 0.6718925831202045 0.011146679407548972 0.06074168797953964
1 0.6298757763975155 0.6889386189258312 0.004777830864787387 0.01812020460358056
1 0.6414237935977066 0.69693094629156 0.009555661729574774 0.01918158567774936
1 0.6346536072623029 0.7006649616368286 0.003979933110367893 0.011726342710997442
1 0.6264930721452461 0.7011892583120205 0.00358337314859054 0.010652173913043479
1 0.6957716196846632 0.7241048593350383 0.0075633062589584325 0.020242966751918157
1 0.6197228858098422 0.9223145780051151 0.0043812709030100335 0.013849104859335038
1 0.6249020544672719 0.6084782608695652 0.0051743908265647395 0.014923273657289002
1 0.6481939799331105 0.5860997442455242 0.00875776397515528 0.040498721227621486
1 0.5424844720496895 0.573312020460358 0.005972288580984233 0.01278772378516624
1 0.728021978021978 0.9622762148337596 0.005972288580984233 0.014923273657289002
1 0.7264309603440039 0.9878516624040921 0.005972288580984233 0.014923273657289002
1 0.5922503583373149 0.5669181585677749 0.005972288580984233 0.014923273657289002
1 0.763258480649785 0.47794117647058826 0.004777830864787387 0.013849104859335038
1 0.7803774486383181 0.9697314578005115 0.00716674629718108 0.014923273657289002
1 0.6917916865742954 0.6457800511508951 0.013139034878165312 0.040498721227621486
1 0.6780554228380316 0.49392583120204603 0.009555661729574774 0.04581841432225064
1 0.8962398471094123 0.4806010230179028 0.006368848542761586 0.01918158567774936
1 0.8203917821309126 0.7400895140664961 0.00915910176779742 0.024514066496163684
1 0.8281557572861921 0.7134526854219948 0.00875776397515528 0.020242966751918157
1 0.7337935977066411 0.8232097186700768 0.00875776397515528 0.0159846547314578
1 0.7495222169135213 0.9265728900255755 0.0075633062589584325 0.0159846547314578
1 0.7963067367415194 0.8780946291560102 0.006368848542761586 0.01918158567774936
1 0.7658480649784998 0.8844884910485933 0.006770186335403727 0.02557544757033248
1 0.8265647396082179 0.9697314578005115 0.00716674629718108 0.017046035805626598
1 0.8500573339703775 0.9143222506393862 0.009555661729574774 0.04262148337595908
1 0.8870855231724797 0.974002557544757 0.00716674629718108 0.023439897698209717
1 0.9237123745819398 0.8919437340153452 0.00557572861920688 0.017046035805626598
1 0.8741423793597707 0.6596291560102302 0.008361204013377926 0.023439897698209717
1 0.891462016244625 0.6175447570332481 0.007964644051600574 0.024514066496163684
1 0.8293502150023889 0.5674552429667519 0.009555661729574774 0.02237851662404092
1 0.7272240802675585 0.5775831202046036 0.01234113712374582 0.017046035805626598
1 0.9314763497372193 0.8924808184143223 0.0051743908265647395 0.0159846547314578
1 0.9306832298136646 0.9351023017902813 0.006770186335403727 0.013849104859335038
1 0.9129622551361681 0.5871739130434783 0.006368848542761586 0.02557544757033248
1 0.9181414237935978 0.6175447570332481 0.009555661729574774 0.020242966751918157
1 0.9647252747252748 0.8780946291560102 0.007964644051600574 0.023439897698209717
1 0.7232441471571907 0.9052685421994885 0.014730052556139512 0.037301790281329926
1 0.9874199713330148 0.8685038363171355 0.006368848542761586 0.01918158567774936
1 0.9961777353081701 0.8732992327365728 0.00716674629718108 0.026636828644501277
1 0.9177400860009556 0.5749104859335038 0.00557572861920688 0.01812020460358056
1 0.9109746774964167 0.5690537084398977 0.006368848542761586 0.017046035805626598
1 0.9478021978021978 0.6639002557544756 0.005972288580984233 0.014923273657289002
1 0.7773913043478261 0.6351278772378517 0.005972288580984233 0.01278772378516624
1 0.8657811753463927 0.90153452685422 0.0051743908265647395 0.01278772378516624
1 0.16271380793119924 0.8158823529411764 0.006196846631629241 0.014629156010230179
1 0.16617295747730532 0.6666496163682865 0.007286192068800764 0.03414322250639386
1 0.19696607740086 0.7212787723785166 0.008380315336837075 0.02632992327365729
1 0.17036311514572383 0.7393222506393862 0.006196846631629241 0.021457800511508952
1 0.17710463449593886 0.7212787723785166 0.006559961777353082 0.01852941176470588
1 0.1940516005733397 0.8861125319693095 0.00546583850931677 0.01852941176470588
1 0.05029144768275203 0.9621867007672633 0.007286192068800764 0.01852941176470588
1 0.03571428571428571 0.3901406649616368 0.008017200191113235 0.01755754475703325
1 0.013664596273291927 0.2370076726342711 0.006196846631629241 0.019501278772378516
1 0.19915432393693264 0.28430946291560105 0.007654085045389393 0.03608695652173913
1 0.2662064022933588 0.2838235294117647 0.0047396082178690875 0.013657289002557544
1 0.19842331581462017 0.22384910485933504 0.009837553750597229 0.030230179028132992
1 0.2663879598662207 0.4159846547314578 0.008017200191113235 0.020485933503836318
1 0.6204204491161013 0.8831841432225064 0.006196846631629241 0.022429667519181583
1 0.6349976110845675 0.881227621483376 0.011294792164357382 0.02438618925831202
1 0.9086765408504538 0.4154987212276215 0.007654085045389393 0.023414322250639386
1 0.9250740563784042 0.4179411764705882 0.007654085045389393 0.01852941176470588
1 0.9633397037744864 0.3808695652173913 0.006923076923076923 0.020485933503836318
1 0.8024462494027711 0.16190537084398976 0.008017200191113235 0.019501278772378516
1 0.8122885809842331 0.1526470588235294 0.007286192068800764 0.01852941176470588
1 0.8119206880076445 0.1989769820971867 0.007286192068800764 0.015601023017902813
1 0.7858671763019589 0.23116368286445013 0.006923076923076923 0.01170076726342711
1 0.7763927376970855 0.25115089514066496 0.006923076923076923 0.01852941176470588
1 0.7911514572384138 0.2618797953964194 0.005828953655040612 0.014629156010230179
1 0.8024462494027711 0.28968030690537083 0.009474438604873387 0.023414322250639386
1 0.6931199235547062 0.36526854219948846 0.008017200191113235 0.020485933503836318
1 0.9465742952699475 0.8861125319693095 0.006196846631629241 0.01852941176470588
1 0.8551075011944578 0.08338874680306904 0.008380315336837075 0.020485933503836318
1 0.9649784997611085 0.12191815856777494 0.007286192068800764 0.019501278772378516
1 0.9872049689440993 0.17410485933503836 0.006559961777353082 0.020485933503836318
1 0.9850215002388916 0.11753196930946291 0.003645484949832776 0.014629156010230179
1 0.558786430960344 0.37531969309462915 0.004959388437649308 0.01516624040920716
1 0.4821213569039656 0.5217391304347826 0.004601051122790254 0.018005115089514065
1 0.43998088867654084 0.5705498721227622 0.004601051122790254 0.009475703324808184
1 0.3617247969421883 0.6302685421994885 0.006020066889632107 0.017058823529411765
1 0.5364739608217869 0.3644117647058824 0.007080745341614907 0.01989769820971867
1 0.5246106067845199 0.31702046035805626 0.004601051122790254 0.01231457800511509
1 0.6078308647873866 0.28195652173913044 0.007434304825609174 0.025588235294117648
1 0.39677974199713334 0.8833120204603581 0.00672718585762064 0.011368286445012789
1 0.37818920210224555 0.8572506393861893 0.0042474916387959865 0.010421994884910486
1 0.39554228380315337 0.8169693094629156 0.0035403726708074534 0.009475703324808184
1 0.368628762541806 0.806074168797954 0.0028332537028189202 0.008529411764705883
1 0.3824366937410416 0.8634143222506394 0.0028332537028189202 0.009475703324808184
1 0.4311275680840898 0.9529795396419437 0.004601051122790254 0.014219948849104859
1 0.5338174868609651 0.8728900255754476 0.0031868131868131866 0.00758312020460358
1 0.4135977066411849 0.7492071611253197 0.004959388437649308 0.01231457800511509
1 0.3149784997611085 0.6748081841432225 0.00389393215480172 0.011368286445012789
1 0.3078977544194935 0.6743350383631714 0.007434304825609174 0.025588235294117648
1 0.3341041567128524 0.6994501278772379 0.00672718585762064 0.017058823529411765
1 0.2981605351170568 0.7217263427109974 0.004959388437649308 0.014219948849104859
1 0.35729574773053036 0.7155626598465474 0.0028332537028189202 0.009475703324808184
1 0.34331103678929764 0.5065856777493606 0.00672718585762064 0.014219948849104859
1 0.3587147634973722 0.48048593350383634 0.0056665074056378405 0.020907928388746805
1 0.31037744863831823 0.29991048593350383 0.008146201624462494 0.023695652173913045
1 0.4093502150023889 0.28569053708439895 0.0035403726708074534 0.014219948849104859
1 0.47698518872431916 0.28948849104859337 0.007080745341614907 0.01989769820971867
1 0.5646249402771142 0.3828388746803069 0.004601051122790254 0.009475703324808184
1 0.42864787386526515 0.507468030690537 0.005312947921643573 0.010421994884910486
1 0.4484806497849976 0.49324808184143226 0.004601051122790254 0.01231457800511509
1 0.1825418060200669 0.8567774936061381 0.007434304825609174 0.01516624040920716
1 0.163774486383182 0.8671994884910486 0.006020066889632107 0.020856777493606135
1 0.08498805542283804 0.7136700767263428 0.004959388437649308 0.017058823529411765
1 0.07205924510272337 0.6989769820971867 0.008853320592451027 0.01989769820971867
1 0.1250023889154324 0.6875959079283888 0.007080745341614907 0.016112531969309462
1 0.10587673196368848 0.7510997442455243 0.004959388437649308 0.018005115089514065
1 0.14164357381748685 0.5786061381074169 0.006373626373626373 0.018005115089514065
1 0.24486860965121834 0.815076726342711 0.005312947921643573 0.01327365728900256
1 0.2668227424749164 0.9439769820971867 0.005312947921643573 0.01327365728900256
1 0.08180124223602485 0.4426086956521739 0.006373626373626373 0.017058823529411765
1 0.08108934543717153 0.5027877237851662 0.0028332537028189202 0.008529411764705883
1 0.011509794553272813 0.31039641943734014 0.00672718585762064 0.01989769820971867
1 0.1358002866698519 0.3321867007672634 0.004601051122790254 0.014219948849104859
1 0.15474438604873386 0.31607416879795397 0.0035403726708074534 0.01231457800511509
1 0.13650740563784042 0.3236572890025575 0.006020066889632107 0.014219948849104859
1 0.1630673674151935 0.2848081841432225 0.005312947921643573 0.014219948849104859
1 0.20130912565695172 0.2042455242966752 0.004601051122790254 0.01231457800511509
1 0.13774964166268513 0.4776726342710998 0.004959388437649308 0.009475703324808184
1 0.1349163879598662 0.49425831202046033 0.004959388437649308 0.01231457800511509
1 0.2152986144290492 0.5103708439897698 0.004959388437649308 0.014219948849104859
1 0.31781175346392737 0.7416240409207162 0.008146201624462494 0.021803069053708442
1 0.3083468705207836 0.6242710997442456 0.003449593884376493 0.009846547314578005
1 0.27729096989966556 0.6248849104859335 0.003449593884376493 0.01108695652173913
1 0.27188724319159097 0.6565856777493607 0.0027615862398471095 0.008005115089514066
1 0.28649307214524605 0.6304219948849105 0.005752508361204013 0.01108695652173913
1 0.32479216435738173 0.6091815856777494 0.0032202580028666988 0.01170076726342711
1 0.41059245102723363 0.5910230179028133 0.0059818442427138074 0.01846547314578005
1 0.41289058767319636 0.6131841432225064 0.0064405160057333976 0.016010230179028133
1 0.3329574773053034 0.5937979539641944 0.0048303870043000475 0.009232736572890025
1 0.48983277591973245 0.7769437340153453 0.006669851887243192 0.01846547314578005
1 0.5289393215480171 0.709539641943734 0.003449593884376493 0.01170076726342711
1 0.4823554706163402 0.6005626598465473 0.0036789297658862876 0.010460358056265984
1 0.4211705685618729 0.5608567774936061 0.0032202580028666988 0.007391304347826087
1 0.46832775919732444 0.558695652173913 0.0036789297658862876 0.008005115089514066
1 0.5178977544194936 0.56269820971867 0.0029909221213569037 0.009846547314578005
1 0.7087004300047778 0.8332864450127877 0.0027615862398471095 0.010460358056265984
1 0.7330817009077878 0.8686828644501278 0.0041423793597706645 0.009846547314578005
1 0.665570950788342 0.8523657289002557 0.003908265647396082 0.015396419437340152
1 0.9208934543717153 0.24964194373401535 0.004371715241280459 0.01170076726342711
1 0.9092785475394171 0.363849104859335 0.0036789297658862876 0.01108695652173913
1 0.9417104634495939 0.4069437340153453 0.0059818442427138074 0.016010230179028133
1 0.7836884854276158 0.32475703324808186 0.004601051122790254 0.012928388746803068
1 0.7133014811275681 0.2207161125319693 0.0064405160057333976 0.017851662404092073
1 0.7703440038222646 0.2825831202046036 0.0027615862398471095 0.009846547314578005
1 0.803124701385571 0.3940153452685422 0.003449593884376493 0.008618925831202046
1 0.7833397037744864 0.6581329923273657 0.0029909221213569037 0.008618925831202046
1 0.7741423793597707 0.5743989769820972 0.0048303870043000475 0.01231457800511509
1 0.777821309125657 0.6036445012787723 0.0029909221213569037 0.008005115089514066
1 0.7966841853798375 0.6273401534526855 0.0029909221213569037 0.009846547314578005
1 0.7935785953177258 0.6208823529411764 0.0036789297658862876 0.009232736572890025
1 0.7864452938365982 0.5820971867007673 0.0027615862398471095 0.008005115089514066
1 0.8248590539894888 0.5845524296675192 0.0027615862398471095 0.009232736572890025
1 0.6628093645484949 0.5214578005115089 0.003449593884376493 0.009846547314578005
1 0.5238748208313426 0.32875959079283884 0.003908265647396082 0.006150895140664961
1 0.33077400860009554 0.6455115089514066 0.0041423793597706645 0.009232736572890025
1 0.3389393215480172 0.6439641943734015 0.003449593884376493 0.01108695652173913
1 0.378270425226947 0.6830562659846547 0.0029909221213569037 0.012928388746803068
1 0.38620640229335884 0.6833759590792838 0.0041423793597706645 0.01231457800511509
1 0.13709507883420927 0.6682864450127878 0.0036789297658862876 0.008005115089514066