1 0.0376750700280112 0.034816753926701575 0.011367880485527546 0.022421465968586386
1 0.02189075630252101 0.0625523560209424 0.00757703081232493 0.018887434554973822
1 0.024206349206349207 0.0938350785340314 0.004631185807656396 0.012984293193717278
1 0.02441643323996265 0.007081151832460733 0.004211017740429505 0.011806282722513089
1 0.042306255835667606 0.0076701570680628274 0.00799719887955182 0.012984293193717278
1 0.028207282913165266 0.07140052356020941 0.0033660130718954247 0.0106282722513089
1 0.06967320261437909 0.058429319371727746 0.011367880485527546 0.024790575916230368
1 0.09471988795518206 0.11566753926701571 0.010102707749766574 0.028324607329842932
1 0.08629785247432306 0.07081151832460733 0.004211017740429505 0.014162303664921466
1 0.0888235294117647 0.0855628272251309 0.005891690009337068 0.012984293193717278
1 0.08524743230625584 0.10091623036649214 0.003790849673202614 0.0106282722513089
1 0.08840336134453781 0.020654450261780102 0.004211017740429505 0.015340314136125655
1 0.0827217553688142 0.004136125654450262 0.003790849673202614 0.008259162303664922
1 0.1069281045751634 0.004725130890052356 0.005891690009337068 0.00943717277486911
1 0.10419234360410831 0.126282722513089 0.005471521942110178 0.014162303664921466
1 0.113874883286648 0.07789267015706806 0.003790849673202614 0.011806282722513089
1 0.1195564892623716 0.05488219895287958 0.005051353874883287 0.012984293193717278
1 0.1134500466853408 0.04839005235602094 0.003790849673202614 0.007081151832460733
1 0.11366479925303455 0.058429319371727746 0.0033660130718954247 0.008259162303664922
1 0.08377217553688142 0.1793979057591623 0.005051353874883287 0.016518324607329844
1 0.04041549953314659 0.18530104712041884 0.005891690009337068 0.011806282722513089
1 0.06104108309990663 0.19710732984293194 0.004211017740429505 0.00943717277486911
1 0.0715639589169001 0.2006413612565445 0.004211017740429505 0.014162303664921466
1 0.09008870214752568 0.1994633507853403 0.004211017740429505 0.014162303664921466
1 0.06125116713352007 0.2342801047120419 0.004631185807656396 0.02006544502617801
1 0.08145658263305322 0.2514005235602094 0.01557422969187675 0.04013089005235602
1 0.06504201680672268 0.27027486910994764 0.00715686274509804 0.011806282722513089
1 0.04630718954248366 0.26083769633507853 0.004211017740429505 0.011806282722513089
1 0.053674136321195144 0.29624345549738224 0.00799719887955182 0.018887434554973822
1 0.011157796451914097 0.29270942408376965 0.005471521942110178 0.011806282722513089
1 0.030518207282913167 0.3163089005235602 0.004631185807656396 0.011806282722513089
1 0.009892623716153128 0.3186780104712042 0.003790849673202614 0.011806282722513089
1 0.061461251167133524 0.35171465968586385 0.005051353874883287 0.00943717277486911
1 0.06104108309990663 0.3765052356020942 0.005891690009337068 0.014162303664921466
1 0.06756769374416433 0.372369109947644 0.005471521942110178 0.0106282722513089
1 0.013048552754435108 0.4189921465968587 0.006736694677871149 0.014162303664921466
1 0.01915499533146592 0.44141361256544503 0.006316526610644258 0.018887434554973822
1 0.05409430438842204 0.4780104712041885 0.003790849673202614 0.014162303664921466
1 0.027572362278244632 0.4744633507853403 0.004631185807656396 0.011806282722513089
1 0.026101774042950512 0.49276178010471205 0.004211017740429505 0.012984293193717278
1 0.018524743230625584 0.5116492146596858 0.006736694677871149 0.02950261780104712
1 0.06672268907563024 0.4868586387434555 0.010522875816993463 0.012984293193717278
1 0.05556956115779645 0.521086387434555 0.005051353874883287 0.0106282722513089
1 0.05009803921568628 0.5677094240837697 0.005051353874883287 0.00943717277486911
1 0.04041549953314659 0.5730235602094241 0.0033660130718954247 0.0106282722513089
1 0.03241363211951447 0.5777356020942408 0.005051353874883287 0.0106282722513089
1 0.017259570494864613 0.570065445026178 0.004211017740429505 0.011806282722513089
1 0.025891690009337068 0.5824607329842932 0.004631185807656396 0.012984293193717278
1 0.009052287581699346 0.5730235602094241 0.00799719887955182 0.02006544502617801
1 0.011367880485527546 0.6042931937172775 0.00757703081232493 0.0212434554973822
1 0.04041549953314659 0.6396989528795812 0.004211017740429505 0.011806282722513089
1 0.05514939309056956 0.6326178010471204 0.005891690009337068 0.014162303664921466
1 0.061461251167133524 0.669803664921466 0.004211017740429505 0.0106282722513089
1 0.07661531279178338 0.727041884816754 0.006736694677871149 0.016518324607329844
1 0.03746498599439776 0.6875 0.005051353874883287 0.015340314136125655
1 0.04630718954248366 0.709934554973822 0.00757703081232493 0.01770942408376963
1 0.056619981325863676 0.6981282722513089 0.010522875816993463 0.02006544502617801
1 0.022100840336134454 0.7028534031413612 0.00799719887955182 0.031871727748691105
1 0.0199953314659197 0.7494633507853403 0.005471521942110178 0.023599476439790577
1 0.04862278244631186 0.7488743455497382 0.004631185807656396 0.015340314136125655
1 0.04272642390289449 0.7547774869109948 0.00715686274509804 0.012984293193717278
1 0.03367880485527544 0.8132068062827225 0.004211017740429505 0.011806282722513089
1 0.06377684407096172 0.8132068062827225 0.006316526610644258 0.014162303664921466
1 0.03409897292250234 0.9117539267015707 0.010102707749766574 0.02950261780104712
1 0.009892623716153128 0.8586387434554974 0.003790849673202614 0.008259162303664922
1 0.04188608776844071 0.848023560209424 0.004631185807656396 0.0106282722513089
1 0.023151260504201684 0.7931413612565446 0.005891690009337068 0.016518324607329844
1 0.052408963585434176 0.9713612565445027 0.003790849673202614 0.011806282722513089
1 0.08103641456582633 0.6314397905759163 0.004631185807656396 0.014162303664921466
1 0.08398225957049486 0.6467801047120418 0.008842203548085901 0.016518324607329844
1 0.08650793650793652 0.7884162303664922 0.002945845004668534 0.00943717277486911
1 0.06651260504201681 0.8285471204188481 0.0033660130718954247 0.00943717277486911
1 0.09092903828197946 0.8090706806282723 0.0033660130718954247 0.0106282722513089
1 0.10292717086834734 0.8055366492146596 0.012208216619981326 0.024790575916230368
1 0.1195564892623716 0.7925523560209424 0.00757703081232493 0.024790575916230368
1 0.11408496732026144 0.6296727748691099 0.004211017740429505 0.012984293193717278
1 0.10797852474323062 0.6639005235602095 0.00715686274509804 0.024790575916230368
1 0.09219421101774042 0.621413612565445 0.0033660130718954247 0.008259162303664922
1 0.09535014005602241 0.6019371727748691 0.002945845004668534 0.00943717277486911
1 0.10250700280112045 0.6125523560209424 0.004631185807656396 0.014162303664921466
1 0.08040616246498598 0.44319371727748696 0.005051353874883287 0.0106282722513089
1 0.09155929038281979 0.43905759162303665 0.005471521942110178 0.016518324607329844
1 0.09850606909430439 0.3706020942408377 0.005051353874883287 0.018887434554973822
1 0.09008870214752568 0.40424083769633506 0.004211017740429505 0.0106282722513089
1 0.0980859010270775 0.42844240837696335 0.005051353874883287 0.011806282722513089
1 0.1119794584500467 0.4213612565445026 0.004211017740429505 0.014162303664921466
1 0.11513538748832866 0.40778795811518326 0.004631185807656396 0.01770942408376963
1 0.07472455648926238 0.5311256544502617 0.005471521942110178 0.016518324607329844
1 0.10734827264239029 0.5423298429319371 0.005051353874883287 0.0106282722513089
1 0.11703081232492997 0.7240968586387435 0.0033660130718954247 0.012984293193717278
1 0.12629318394024275 0.6916361256544502 0.006736694677871149 0.014162303664921466
1 0.11408496732026144 0.8887434554973822 0.005891690009337068 0.014162303664921466
1 0.0199953314659197 0.9713612565445027 0.003790849673202614 0.011806282722513089
1 0.14334267040149393 0.6928141361256543 0.008842203548085901 0.018887434554973822
1 0.16775910364145658 0.6762958115183246 0.004631185807656396 0.018887434554973822
1 0.15534080298786182 0.7482853403141362 0.004211017740429505 0.011806282722513089
1 0.14102707749766571 0.7453403141361258 0.005051353874883287 0.015340314136125655
1 0.15239028944911298 0.8055366492146596 0.005051353874883287 0.015340314136125655
1 0.15323529411764708 0.9459816753926702 0.005891690009337068 0.01770942408376963
1 0.15260037348272643 0.905261780104712 0.003790849673202614 0.011806282722513089
1 0.17133520074696545 0.9105759162303664 0.0025256769374416435 0.008259162303664922
1 0.17975723622782447 0.9418586387434555 0.005891690009337068 0.016518324607329844
1 0.16565359477124184 0.8798821989528796 0.003790849673202614 0.012984293193717278
1 0.1707049486461251 0.8857853403141361 0.003790849673202614 0.008259162303664922
1 0.16712418300653595 0.8946465968586387 0.005051353874883287 0.011806282722513089
1 0.17975723622782447 0.9955497382198953 0.005051353874883287 0.008259162303664922
1 0.1869140989729225 0.8621858638743456 0.005891690009337068 0.015340314136125655
1 0.204593837535014 0.885196335078534 0.005051353874883287 0.011806282722513089
1 0.19449112978524744 0.8132068062827225 0.004211017740429505 0.014162303664921466
1 0.2022782446311858 0.8102486910994764 0.004631185807656396 0.02006544502617801
1 0.21785247432306254 0.8014005235602094 0.005471521942110178 0.016518324607329844
1 0.23153594771241828 0.8556937172774869 0.004211017740429505 0.011806282722513089
1 0.22290382819794582 0.8792931937172774 0.004631185807656396 0.014162303664921466
1 0.21764239028944912 0.9802094240837697 0.004211017740429505 0.02006544502617801
1 0.23258636788048553 0.9837565445026178 0.005471521942110178 0.01770942408376963
1 0.20017273576097105 0.7134685863874346 0.004631185807656396 0.015340314136125655
1 0.207749766573296 0.7471073298429319 0.005471521942110178 0.014162303664921466
1 0.21827264239028946 0.7636256544502618 0.00715686274509804 0.0212434554973822
1 0.17975723622782447 0.7648167539267017 0.005051353874883287 0.011806282722513089
1 0.1965919701213819 0.7370811518324607 0.004211017740429505 0.008259162303664922
1 0.12860877684407096 0.5860078534031413 0.005471521942110178 0.012984293193717278
1 0.1473389355742297 0.49217277486910993 0.004211017740429505 0.011806282722513089
1 0.1627077497665733 0.4426047120418848 0.004631185807656396 0.014162303664921466
1 0.12839869281045752 0.5134162303664922 0.005051353874883287 0.016518324607329844
1 0.1349206349206349 0.5134162303664922 0.003790849673202614 0.011806282722513089
1 0.1561811391223156 0.5275785340314136 0.008417366946778712 0.018887434554973822
1 0.1715452847805789 0.5328926701570681 0.003790849673202614 0.012984293193717278
1 0.16628384687208217 0.5446989528795811 0.004211017740429505 0.0106282722513089
1 0.14902427637721755 0.5742015706806283 0.005051353874883287 0.0106282722513089
1 0.13302521008403362 0.5547251308900524 0.0033660130718954247 0.007081151832460733
1 0.13513071895424836 0.6314397905759163 0.004211017740429505 0.00943717277486911
1 0.14018207282913164 0.6273167539267015 0.004211017740429505 0.012984293193717278
1 0.13366013071895425 0.6402879581151832 0.004631185807656396 0.012984293193717278
1 0.1483940242763772 0.6450130890052356 0.011367880485527546 0.024790575916230368
1 0.16165266106442577 0.6208246073298429 0.0033660130718954247 0.011806282722513089
1 0.18480859010270775 0.5517801047120419 0.004211017740429505 0.008259162303664922
1 0.18712418300653594 0.5647513089005236 0.004631185807656396 0.012984293193717278
1 0.1734407096171802 0.5688874345549738 0.008417366946778712 0.028324607329842932
1 0.20564425770308123 0.6686256544502618 0.00715686274509804 0.015340314136125655
1 0.2008029878618114 0.6444240837696334 0.004211017740429505 0.016518324607329844
1 0.2008029878618114 0.6166884816753926 0.005891690009337068 0.015340314136125655
1 0.19554154995331466 0.6615445026178011 0.004631185807656396 0.0106282722513089
1 0.19638188608776844 0.6839659685863874 0.003790849673202614 0.0106282722513089
1 0.20859010270774977 0.6957722513089006 0.004631185807656396 0.012984293193717278
1 0.18669934640522878 0.4968979057591623 0.005471521942110178 0.016518324607329844
1 0.19406629318394025 0.49629581151832464 0.006736694677871149 0.01770942408376963
1 0.20438375350140056 0.5187303664921467 0.004631185807656396 0.012984293193717278
1 0.20438375350140056 0.5311256544502617 0.005471521942110178 0.011806282722513089
1 0.13955182072829134 0.21717277486910994 0.008842203548085901 0.023599476439790577
1 0.07366946778711485 0.31807591623036646 0.005051353874883287 0.012984293193717278
1 0.08251167133520075 0.33578534031413615 0.005891690009337068 0.01770942408376963
1 0.08440709617180206 0.3127748691099477 0.006316526610644258 0.023599476439790577
1 0.08714285714285715 0.28798429319371727 0.008417366946778712 0.028324607329842932
1 0.1542857142857143 0.27027486910994764 0.004631185807656396 0.014162303664921466
1 0.12466853408029879 0.9241884816753927 0.009761904761904762 0.019070680628272253
1 0.2505182072829132 0.8172120418848168 0.0035480859010270775 0.010785340314136126
1 0.23602240896358542 0.7927486910994764 0.0035480859010270775 0.011609947643979057
1 0.20940709617180206 0.9677225130890053 0.0029598506069094302 0.011609947643979057
1 0.2750653594771242 0.8545287958115183 0.004140989729225023 0.014096858638743454
1 0.26974323062558353 0.8570157068062827 0.005322128851540616 0.014096858638743454
1 0.27196078431372545 0.903455497382199 0.0038468720821662 0.010785340314136126
1 0.29517740429505135 0.9200392670157068 0.004140989729225023 0.017408376963350788
1 0.28763772175536884 0.9382853403141361 0.0038468720821662 0.010785340314136126
1 0.30478991596638655 0.9623298429319372 0.002661064425770308 0.014096858638743454
1 0.26071895424836605 0.9142408376963351 0.0038468720821662 0.010785340314136126
1 0.27743230625583565 0.9818193717277487 0.0035480859010270775 0.011609947643979057
1 0.24445378151260505 0.6998821989528796 0.004435107376283847 0.019895287958115182
1 0.23203081232492997 0.6770680628272251 0.004435107376283847 0.01575916230366492
1 0.2335107376283847 0.7243455497382199 0.004435107376283847 0.009123036649214659
1 0.24830065359477124 0.7409293193717278 0.005028011204481792 0.012434554973821989
1 0.23129318394024276 0.7425785340314137 0.0035480859010270775 0.012434554973821989
1 0.303015873015873 0.8599214659685864 0.006209150326797386 0.014921465968586388
1 0.2870448179271709 0.8686256544502617 0.002068160597572362 0.007460732984293194
1 0.31883753501400564 0.8234293193717278 0.0035480859010270775 0.011609947643979057
1 0.30330999066293185 0.76 0.004435107376283847 0.019070680628272253
1 0.2734407096171802 0.7546073298429319 0.0038468720821662 0.011609947643979057
1 0.25909430438842207 0.7745157068062828 0.005322128851540616 0.021557591623036648
1 0.2657469654528478 0.767041884816754 0.005028011204481792 0.011609947643979057
1 0.27698879551820726 0.7757591623036648 0.003253968253968254 0.012434554973821989
1 0.27550887021475257 0.8130628272251308 0.0038468720821662 0.010785340314136126
1 0.25894491129785246 0.6832984293193717 0.005620915032679738 0.014921465968586388
1 0.25938842203548085 0.6965575916230365 0.004140989729225023 0.009947643979057591
1 0.2704808590102708 0.702369109947644 0.006802054154995332 0.011609947643979057
1 0.27063025210084035 0.690759162303665 0.004733893557422969 0.011609947643979057
1 0.26515873015873015 0.6339528795811518 0.009761904761904762 0.025706806282722514
1 0.30168534080298787 0.7985602094240838 0.004140989729225023 0.011609947643979057
1 0.30257236227824463 0.8234293193717278 0.008281979458450045 0.018246073298429318
1 0.3395424836601307 0.7231020942408377 0.004140989729225023 0.013272251308900524
1 0.3161764705882353 0.7011256544502618 0.005322128851540616 0.014096858638743454
1 0.351078431372549 0.915890052356021 0.0035480859010270775 0.014096858638743454
1 0.3561064425770308 0.9573560209424083 0.007096171802054155 0.02239528795811518
1 0.3564005602240896 0.9382853403141361 0.004140989729225023 0.010785340314136126
1 0.20408029878618114 0.5875130890052356 0.0029598506069094302 0.009123036649214659
1 0.22138188608776843 0.6028534031413613 0.004435107376283847 0.013272251308900524
1 0.23055088702147525 0.611151832460733 0.003253968253968254 0.011609947643979057
1 0.21443510737628385 0.5800523560209424 0.008281979458450045 0.017408376963350788
1 0.25140522875816995 0.5555890052356022 0.004140989729225023 0.014921465968586388
1 0.26323529411764707 0.5618062827225131 0.0029598506069094302 0.010785340314136126
1 0.16711017740429504 0.3594764397905759 0.0029598506069094302 0.010785340314136126
1 0.15069561157796452 0.3914005235602094 0.003253968253968254 0.009947643979057591
1 0.14492530345471522 0.38560209424083774 0.0029598506069094302 0.009947643979057591
1 0.14093370681605977 0.32713350785340317 0.0038468720821662 0.010785340314136126
1 0.11416900093370683 0.3279581151832461 0.004140989729225023 0.009123036649214659
1 0.12022875816993463 0.30225130890052354 0.0038468720821662 0.010785340314136126
1 0.1372362278244631 0.3603010471204188 0.0029598506069094302 0.012434554973821989
1 0.13856676003734827 0.3797905759162304 0.002068160597572362 0.006636125654450262
1 0.1715452847805789 0.3163612565445026 0.0029598506069094302 0.010785340314136126
1 0.18323062558356676 0.43369109947643975 0.003253968253968254 0.008298429319371728
1 0.18175070028011206 0.4681020942408377 0.002661064425770308 0.007460732984293194
1 0.198015873015873 0.47722513089005236 0.002661064425770308 0.010785340314136126
1 0.21591036414565828 0.45897905759162305 0.004140989729225023 0.009123036649214659
1 0.2049673202614379 0.42747382198952877 0.0035480859010270775 0.01575916230366492
1 0.19417366946778714 0.4216623036649214 0.0038468720821662 0.012434554973821989
1 0.20038281979458453 0.4017670157068063 0.0038468720821662 0.009123036649214659
1 0.18870214752567693 0.37854712041884814 0.0029598506069094302 0.009123036649214659
1 0.21591036414565828 0.3433115183246074 0.005322128851540616 0.016583769633507852
1 0.1943183940242764 0.32009162303664923 0.0035480859010270775 0.014921465968586388
1 0.23528478057889823 0.310130890052356 0.005620915032679738 0.014921465968586388
1 0.23395424836601306 0.3275523560209424 0.005322128851540616 0.011609947643979057
1 0.23099439775910366 0.46230366492146596 0.004733893557422969 0.012434554973821989
1 0.2289262371615313 0.4494502617801047 0.004140989729225023 0.008298429319371728
1 0.2196078431372549 0.4129581151832461 0.010943043884220356 0.02819371727748691
1 0.25406629318394025 0.4929842931937173 0.00946311858076564 0.019070680628272253
1 0.2580578898225957 0.5257329842931937 0.003253968253968254 0.008298429319371728
1 0.25214285714285717 0.5373429319371728 0.003253968253968254 0.013272251308900524
1 0.1234827264239029 0.10116492146596859 0.003253968253968254 0.013272251308900524
1 0.13058356676003735 0.10365183246073298 0.007394957983193277 0.009947643979057591
1 0.12555555555555556 0.13517015706806282 0.005028011204481792 0.009947643979057591
1 0.1419701213818861 0.1911387434554974 0.0035480859010270775 0.009123036649214659
1 0.1369421101774043 0.17579842931937173 0.004140989729225023 0.009947643979057591
1 0.1280672268907563 0.16543193717277488 0.004733893557422969 0.012434554973821989
1 0.17006535947712417 0.09660994764397907 0.004733893557422969 0.01575916230366492
1 0.17110177404295052 0.06219895287958115 0.004435107376283847 0.014921465968586388
1 0.20023809523809524 0.10904450261780105 0.005322128851540616 0.014096858638743454
1 0.20674136321195144 0.1480235602094241 0.004733893557422969 0.014096858638743454
1 0.21280578898225957 0.09079842931937174 0.002661064425770308 0.010785340314136126
1 0.1919561157796452 0.03607329842931937 0.005322128851540616 0.017408376963350788
1 0.18870214752567693 0.07379581151832461 0.005322128851540616 0.019895287958115182
1 0.1819000933706816 0.07505235602094242 0.005915032679738562 0.01575916230366492
1 0.1557236227824463 0.019070680628272253 0.0038468720821662 0.009947643979057591
1 0.16859010270774977 0.027774869109947642 0.0035480859010270775 0.010785340314136126
1 0.18130718954248368 0.1874083769633508 0.0029598506069094302 0.008298429319371728
1 0.17568627450980392 0.16460732984293194 0.0035480859010270775 0.012434554973821989
1 0.23025676937441641 0.2748952879581152 0.006209150326797386 0.02736910994764398
1 0.2580578898225957 0.22845549738219895 0.0038468720821662 0.010785340314136126
1 0.249187675070028 0.0443586387434555 0.006209150326797386 0.017408376963350788
1 0.23410364145658263 0.03274869109947644 0.004435107376283847 0.012434554973821989
1 0.23010737628384687 0.046845549738219895 0.004140989729225023 0.010785340314136126
1 0.24134920634920637 0.10655759162303664 0.004733893557422969 0.014096858638743454
1 0.2527357609710551 0.08416230366492146 0.003253968253968254 0.014096858638743454
1 0.24800186741363214 0.06551047120418847 0.003253968253968254 0.009947643979057591
1 0.24519140989729227 0.08955497382198953 0.0029598506069094302 0.013272251308900524
1 0.2627917833800187 0.11858638743455496 0.0038468720821662 0.011609947643979057
1 0.2645658263305322 0.15590314136125655 0.006209150326797386 0.014921465968586388
1 0.28246031746031747 0.19445026178010472 0.004140989729225023 0.012434554973821989
1 0.26870681605975727 0.2031675392670157 0.011535947712418301 0.03482984293193717
1 0.2777264239028945 0.2786256544502618 0.0035480859010270775 0.013272251308900524
1 0.2830532212885154 0.31221204188481677 0.0029598506069094302 0.010785340314136126
1 0.2602754435107376 0.3047513089005236 0.0029598506069094302 0.012434554973821989
1 0.2614612511671335 0.31760471204188484 0.004140989729225023 0.008298429319371728
1 0.22241830065359477 0.31842931937172775 0.007689075630252101 0.021557591623036648
1 0.2576143790849673 0.3449607329842932 0.010056022408963585 0.033167539267015704
1 0.26412231559290383 0.3727486910994764 0.0035480859010270775 0.010785340314136126
1 0.23765172735760973 0.3918193717277487 0.0038468720821662 0.010785340314136126
1 0.23543417366946778 0.3789659685863874 0.0029598506069094302 0.009947643979057591
1 0.2820168067226891 0.41379581151832456 0.004435107376283847 0.011609947643979057
1 0.2783193277310924 0.40467277486910996 0.004733893557422969 0.009947643979057591
1 0.24830065359477124 0.41420157068062824 0.004435107376283847 0.012434554973821989
1 0.25244164332399627 0.42456806282722515 0.004435107376283847 0.009947643979057591
1 0.2454901960784314 0.4295418848167539 0.008281979458450045 0.016583769633507852
1 0.23410364145658263 0.4191753926701571 0.0038468720821662 0.012434554973821989
1 0.23632119514472455 0.41005235602094237 0.0035480859010270775 0.012434554973821989
1 0.2657469654528478 0.5037565445026178 0.011535947712418301 0.019070680628272253
1 0.2830532212885154 0.4556675392670157 0.004140989729225023 0.007460732984293194
1 0.28556489262371615 0.4747382198952879 0.004435107376283847 0.014096858638743454
1 0.29473389355742297 0.4942277486910994 0.003253968253968254 0.009947643979057591
1 0.28778244631185806 0.5311256544502617 0.0029598506069094302 0.007460732984293194
1 0.29044351073762836 0.5443979057591624 0.0023669467787114846 0.010785340314136126
1 0.3019794584500467 0.44157068062827226 0.0035480859010270775 0.012434554973821989
1 0.29783846872082165 0.4639528795811518 0.0035480859010270775 0.010785340314136126
1 0.31292250233426705 0.4934031413612565 0.0029598506069094302 0.013272251308900524
1 0.3147012138188609 0.5406675392670157 0.0029598506069094302 0.008298429319371728
1 0.31056022408963585 0.31884816753926704 0.004140989729225023 0.012434554973821989
1 0.29562091503267973 0.3797905759162304 0.0038468720821662 0.013272251308900524
1 0.288968253968254 0.36984293193717277 0.004733893557422969 0.011609947643979057
1 0.2857142857142857 0.38725130890052356 0.0029598506069094302 0.009947643979057591
1 0.29399626517273575 0.41089005235602094 0.004140989729225023 0.01575916230366492
1 0.2891129785247432 0.4307853403141361 0.004435107376283847 0.017408376963350788
1 0.3247572362278245 0.2670157068062827 0.0035480859010270775 0.009947643979057591
1 0.3089309056956116 0.21020942408376964 0.0038468720821662 0.010785340314136126
1 0.3392483660130719 0.22057591623036651 0.004140989729225023 0.014921465968586388
1 0.33377684407096175 0.4913219895287958 0.00857609710550887 0.029018324607329844
1 0.3222408963585434 0.4270549738219895 0.005620915032679738 0.018246073298429318
1 0.3237208216619981 0.41130890052356023 0.003253968253968254 0.009947643979057591
1 0.35373949579831937 0.5141230366492147 0.0035480859010270775 0.009947643979057591
1 0.35832399626517275 0.5485471204188481 0.005028011204481792 0.012434554973821989
1 0.3454575163398693 0.5406675392670157 0.0029598506069094302 0.014921465968586388
1 0.3685294117647059 0.49753926701570683 0.0029598506069094302 0.009947643979057591
1 0.3618720821661998 0.4830366492146597 0.0038468720821662 0.010785340314136126
1 0.3654248366013072 0.5236649214659685 0.0038468720821662 0.012434554973821989
1 0.3639449112978525 0.5390052356020942 0.003253968253968254 0.009947643979057591
1 0.33939775910364145 0.5746596858638744 0.006802054154995332 0.03150523560209424
1 0.32179738562091503 0.6132198952879581 0.004733893557422969 0.010785340314136126
1 0.3457563025210084 0.6036910994764398 0.0029598506069094302 0.009947643979057591
1 0.3382119514472456 0.6090706806282722 0.002661064425770308 0.009123036649214659
1 0.3515219421101774 0.6662958115183246 0.002661064425770308 0.010785340314136126
1 0.3256442577030812 0.6484685863874345 0.0029598506069094302 0.008298429319371728
1 0.2981372549019608 0.6339528795811518 0.0035480859010270775 0.012434554973821989
1 0.3015359477124183 0.656348167539267 0.003253968253968254 0.007460732984293194
1 0.35477591036414563 0.7595811518324608 0.0038468720821662 0.011609947643979057
1 0.29295985060690943 0.5891753926701571 0.0038468720821662 0.010785340314136126
1 0.28452847805788983 0.5879319371727749 0.004733893557422969 0.019895287958115182
1 0.282609710550887 0.5671989528795811 0.002661064425770308 0.008298429319371728
1 0.29133520074696545 0.7429973821989528 0.005322128851540616 0.011609947643979057
1 0.3589169000933707 0.8429188481675393 0.002661064425770308 0.012434554973821989
1 0.37059757236227825 0.7993848167539267 0.0035480859010270775 0.014921465968586388
1 0.36941643323996265 0.8383638743455497 0.0029598506069094302 0.009947643979057591
1 0.37696078431372554 0.8379450261780106 0.006802054154995332 0.01575916230366492
1 0.3957376283846872 0.7276570680628272 0.005915032679738562 0.02239528795811518
1 0.3754808590102708 0.6998821989528796 0.003253968253968254 0.014921465968586388
1 0.361577964519141 0.6293979057591623 0.003253968253968254 0.009947643979057591
1 0.39544351073762835 0.5543455497382199 0.0029598506069094302 0.012434554973821989
1 0.36453781512605044 0.7065052356020942 0.01035014005602241 0.024882198952879582
1 0.36498132586367876 0.7347120418848169 0.0029598506069094302 0.008298429319371728
1 0.36438842203548083 0.6567539267015706 0.004733893557422969 0.013272251308900524
1 0.3741503267973856 0.6256544502617801 0.0035480859010270775 0.010785340314136126
1 0.37710550887021477 0.6053403141361257 0.0029598506069094302 0.009947643979057591
1 0.38997198879551825 0.604934554973822 0.003253968253968254 0.012434554973821989
1 0.3926330532212885 0.6439005235602094 0.0038468720821662 0.017408376963350788
1 0.4075723622782446 0.6368586387434555 0.0035480859010270775 0.009947643979057591
1 0.37104108309990663 0.9080104712041885 0.007394957983193277 0.016583769633507852
1 0.3722268907563025 0.9490706806282723 0.004435107376283847 0.012434554973821989
1 0.3847945845004669 0.9623298429319372 0.010648926237161531 0.012434554973821989
1 0.3776984126984127 0.985130890052356 0.0035480859010270775 0.013272251308900524
1 0.37104108309990663 0.9930104712041884 0.003253968253968254 0.007460732984293194
1 0.3896778711484594 0.9797513089005235 0.014491129785247431 0.02239528795811518
1 0.42857142857142855 0.9805759162303664 0.0035480859010270775 0.010785340314136126
1 0.40890289449112976 0.9225261780104711 0.009169000933706817 0.012434554973821989
1 0.4670214752567694 0.8657198952879581 0.010648926237161531 0.029856020942408374
1 0.44529411764705884 0.8319764397905759 0.0037394957983193275 0.012447643979057591
1 0.4530112044817927 0.8683507853403141 0.0028057889822595706 0.010484293193717277
1 0.4264799253034547 0.7130366492146597 0.0030392156862745095 0.011793193717277486
1 0.4430765639589169 0.9378141361256545 0.0030392156862745095 0.011793193717277486
1 0.4859663865546219 0.7975785340314137 0.0037394957983193275 0.014424083769633507
1 0.44120448179271704 0.765458115183246 0.0030392156862745095 0.009175392670157068
1 0.436531279178338 0.7159816753926701 0.0025723622782446312 0.011138743455497382
1 0.4665686274509804 0.7677486910994764 0.003272642390289449 0.009829842931937173
1 0.4644631185807656 0.7965837696335079 0.003272642390289449 0.008520942408376963
1 0.48807189542483664 0.747761780104712 0.003272642390289449 0.007866492146596859
1 0.40111577964519146 0.7258115183246073 0.003272642390289449 0.009829842931937173
1 0.42028478057889823 0.9469895287958116 0.0028057889822595706 0.011793193717277486
1 0.45441176470588235 0.7349869109947643 0.0028057889822595706 0.008520942408376963
1 0.48491596638655465 0.7231937172774869 0.003972922502334267 0.011138743455497382
1 0.5129645191409897 0.7851178010471205 0.003506069094304388 0.006557591623036649
1 0.4338422035480859 0.8208376963350785 0.0037394957983193275 0.011138743455497382
1 0.5110971055088702 0.8824476439790576 0.0030392156862745095 0.011138743455497382
1 0.48888888888888893 0.9489659685863874 0.0030392156862745095 0.007866492146596859
1 0.48807189542483664 0.9361780104712042 0.002338935574229692 0.009829842931937173
1 0.48222689075630254 0.9361780104712042 0.003272642390289449 0.008520942408376963
1 0.5029131652661064 0.9053795811518325 0.004439775910364145 0.011138743455497382
1 0.5027964519140989 0.9299607329842932 0.0046732026143790845 0.013102094240837697
1 0.5050186741363212 0.9905759162303664 0.006778711484593837 0.009829842931937173
1 0.44868347338935577 0.7720157068062828 0.0030392156862745095 0.006557591623036649
1 0.5073576097105509 0.7123821989528796 0.006311858076563958 0.014424083769633507
1 0.3117226890756303 0.589803664921466 0.013132586367880485 0.02332460732984293
1 0.3471848739495798 0.4032198952879581 0.013132586367880485 0.03804973821989529
1 0.35572362278244635 0.32098167539267014 0.00569094304388422 0.02086387434554974
1 0.3651353874883287 0.35781413612565444 0.00788048552754435 0.018416230366492148
1 0.371265172735761 0.3400130890052356 0.006129785247432307 0.03928010471204189
1 0.3881185807656396 0.3467670157068063 0.00569094304388422 0.018416230366492148
1 0.34127450980392154 0.3645549738219895 0.006568627450980392 0.014725130890052356
1 0.40760037348272643 0.31668848167539265 0.012259570494864614 0.02455497382198953
1 0.37013071895424837 0.46032722513089 0.008982259570494864 0.02705497382198953
1 0.41820261437908496 0.5927879581151833 0.007320261437908497 0.017722513089005236
1 0.4300140056022409 0.5927879581151833 0.0123109243697479 0.019594240837696335
1 0.43317460317460316 0.42115183246073296 0.0033286647992530347 0.015850785340314134
1 0.44282446311858076 0.46265706806282725 0.0033286647992530347 0.01306282722513089
1 0.44831465919701213 0.5480104712041884 0.004323062558356676 0.010261780104712041
1 0.4250233426704015 0.531217277486911 0.00565359477124183 0.015850785340314134
1 0.40971988795518205 0.44400523560209426 0.009649859943977592 0.016793193717277485
1 0.41903828197945847 0.46265706806282725 0.010312791783380019 0.024253926701570682
1 0.4303501400560224 0.7700130890052356 0.0036601307189542483 0.010261780104712041
1 0.4301820728291317 0.7588219895287959 0.0033286647992530347 0.010261780104712041
1 0.42768440709617184 0.7387565445026177 0.004990662931839402 0.014921465968586388
1 0.3814425770308123 0.6352225130890052 0.0036601307189542483 0.009332460732984294
1 0.3769514472455649 0.6655366492146597 0.003991596638655463 0.012120418848167539
1 0.45396825396825397 0.6529450261780105 0.004323062558356676 0.009332460732984294
1 0.3791129785247432 0.48130890052356023 0.004323062558356676 0.011191099476439792
1 0.38227357609710555 0.4206806282722513 0.003991596638655463 0.009332460732984294
1 0.37828197945845005 0.4426047120418848 0.0033286647992530347 0.008390052356020942
1 0.34068627450980393 0.2854319371727749 0.007983193277310925 0.03358638743455497
1 0.3401867413632119 0.32600785340314137 0.004990662931839402 0.013992146596858638
1 0.3383566760037348 0.34513089005235603 0.0033286647992530347 0.009332460732984294
1 0.3032586367880486 0.13945026178010472 0.004990662931839402 0.015850785340314134
1 0.296437908496732 0.15484293193717277 0.003991596638655463 0.009332460732984294
1 0.3215546218487395 0.17489528795811518 0.007651727357609711 0.015850785340314134
1 0.3596498599439776 0.17023560209424085 0.003991596638655463 0.013992146596858638
1 0.35049953314659194 0.20568062827225128 0.0023295985060690946 0.010261780104712041
1 0.36680205415499534 0.26583769633507853 0.012973856209150326 0.024253926701570682
1 0.3769514472455649 0.31108638743455497 0.005322128851540616 0.013992146596858638
1 0.3909243697478992 0.26583769633507853 0.011979458450046686 0.026112565445026176
1 0.3503361344537815 0.25278795811518323 0.003991596638655463 0.016793193717277485
1 0.3892577030812325 0.3857068062827225 0.004659197012138189 0.012120418848167539
1 0.4177077497665733 0.3829057591623037 0.012973856209150326 0.02705497382198953
1 0.4040662931839402 0.39736910994764396 0.004990662931839402 0.014921465968586388
1 0.4088888888888889 0.3525916230366492 0.003991596638655463 0.009332460732984294
1 0.32205415499533147 0.045706806282722515 0.005322128851540616 0.014921465968586388
1 0.31473389355742293 0.08255235602094241 0.005322128851540616 0.017722513089005236
1 0.29760037348272644 0.08721204188481675 0.0036601307189542483 0.013992146596858638
1 0.3408496732026144 0.01819371727748691 0.0036601307189542483 0.012120418848167539
1 0.34567693744164335 0.022382198952879583 0.003991596638655463 0.011191099476439792
1 0.30591970121381884 0.07928010471204189 0.0036601307189542483 0.014921465968586388
1 0.3032586367880486 0.030785340314136125 0.004323062558356676 0.01306282722513089
1 0.33785714285714286 0.09887434554973823 0.006321195144724556 0.020523560209424082
1 0.32188608776844074 0.07462041884816753 0.00565359477124183 0.014921465968586388
1 0.2907796451914099 0.08861256544502619 0.003991596638655463 0.016793193717277485
1 0.3320354808590103 0.10400523560209424 0.005322128851540616 0.019594240837696335
1 0.3330345471521942 0.12452879581151832 0.004659197012138189 0.015850785340314134
1 0.3290429505135387 0.14924083769633506 0.0033286647992530347 0.011191099476439792
1 0.32455182072829136 0.15997382198952878 0.0036601307189542483 0.015850785340314134
1 0.3182259570494865 0.14225130890052357 0.002992530345471522 0.012120418848167539
1 0.31157329598506067 0.1581020942408377 0.0036601307189542483 0.012120418848167539
1 0.3120728291316527 0.14924083769633506 0.0033286647992530347 0.009332460732984294
1 0.3559897292250233 0.13804973821989527 0.0033286647992530347 0.011191099476439792
1 0.37212418300653594 0.050837696335078536 0.0036601307189542483 0.015850785340314134
1 0.40456582633053223 0.258848167539267 0.007320261437908497 0.021452879581151833
1 0.4130485527544351 0.2695680628272251 0.004323062558356676 0.01306282722513089
1 0.3084126984126984 0.10913612565445026 0.00665266106442577 0.020523560209424082
1 0.3503361344537815 0.10866492146596858 0.00665266106442577 0.03451570680628272
1 0.3496685340802988 0.051308900523560214 0.004659197012138189 0.018651832460732983
1 0.32837535014005603 0.03031413612565445 0.005322128851540616 0.012120418848167539
1 0.24669934640522873 0.012120418848167539 0.004323062558356676 0.01306282722513089
1 0.28944911297852477 0.014921465968586388 0.004659197012138189 0.014921465968586388
1 0.3100793650793651 0.019594240837696335 0.004659197012138189 0.01306282722513089
1 0.3683006535947712 0.10587696335078534 0.003991596638655463 0.012120418848167539
1 0.3488375350140056 0.16090314136125655 0.002992530345471522 0.010261780104712041
1 0.3688001867413632 0.21034031413612564 0.002992530345471522 0.010261780104712041
1 0.3864332399626517 0.16230366492146597 0.0036601307189542483 0.01306282722513089
1 0.37462184873949583 0.11985602094240837 0.004659197012138189 0.012120418848167539
1 0.37528478057889825 0.13339005235602094 0.003991596638655463 0.011191099476439792
1 0.3681325863678805 0.128717277486911 0.004323062558356676 0.011191099476439792
1 0.3488375350140056 0.07882198952879581 0.004323062558356676 0.010261780104712041
1 0.390093370681606 0.04617801047120419 0.010312791783380019 0.02705497382198953
1 0.36064892623716155 0.2345942408376963 0.003991596638655463 0.010261780104712041
1 0.41587768440709616 0.19075916230366494 0.007983193277310925 0.02705497382198953
1 0.3227217553688142 0.3339397905759162 0.003991596638655463 0.009332460732984294
1 0.4038982259570495 0.0900130890052356 0.007320261437908497 0.028913612565445026
1 0.41288048552754436 0.10540575916230367 0.009981325863678805 0.020523560209424082
1 0.4053968253968254 0.11099476439790576 0.004323062558356676 0.009332460732984294
1 0.3942483660130719 0.16836387434554972 0.003991596638655463 0.012120418848167539
1 0.4300140056022409 0.05456806282722513 0.00565359477124183 0.019594240837696335
0 0.43999533146591974 0.1856282722513089 0.011643323996265173 0.05596858638743455
1 0.45812791783380014 0.40715968586387435 0.005322128851540616 0.008390052356020942
1 0.4587955182072829 0.42768324607329844 0.005322128851540616 0.012120418848167539
1 0.4617880485527544 0.24625654450261777 0.003991596638655463 0.01306282722513089
1 0.43999533146591974 0.07369109947643979 0.0036601307189542483 0.014921465968586388
1 0.4398319327731092 0.09794502617801047 0.005322128851540616 0.01306282722513089
1 0.41936974789915965 0.16650523560209424 0.004323062558356676 0.015850785340314134
1 0.3759523809523809 0.21780104712041887 0.009313725490196078 0.038246073298429314
1 0.38244164332399627 0.21547120418848167 0.002992530345471522 0.011191099476439792
1 0.3860971055088702 0.2276047120418848 0.004323062558356676 0.011191099476439792
1 0.4303501400560224 0.30968586387434555 0.009649859943977592 0.026112565445026176
1 0.4712698412698413 0.21221204188481674 0.004990662931839402 0.010261780104712041
1 0.42635387488328663 0.19028795811518323 0.004323062558356676 0.009332460732984294
1 0.4301820728291317 0.20941099476439792 0.003991596638655463 0.012120418848167539
1 0.445985060690943 0.2280628272251309 0.004323062558356676 0.010261780104712041
1 0.37545284780578897 0.07089005235602094 0.0036601307189542483 0.01306282722513089
1 0.37013071895424837 0.08068062827225131 0.0036601307189542483 0.012120418848167539
1 0.36314192343604107 0.08721204188481675 0.0036601307189542483 0.012120418848167539
1 0.3769514472455649 0.04710732984293194 0.004659197012138189 0.010261780104712041
1 0.3534967320261438 0.014463350785340315 0.004323062558356676 0.010261780104712041
1 0.4506442577030812 0.19727748691099475 0.004990662931839402 0.017722513089005236
1 0.4058963585434173 0.3731151832460733 0.003991596638655463 0.016793193717277485
1 0.37645191409897294 0.37917539267015704 0.0036601307189542483 0.010261780104712041
1 0.4341736694677871 0.2868324607329843 0.005322128851540616 0.013992146596858638
1 0.43750233426704016 0.3017539267015707 0.004659197012138189 0.017722513089005236
1 0.42985060690943044 0.48085078534031417 0.004659197012138189 0.010261780104712041
1 0.42436041083099907 0.488782722513089 0.004990662931839402 0.011191099476439792
1 0.41704014939309053 0.4990314136125654 0.004990662931839402 0.01306282722513089
1 0.4218627450980392 0.5186256544502618 0.003991596638655463 0.009332460732984294
1 0.4684407096171802 0.4780497382198953 0.004659197012138189 0.010261780104712041
1 0.4711064425770308 0.4990314136125654 0.005322128851540616 0.01306282722513089
1 0.504873949579832 0.5032329842931937 0.004323062558356676 0.010261780104712041
1 0.4587955182072829 0.3334685863874346 0.004659197012138189 0.015850785340314134
1 0.489733893557423 0.30968586387434555 0.005989729225023343 0.03171465968586387
1 0.47809056956115775 0.37591623036649213 0.005322128851540616 0.011191099476439792
1 0.48125116713352006 0.39876963350785344 0.00565359477124183 0.019594240837696335
1 0.5003828197945844 0.39876963350785344 0.004659197012138189 0.013992146596858638
1 0.5155182072829132 0.4710602094240838 0.009649859943977592 0.03171465968586387
1 0.5256676003734827 0.3931675392670157 0.003991596638655463 0.012120418848167539
1 0.5093650793650794 0.28776178010471204 0.003991596638655463 0.017722513089005236
1 0.4687768440709617 0.2714397905759162 0.003991596638655463 0.01306282722513089
1 0.47276844070961715 0.2868324607329843 0.004659197012138189 0.012120418848167539
1 0.45979458450046684 0.5885863874345549 0.00665266106442577 0.020523560209424082
1 0.4938935574229692 0.536348167539267 0.004990662931839402 0.01306282722513089
1 0.514187675070028 0.5615314136125654 0.00565359477124183 0.016793193717277485
1 0.44548552754435106 0.36984293193717277 0.00665266106442577 0.015850785340314134
1 0.49223155929038276 0.5881151832460733 0.006988795518207283 0.02705497382198953
1 0.4927310924369748 0.2075392670157068 0.007983193277310925 0.038246073298429314
1 0.49106442577030807 0.2345942408376963 0.003991596638655463 0.013992146596858638
1 0.45796451914098973 0.3120157068062827 0.004323062558356676 0.013992146596858638
1 0.5757376283846872 0.20568062827225128 0.010312791783380019 0.036374345549738216
1 0.5481232492997199 0.20801047120418847 0.004323062558356676 0.011191099476439792
1 0.5501213818860877 0.3143455497382199 0.0036601307189542483 0.016793193717277485
1 0.5323202614379086 0.4048298429319372 0.0033286647992530347 0.01306282722513089
1 0.43866479925303453 0.38803664921465963 0.0036601307189542483 0.01306282722513089
1 0.5379785247432306 0.3414005235602094 0.005989729225023343 0.01306282722513089
1 0.554780578898226 0.38616492146596854 0.004323062558356676 0.01306282722513089
1 0.5441316526610644 0.4547251308900524 0.004990662931839402 0.017722513089005236
1 0.504873949579832 0.31294502617801045 0.004990662931839402 0.012120418848167539
1 0.4995518207282913 0.17069371727748692 0.004323062558356676 0.01306282722513089
1 0.5356489262371615 0.16602094240837698 0.0033286647992530347 0.014908376963350786
1 0.5845564892623716 0.5130104712041885 0.005322128851540616 0.016793193717277485
1 0.47676003734827266 0.7774738219895289 0.004659197012138189 0.013992146596858638
1 0.47576097105508874 0.6729973821989528 0.003991596638655463 0.010261780104712041
1 0.4955555555555556 0.6692670157068062 0.004323062558356676 0.013992146596858638
1 0.5030438842203548 0.6893193717277487 0.004659197012138189 0.011191099476439792
1 0.4829131652661065 0.8367015706806283 0.012973856209150326 0.03358638743455497
1 0.4834126984126984 0.7639528795811518 0.004659197012138189 0.011191099476439792
1 0.4842436974789916 0.6384947643979058 0.004990662931839402 0.013992146596858638
1 0.5235060690943043 0.7294371727748691 0.006321195144724556 0.011191099476439792
1 0.519014939309057 0.7490183246073299 0.003991596638655463 0.01306282722513089
1 0.5730765639589169 0.5167670157068063 0.004323062558356676 0.011191099476439792
1 0.524500466853408 0.6007068062827225 0.006988795518207283 0.016793193717277485
1 0.5319887955182073 0.6151701570680629 0.00665266106442577 0.017722513089005236
1 0.540140056022409 0.6739397905759162 0.004990662931839402 0.012120418848167539
1 0.5361484593837536 0.7047120418848167 0.004323062558356676 0.013992146596858638
1 0.5484593837535013 0.6543455497382199 0.007651727357609711 0.038246073298429314
1 0.5502847805788983 0.6837303664921466 0.003991596638655463 0.009332460732984294
1 0.5454621848739496 0.6846596858638744 0.0036601307189542483 0.011191099476439792
1 0.5225070028011205 0.6991230366492146 0.0036601307189542483 0.008390052356020942
1 0.5677544351073763 0.7798036649214659 0.0036601307189542483 0.01306282722513089
1 0.5389729225023343 0.6342931937172775 0.005322128851540616 0.022382198952879583
1 0.49772175536881413 0.8203795811518324 0.003991596638655463 0.015850785340314134
1 0.503874883286648 0.7266361256544502 0.004990662931839402 0.011191099476439792
1 0.49639122315592904 0.7322382198952879 0.0033286647992530347 0.01306282722513089
1 0.49988328664799253 0.7420287958115183 0.0036601307189542483 0.012120418848167539
1 0.57640522875817 0.8810078534031414 0.004990662931839402 0.012120418848167539
1 0.5309897292250234 0.8702879581151832 0.003991596638655463 0.011191099476439792
1 0.5594351073762838 0.9864397905759162 0.006988795518207283 0.02710732984293194
1 0.5923716153127917 0.7112434554973822 0.007651727357609711 0.03451570680628272
1 0.5486227824463119 0.8119895287958115 0.00665266106442577 0.019594240837696335
1 0.5562745098039216 0.8194502617801046 0.003991596638655463 0.012120418848167539
1 0.5511204481792717 0.8315706806282723 0.004990662931839402 0.012120418848167539
1 0.5617647058823529 0.852565445026178 0.002992530345471522 0.011191099476439792
1 0.605014005602241 0.923913612565445 0.017633053221288518 0.028913612565445026
1 0.6148319327731092 0.9780235602094242 0.009313725490196078 0.036374345549738216
1 0.5955322128851541 0.9486387434554974 0.004659197012138189 0.01306282722513089
1 0.5966993464052288 0.9813089005235602 0.010312791783380019 0.03736910994764398
1 0.42386087768440706 0.6916623036649214 0.0033286647992530347 0.010261780104712041
1 0.6011904761904762 0.7760732984293193 0.004659197012138189 0.014921465968586388
1 0.5933706816059757 0.7718717277486912 0.004990662931839402 0.017722513089005236
1 0.5991923436041083 0.8255104712041885 0.003991596638655463 0.011191099476439792
1 0.6141643323996265 0.7023821989528796 0.007983193277310925 0.020523560209424082
1 0.5986928104575164 0.6389528795811519 0.004990662931839402 0.014921465968586388
1 0.5970308123249299 0.5895157068062827 0.009649859943977592 0.03544502617801047
1 0.6055135387488328 0.6226308900523561 0.004659197012138189 0.015850785340314134
1 0.6419467787114845 0.5979188481675393 0.008982259570494864 0.041047120418848164
1 0.540140056022409 0.8357722513089005 0.00565359477124183 0.018651832460732983
1 0.5634267040149392 0.6431544502617801 0.0036601307189542483 0.013992146596858638
1 0.5344817927170867 0.5979188481675393 0.00565359477124183 0.011191099476439792
1 0.54296918767507 0.6002486910994764 0.003991596638655463 0.013992146596858638
1 0.5759056956115779 0.6254319371727749 0.005322128851540616 0.015850785340314134
1 0.5654248366013073 0.6132984293193717 0.004323062558356676 0.012120418848167539
1 0.5682539682539682 0.6585471204188481 0.003991596638655463 0.011191099476439792
1 0.5735760971055088 0.5913874345549738 0.005322128851540616 0.014921465968586388
1 0.613001867413632 0.7965968586387435 0.0036601307189542483 0.01306282722513089
1 0.6183239962651728 0.7881937172774869 0.0036601307189542483 0.014921465968586388
1 0.6025210084033613 0.7298952879581152 0.0033286647992530347 0.010261780104712041
1 0.634626517273576 0.6328926701570681 0.002992530345471522 0.013992146596858638
1 0.6397852474323062 0.6655366492146597 0.005989729225023343 0.013992146596858638
1 0.6364565826330532 0.7588219895287959 0.003991596638655463 0.013992146596858638
1 0.6140009337068161 0.7513612565445026 0.004990662931839402 0.013992146596858638
1 0.5645938375350139 0.6814005235602094 0.0033286647992530347 0.012120418848167539
1 0.5712464985994398 0.7476178010471204 0.01131185807656396 0.040104712041884816
1 0.5205088702147526 0.9262565445026177 0.0036601307189542483 0.011191099476439792
1 0.5472922502334266 0.9383769633507852 0.0033286647992530347 0.011191099476439792
1 0.40422969187675073 0.5568717277486911 0.009313725490196078 0.03171465968586387
1 0.4904014939309057 0.5200261780104712 0.003991596638655463 0.012120418848167539
1 0.5166853408029879 0.2117408376963351 0.0033286647992530347 0.009332460732984294
1 0.5143557422969187 0.22200261780104713 0.0033286647992530347 0.009332460732984294
1 0.49289449112978523 0.26397905759162305 0.008982259570494864 0.024253926701570682
1 0.5233380018674136 0.3157460732984293 0.0033286647992530347 0.010261780104712041
1 0.5201774042950513 0.3656544502617801 0.002992530345471522 0.007460732984293194
1 0.5145238095238095 0.42115183246073296 0.0036601307189542483 0.013992146596858638
1 0.5096965452847806 0.23086387434554972 0.003991596638655463 0.015850785340314134
1 0.5052054154995332 0.23412303664921466 0.0036601307189542483 0.009332460732984294
1 0.5363118580765639 0.2611780104712042 0.0033286647992530347 0.009332460732984294
1 0.5381419234360411 0.2700392670157068 0.0036601307189542483 0.012120418848167539
1 0.4130485527544351 0.05643979057591623 0.004323062558356676 0.010261780104712041
1 0.4607889822595705 0.1585732984293194 0.005989729225023343 0.018651832460732983
1 0.48807189542483664 0.148782722513089 0.003991596638655463 0.013992146596858638
1 0.5140242763772175 0.12498691099476439 0.003991596638655463 0.014921465968586388
1 0.5003828197945844 0.07742146596858639 0.003991596638655463 0.01306282722513089
1 0.4711064425770308 0.10960732984293194 0.0033286647992530347 0.012120418848167539
1 0.47692810457516344 0.14784031413612567 0.0036601307189542483 0.012120418848167539
1 0.46910830999066294 0.15764397905759162 0.003991596638655463 0.011191099476439792
1 0.4692763772175537 0.14645287958115183 0.004323062558356676 0.011191099476439792
1 0.4960550887021475 0.09980366492146597 0.004659197012138189 0.01306282722513089
1 0.4574649859943978 0.023782722513089008 0.003991596638655463 0.012120418848167539
1 0.43567226890756305 0.1417801047120419 0.002992530345471522 0.009332460732984294
1 0.48507936507936505 0.06202879581151832 0.004659197012138189 0.012120418848167539
1 0.4842436974789916 0.0974738219895288 0.004323062558356676 0.012120418848167539
1 0.5032119514472456 0.13291884816753927 0.002992530345471522 0.015850785340314134
1 0.46511671335200744 0.06295811518324608 0.002661064425770308 0.008390052356020942
1 0.49772175536881413 0.03544502617801047 0.0033286647992530347 0.011191099476439792
1 0.5171848739495798 0.0844109947643979 0.004323062558356676 0.012120418848167539
1 0.5243370681605977 0.14410994764397905 0.0033286647992530347 0.010261780104712041
1 0.5301587301587302 0.07462041884816753 0.002992530345471522 0.01306282722513089
1 0.5354808590102708 0.0662303664921466 0.004323062558356676 0.009332460732984294
1 0.5409710550887021 0.08628272251308901 0.0019981325863678806 0.013992146596858638
1 0.3984080298786181 0.03171465968586387 0.002992530345471522 0.009332460732984294
1 0.4607889822595705 0.01725130890052356 0.011979458450046686 0.02705497382198953
1 0.46993930905695613 0.3171465968586388 0.004323062558356676 0.01306282722513089
1 0.5724136321195145 0.38616492146596854 0.002992530345471522 0.01306282722513089
1 0.5684173669467787 0.35772251308900527 0.004323062558356676 0.012120418848167539
1 0.5699159663865546 0.23785340314136125 0.004659197012138189 0.011191099476439792
1 0.5383099906629318 0.39596858638743454 0.003991596638655463 0.010261780104712041
1 0.5778991596638655 0.3609816753926702 0.0033286647992530347 0.009332460732984294
1 0.5842203548085901 0.39596858638743454 0.003991596638655463 0.012120418848167539
1 0.5855508870214753 0.34746073298429314 0.009981325863678805 0.038246073298429314
1 0.5938702147525676 0.34886125654450256 0.003991596638655463 0.009332460732984294
1 0.6000233426704015 0.20988219895287957 0.004323062558356676 0.014921465968586388
1 0.593702147525677 0.22666230366492146 0.0036601307189542483 0.014921465968586388
1 0.5825583566760036 0.30455497382198954 0.003991596638655463 0.012120418848167539
1 0.57640522875817 0.29429319371727747 0.0036601307189542483 0.012120418848167539
1 0.5519514472455649 0.2812303664921466 0.003991596638655463 0.012120418848167539
1 0.548954248366013 0.28916230366492146 0.003991596638655463 0.009332460732984294
1 0.5795658263305322 0.2849607329842932 0.005322128851540616 0.012120418848167539
1 0.6194864612511671 0.3414005235602094 0.005322128851540616 0.014921465968586388
1 0.5933706816059757 0.5069633507853403 0.004323062558356676 0.012120418848167539
1 0.6436087768440709 0.5522120418848168 0.004990662931839402 0.011191099476439792
1 0.6326283846872082 0.34839005235602094 0.004323062558356676 0.013992146596858638
1 0.6517600373482726 0.37591623036649213 0.005322128851540616 0.016793193717277485
1 0.6480999066293184 0.41136125654450256 0.004659197012138189 0.011191099476439792
1 0.6505975723622782 0.43001308900523555 0.0036601307189542483 0.014921465968586388
1 0.6083426704014939 0.32087696335078536 0.004990662931839402 0.014921465968586388
1 0.552782446311858 0.47945026178010475 0.0123109243697479 0.026112565445026176
1 0.5181792717086835 0.6753272251308902 0.004323062558356676 0.011191099476439792
1 0.5752380952380953 0.5494109947643979 0.003991596638655463 0.01306282722513089
1 0.5785667600373483 0.5480104712041884 0.004659197012138189 0.008390052356020942
1 0.6760457516339868 0.2686387434554974 0.004659197012138189 0.014921465968586388
1 0.703328664799253 0.2705104712041885 0.01330999066293184 0.026112565445026176
1 0.6391176470588236 0.28776178010471204 0.004659197012138189 0.015850785340314134
1 0.6283053221288515 0.28916230366492146 0.004323062558356676 0.014921465968586388
1 0.6030205415499533 0.34465968586387435 0.002992530345471522 0.010261780104712041
1 0.5985294117647059 0.2905628272251309 0.004659197012138189 0.012120418848167539
1 0.5986928104575164 0.31341623036649213 0.007651727357609711 0.016793193717277485
1 0.6758823529411765 0.44120418848167536 0.0123109243697479 0.022382198952879583
1 0.6645704948646125 0.3801047120418848 0.010980392156862745 0.030785340314136125
1 0.6773762838468721 0.32413612565445027 0.003991596638655463 0.012120418848167539
1 0.687857142857143 0.26350785340314137 0.004323062558356676 0.013992146596858638
1 0.7119794584500466 0.37917539267015704 0.004659197012138189 0.012120418848167539
1 0.6166619981325864 0.42115183246073296 0.006988795518207283 0.015850785340314134
1 0.5940382819794585 0.46032722513089 0.004323062558356676 0.012120418848167539
1 0.632296918767507 0.4141492146596859 0.006988795518207283 0.014921465968586388
1 0.6772128851540616 0.5200261780104712 0.00565359477124183 0.012120418848167539
1 0.6683940242763773 0.5559424083769634 0.005322128851540616 0.016793193717277485
1 0.7116479925303454 0.48178010471204186 0.003991596638655463 0.012120418848167539
1 0.714140989729225 0.5134947643979058 0.0036601307189542483 0.012120418848167539
1 0.68968720821662 0.5470811518324608 0.005989729225023343 0.015850785340314134
1 0.7003361344537815 0.5606020942408377 0.009313725490196078 0.020523560209424082
1 0.7111484593837535 0.5769240837696334 0.0036601307189542483 0.012120418848167539
1 0.7013352007469654 0.6114397905759162 0.0033286647992530347 0.013992146596858638
1 0.5516199813258637 0.5349476439790576 0.005989729225023343 0.013992146596858638
1 0.5566059757236228 0.45099476439790576 0.003991596638655463 0.013992146596858638
1 0.653921568627451 0.2560471204188482 0.004323062558356676 0.012120418848167539
1 0.5609337068160597 0.2970942408376963 0.007983193277310925 0.013992146596858638
1 0.5635947712418301 0.31947643979057594 0.005322128851540616 0.015850785340314134
1 0.5314892623716153 0.34325916230366493 0.00565359477124183 0.029842931937172777
1 0.5065359477124183 0.3539921465968586 0.004323062558356676 0.012120418848167539
1 0.6505975723622782 0.48971204188481676 0.00565359477124183 0.01306282722513089
1 0.6183239962651728 0.5568717277486911 0.006321195144724556 0.018651832460732983
1 0.6881932773109243 0.41089005235602094 0.002992530345471522 0.010261780104712041
1 0.6659010270774977 0.43887434554973825 0.0036601307189542483 0.008390052356020942
1 0.6619094304388422 0.3176178010471204 0.006988795518207283 0.021452879581151833
1 0.6752147525676937 0.6762696335078533 0.008319327731092438 0.03171465968586387
1 0.6918487394957984 0.3530628272251309 0.0036601307189542483 0.012120418848167539
1 0.7173015873015873 0.29429319371727747 0.003991596638655463 0.012120418848167539
1 0.7364332399626518 0.2546465968586388 0.004323062558356676 0.018651832460732983
1 0.3899253034547152 0.1105366492146597 0.008650793650793652 0.02332460732984293
1 0.4127170868347339 0.07742146596858639 0.004323062558356676 0.009332460732984294
1 0.4711064425770308 0.02332460732984293 0.0033286647992530347 0.011191099476439792
1 0.5050373482726424 0.005602094240837696 0.0033286647992530347 0.009332460732984294
1 0.5808963585434174 0.128717277486911 0.005989729225023343 0.03731675392670157
1 0.5882166199813259 0.1044764397905759 0.003991596638655463 0.01306282722513089
1 0.47554154995331466 0.03718586387434555 0.005466853408029879 0.009960732984293194
1 0.4499719887955182 0.27715968586387435 0.00246031746031746 0.01150523560209424
1 0.5605835667600373 0.134934554973822 0.005466853408029879 0.0168717277486911
1 0.5108169934640523 0.03181937172774869 0.006017740429505136 0.014568062827225132
1 0.5430812324929972 0.03871727748691099 0.0038281979458450045 0.009960732984293194
1 0.5224369747899159 0.03335078534031414 0.0035527544351073763 0.01150523560209424
1 0.5341970121381886 0.0287565445026178 0.0030065359477124184 0.008429319371727749
1 0.5492343604108311 0.008821989528795812 0.0035527544351073763 0.009960732984293194
1 0.5433566760037348 0.02299738219895288 0.004374416433239962 0.010732984293193717
1 0.5270868347338935 0.026452879581151834 0.00246031746031746 0.0068979057591623035
1 0.5224369747899159 0.01955497382198953 0.00246031746031746 0.008429319371727749
1 0.5277684407096171 0.01418848167539267 0.003281979458450047 0.009960732984293194
1 0.4754014939309057 0.09544502617801047 0.004103641456582633 0.016099476439790577
1 0.4661064425770308 0.09200261780104713 0.0030065359477124184 0.010732984293193717
1 0.4699346405228758 0.06324607329842932 0.0030065359477124184 0.008429319371727749
1 0.5972268907563025 0.09391361256544503 0.002735760971055089 0.013036649214659687
1 0.6096685340802989 0.095065445026178 0.0046498599439775915 0.009201570680628273
1 0.5929878618113913 0.1613874345549738 0.00738562091503268 0.03450261780104712
1 0.5925770308123249 0.036806282722513094 0.003281979458450047 0.012264397905759162
1 0.5715219421101774 0.05903141361256545 0.003281979458450047 0.009201570680628273
1 0.6203361344537816 0.1682853403141361 0.004103641456582633 0.017630890052356022
1 0.634281045751634 0.16943717277486908 0.0035527544351073763 0.012264397905759162
1 0.6129505135387489 0.2242539267015707 0.00246031746031746 0.008429319371727749
1 0.6197852474323062 0.2399738219895288 0.004103641456582633 0.010732984293193717
1 0.6284033613445378 0.25031413612565445 0.003281979458450047 0.008429319371727749
1 0.6564285714285714 0.21083769633507854 0.009024276377217554 0.03833769633507853
1 0.6256676003734828 0.10772251308900523 0.010938375350140056 0.03143979057591623
1 0.6018767507002801 0.15295811518324606 0.0038281979458450045 0.013036649214659687
1 0.6092577030812325 0.1518062827225131 0.0038281979458450045 0.012264397905759162
1 0.6173249299719887 0.027212041884816754 0.005742296918767507 0.016099476439790577
1 0.61828197945845 0.011884816753926702 0.003281979458450047 0.008429319371727749
1 0.5776750700280112 0.09812827225130889 0.0046498599439775915 0.0076701570680628274
1 0.6387908496732025 0.08089005235602094 0.007110177404295052 0.03909685863874346
1 0.5749393090569561 0.12229057591623038 0.0051960784313725495 0.016099476439790577
1 0.5734360410830999 0.17019633507853404 0.003281979458450047 0.010732984293193717
1 0.6595751633986928 0.08969895287958116 0.003281979458450047 0.010732984293193717
1 0.6489122315592903 0.13954188481675392 0.004374416433239962 0.010732984293193717
1 0.6709243697478992 0.15295811518324606 0.0035527544351073763 0.01150523560209424
1 0.6953968253968253 0.04638743455497382 0.0038281979458450045 0.01150523560209424
1 0.6050186741363213 0.0674738219895288 0.0030065359477124184 0.010732984293193717
1 0.6390662931839403 0.015327225130890054 0.0038281979458450045 0.010732984293193717
1 0.6155508870214752 0.13799738219895288 0.003281979458450047 0.010732984293193717
1 0.5434920634920636 0.09315445026178011 0.0030065359477124184 0.008429319371727749
1 0.5473202614379085 0.05098167539267016 0.0035527544351073763 0.009960732984293194
1 0.5508776844070962 0.021465968586387434 0.0035527544351073763 0.010732984293193717
1 0.5436321195144724 0.01150523560209424 0.003281979458450047 0.009201570680628273
1 0.5504668534080298 0.05672774869109948 0.014220354808590104 0.026073298429319373
1 0.5958590102707749 0.027212041884816754 0.00492063492063492 0.009960732984293194
1 0.5069887955182073 0.19281413612565446 0.0038281979458450045 0.01150523560209424
1 0.6057049486461251 0.3338874345549738 0.004374416433239962 0.013036649214659687
1 0.5949019607843137 0.27217277486910996 0.004103641456582633 0.010732984293193717
1 0.7020961718020542 0.3745287958115183 0.0035527544351073763 0.01150523560209424
1 0.688562091503268 0.3358115183246073 0.003281979458450047 0.009201570680628273
1 0.6861017740429506 0.15832460732984294 0.007656395891690009 0.016099476439790577
1 0.6759803921568628 0.18323298429319373 0.004374416433239962 0.012264397905759162
1 0.6651820728291317 0.1606151832460733 0.0051960784313725495 0.016099476439790577
1 0.6668207282913164 0.22157068062827226 0.004103641456582633 0.010732984293193717
1 0.6554715219421101 0.10695026178010471 0.0038281979458450045 0.01150523560209424
1 0.6454901960784314 0.06479057591623037 0.004103641456582633 0.014568062827225132
1 0.6502754435107376 0.08663612565445025 0.004374416433239962 0.010732984293193717
1 0.6692810457516339 0.12879581151832462 0.004103641456582633 0.013795811518324607
1 0.669421101774043 0.05558900523560209 0.0038281979458450045 0.01150523560209424
1 0.6642250233426704 0.024921465968586385 0.0038281979458450045 0.008429319371727749
1 0.6599859943977592 0.03641361256544503 0.004103641456582633 0.009960732984293194
1 0.6225210084033613 0.13109947643979056 0.0035527544351073763 0.013795811518324607
1 0.6416619981325864 0.05481675392670157 0.0035527544351073763 0.01150523560209424
1 0.7010037348272642 0.11768324607329843 0.00246031746031746 0.009960732984293194
1 0.6970401493930906 0.2250261780104712 0.013127917833800188 0.02836387434554974
1 0.6751633986928105 0.21850785340314136 0.003281979458450047 0.012264397905759162
1 0.6822735760971056 0.21467277486910993 0.0038281979458450045 0.009201570680628273
1 0.7249299719887955 0.09890052356020942 0.0038281979458450045 0.010732984293193717
1 0.7347759103641457 0.19281413612565446 0.006017740429505136 0.013036649214659687
1 0.7262978524743231 0.043311518324607334 0.003281979458450047 0.008429319371727749
1 0.7247945845004669 0.0624869109947644 0.004103641456582633 0.01150523560209424
1 0.7123529411764705 0.22924083769633505 0.003281979458450047 0.0076701570680628274
1 0.7064705882352941 0.22655759162303665 0.0035527544351073763 0.008429319371727749
1 0.7052427637721755 0.3032198952879581 0.004374416433239962 0.009960732984293194
1 0.710438842203548 0.2982329842931937 0.003281979458450047 0.010732984293193717
1 0.7522782446311859 0.1249738219895288 0.0038281979458450045 0.012264397905759162
1 0.7510457516339869 0.05865183246073299 0.0051960784313725495 0.014568062827225132
1 0.7010037348272642 0.14490837696335077 0.0035527544351073763 0.012264397905759162
1 0.6964939309056957 0.14260471204188482 0.003281979458450047 0.012264397905759162
1 0.7695051353874883 0.15678010471204187 0.003281979458450047 0.009960732984293194
1 0.7454388422035481 0.2242539267015707 0.003281979458450047 0.01150523560209424
1 0.7072922502334267 0.12458115183246074 0.0030065359477124184 0.009960732984293194
1 0.7331325863678805 0.30284031413612567 0.0038281979458450045 0.009201570680628273
1 0.7533706816059758 0.24494764397905758 0.004374416433239962 0.01150523560209424
1 0.7448926237161531 0.2694895287958115 0.0038281979458450045 0.014568062827225132
1 0.7711437908496732 0.22463350785340314 0.004374416433239962 0.012264397905759162
1 0.7655415499533147 0.24955497382198952 0.005742296918767507 0.013036649214659687
1 0.7913818860877685 0.16100785340314136 0.0038281979458450045 0.015327225130890054
1 0.7885107376283846 0.2188874345549738 0.004103641456582633 0.01150523560209424
1 0.774014939309057 0.23882198952879582 0.004103641456582633 0.009960732984293194
0 0.7754948646125116 0.28972513089005236 0.010448179271708683 0.044620418848167545
1 0.7582913165266106 0.3005366492146597 0.010392156862745099 0.026073298429319373
1 0.7491316526610645 0.2062303664921466 0.0030065359477124184 0.009201570680628273
1 0.7518674136321195 0.22003926701570684 0.0030065359477124184 0.009201570680628273
1 0.7514565826330531 0.23268324607329843 0.003281979458450047 0.009960732984293194
1 0.7466713352007469 0.07896596858638744 0.013398692810457516 0.0168717277486911
1 0.7126237161531279 0.09544502617801047 0.010392156862745099 0.0406282722513089
1 0.7753828197945845 0.07820680628272252 0.0046498599439775915 0.013795811518324607
1 0.8147619047619048 0.05558900523560209 0.0030065359477124184 0.013036649214659687
1 0.7822222222222223 0.0356544502617801 0.004103641456582633 0.009960732984293194
1 0.7633520074696545 0.05328534031413613 0.0035527544351073763 0.014568062827225132
1 0.7652661064425771 0.026452879581151834 0.0030065359477124184 0.009960732984293194
1 0.7934313725490196 0.0843324607329843 0.004103641456582633 0.012264397905759162
1 0.7562418300653594 0.10158376963350785 0.0046498599439775915 0.01150523560209424
1 0.7610270774976656 0.1180628272251309 0.003281979458450047 0.009201570680628273
1 0.7697759103641456 0.07513089005235601 0.0038281979458450045 0.012264397905759162
1 0.804780578898226 0.11269633507853402 0.010938375350140056 0.027604712041884815
1 0.8194117647058824 0.095065445026178 0.004103641456582633 0.010732984293193717
1 0.8136694677871149 0.12803664921465968 0.010662931839402428 0.024528795811518324
1 0.8118907563025209 0.13684554973821988 0.000546218487394958 0.0023036649214659686
1 0.8292530345471522 0.25530104712041884 0.005742296918767507 0.02299738219895288
1 0.8232399626517274 0.22846858638743456 0.0123062558356676 0.029136125654450264
1 0.8032773109243697 0.32774869109947646 0.010116713352007471 0.025301047120418845
1 0.8213258636788049 0.2974738219895288 0.011213818860877684 0.030667539267015705
1 0.8064192343604107 0.29401832460732985 0.012030812324929972 0.026832460732984294
1 0.8092903828197946 0.3591884816753927 0.0046498599439775915 0.014568062827225132
1 0.6798085901027078 0.2269371727748691 0.004374416433239962 0.009201570680628273
1 0.7477637721755369 0.42014397905759165 0.011213818860877684 0.02299738219895288
1 0.7438001867413633 0.3890837696335078 0.003281979458450047 0.008429319371727749
1 0.7284873949579832 0.3361910994764398 0.003281979458450047 0.0068979057591623035
1 0.745578898225957 0.37145287958115186 0.004103641456582633 0.008429319371727749
1 0.7362791783380018 0.4193717277486911 0.007931839402427638 0.026073298429319373
1 0.7384687208216619 0.48376963350785346 0.004103641456582633 0.013795811518324607
1 0.7463958916900093 0.31395287958115187 0.004103641456582633 0.01150523560209424
1 0.723155929038282 0.3530497382198953 0.0046498599439775915 0.016099476439790577
1 0.7172735760971055 0.3626439790575916 0.00984593837535014 0.030667539267015705
1 0.7217880485527544 0.3373429319371728 0.004103641456582633 0.010732984293193717
1 0.7826283846872083 0.4055759162303665 0.002189542483660131 0.012264397905759162
1 0.7831792717086834 0.3844895287958115 0.007110177404295052 0.019162303664921467
1 0.7949346405228758 0.38794502617801047 0.003281979458450047 0.010732984293193717
1 0.796031746031746 0.4807068062827225 0.004374416433239962 0.0076701570680628274
1 0.8146265172735762 0.40595549738219894 0.004374416433239962 0.014568062827225132
1 0.8146265172735762 0.3906282722513089 0.004374416433239962 0.013036649214659687
1 0.7693697478991597 0.4956544502617801 0.006834733893557423 0.02836387434554974
1 0.7584313725490196 0.5086910994764398 0.0035527544351073763 0.009960732984293194
1 0.7797572362278244 0.4749607329842932 0.0123062558356676 0.020706806282722513
1 0.560718954248366 0.9380366492146597 0.004103641456582633 0.013036649214659687
1 0.6651820728291317 0.7935078534031413 0.004103641456582633 0.010732984293193717
1 0.6664098972922503 0.7620811518324607 0.004374416433239962 0.012264397905759162
1 0.6621708683473388 0.7521073298429319 0.0035527544351073763 0.009201570680628273
1 0.6363305322128852 0.8023298429319372 0.0038281979458450045 0.01150523560209424
1 0.6308636788048553 0.907369109947644 0.0038281979458450045 0.008429319371727749
1 0.7139915966386554 0.6382591623036649 0.0038281979458450045 0.013036649214659687
1 0.7200093370681606 0.6248429319371728 0.0038281979458450045 0.013795811518324607
1 0.6982679738562092 0.6413219895287958 0.0035527544351073763 0.009960732984293194
1 0.6940289449112979 0.6834947643979058 0.007656395891690009 0.023769633507853404
1 0.6579365079365079 0.6888612565445026 0.002735760971055089 0.008429319371727749
1 0.6668207282913164 0.6685471204188481 0.0030065359477124184 0.0076701570680628274
1 0.6811764705882353 0.7195287958115184 0.0038281979458450045 0.009960732984293194
1 0.6785807656395891 0.6087434554973822 0.0030065359477124184 0.006138743455497382
1 0.7480392156862745 0.7049607329842932 0.0123062558356676 0.016099476439790577
1 0.7254761904761905 0.6436256544502618 0.005466853408029879 0.01150523560209424
1 0.7870074696545285 0.7624607329842932 0.002735760971055089 0.009960732984293194
1 0.7921988795518208 0.6213874345549738 0.0038281979458450045 0.013036649214659687
1 0.7901493930905695 0.5558376963350785 0.009570494864612512 0.01993455497382199
1 0.7693697478991597 0.5313089005235603 0.0035527544351073763 0.009201570680628273
1 0.7723762838468721 0.540890052356021 0.006834733893557423 0.01150523560209424
1 0.732450980392157 0.5673429319371728 0.006834733893557423 0.026073298429319373
1 0.7346405228758169 0.6785078534031413 0.0030065359477124184 0.009201570680628273
1 0.7142670401493931 0.6727617801047121 0.006017740429505136 0.013036649214659687
1 0.6985434173669468 0.7394633507853404 0.0046498599439775915 0.01150523560209424
1 0.693482726423903 0.7662958115183247 0.01257703081232493 0.025301047120418845
1 0.6907469654528477 0.7486649214659686 0.0038281979458450045 0.008429319371727749
1 0.7738795518207283 0.6275261780104712 0.0038281979458450045 0.013036649214659687
1 0.7558309990662931 0.7498167539267016 0.002735760971055089 0.013795811518324607
1 0.7518674136321195 0.770130890052356 0.0035527544351073763 0.008429319371727749
1 0.7454388422035481 0.6792801047120419 0.003281979458450047 0.010732984293193717
1 0.7792110177404294 0.7153141361256544 0.0030065359477124184 0.010732984293193717
1 0.7897385620915032 0.713782722513089 0.0038281979458450045 0.010732984293193717
1 0.7945238095238095 0.7793324607329842 0.0030065359477124184 0.009960732984293194
1 0.6896545284780579 0.8678795811518324 0.0038281979458450045 0.009201570680628273
1 0.7290336134453781 0.5458769633507854 0.0038281979458450045 0.010732984293193717
1 0.7504995331465919 0.6497643979057591 0.0035527544351073763 0.014568062827225132
1 0.8524976657329598 0.7114790575916231 0.007931839402427638 0.036806282722513094
1 0.8203688141923436 0.6543586387434555 0.006563958916900094 0.01150523560209424
1 0.8263818860877684 0.8176570680628273 0.007110177404295052 0.013036649214659687
1 0.8325350140056023 0.9690837696335078 0.0035527544351073763 0.012264397905759162
1 0.6881512605042017 0.8096073298429319 0.0030065359477124184 0.009201570680628273
1 0.7396965452847806 0.8613612565445027 0.002735760971055089 0.013036649214659687
1 0.8400560224089636 0.7854581151832462 0.003281979458450047 0.009960732984293194
1 0.8509943977591036 0.7877617801047121 0.003281979458450047 0.01150523560209424
1 0.8471661998132587 0.8977748691099476 0.002735760971055089 0.010732984293193717
1 0.8445658263305322 0.7992670157068062 0.004103641456582633 0.009960732984293194
1 0.8371848739495799 0.8402748691099476 0.00246031746031746 0.009201570680628273
1 0.8098412698412699 0.656282722513089 0.006288515406162465 0.012264397905759162
1 0.7175490196078431 0.7252748691099477 0.013674136321195145 0.04907068062827225
1 0.6550653594771242 0.7536387434554973 0.007931839402427638 0.026073298429319373
1 0.7328618113912231 0.6026047120418848 0.003281979458450047 0.009201570680628273
1 0.7061998132586368 0.9253795811518325 0.0035527544351073763 0.009201570680628273
1 0.7029178338001868 0.9330497382198953 0.004103641456582633 0.015327225130890054
1 0.6873295985060691 0.6221596858638744 0.004103641456582633 0.009960732984293194
1 0.6828197945845004 0.6202486910994764 0.003281979458450047 0.0076701570680628274
1 0.7220588235294118 0.6620287958115183 0.00738562091503268 0.023769633507853404
1 0.6925256769374417 0.653979057591623 0.0051960784313725495 0.015327225130890054
1 0.8062838468720821 0.5911125654450262 0.0035527544351073763 0.010732984293193717
1 0.7902847805788982 0.5811387434554974 0.0038281979458450045 0.010732984293193717
1 0.7571988795518207 0.7145418848167538 0.00492063492063492 0.015327225130890054
1 0.83281045751634 0.7785602094240839 0.0035527544351073763 0.013036649214659687
1 0.7789402427637722 0.6796596858638744 0.006288515406162465 0.019162303664921467
1 0.7517320261437909 0.5688743455497383 0.00492063492063492 0.02299738219895288
1 0.8421055088702147 0.5914921465968586 0.0046498599439775915 0.01150523560209424
1 0.8766993464052288 0.39828534031413615 0.010392156862745099 0.025301047120418845
1 0.8019094304388422 0.7789397905759162 0.0046498599439775915 0.010732984293193717
1 0.7980812324929972 0.7858507853403142 0.004103641456582633 0.010732984293193717
1 0.8045051353874884 0.8011780104712042 0.003281979458450047 0.010732984293193717
1 0.8765639589169001 0.7885340314136127 0.006834733893557423 0.016099476439790577
1 0.8690429505135387 0.788913612565445 0.004374416433239962 0.010732984293193717
1 0.8683566760037348 0.8199607329842933 0.0035527544351073763 0.009960732984293194
1 0.8907796451914098 0.7294895287958115 0.0035527544351073763 0.01150523560209424
1 0.8887301587301588 0.749044502617801 0.0038281979458450045 0.012264397905759162
1 0.91265639589169 0.790824607329843 0.006834733893557423 0.013036649214659687
1 0.89296918767507 0.8617408376963351 0.0046498599439775915 0.009201570680628273
1 0.9091036414565826 0.881675392670157 0.0046498599439775915 0.012264397905759162
1 0.9078711484593838 0.9234685863874346 0.003281979458450047 0.01150523560209424
1 0.8179038281979458 0.7364005235602095 0.003281979458450047 0.01150523560209424
1 0.9266059757236228 0.8157460732984293 0.005742296918767507 0.01993455497382199
1 0.9118394024276377 0.8421989528795812 0.004103641456582633 0.013036649214659687
1 0.8898225957049486 0.9311256544502617 0.0038281979458450045 0.01150523560209424
1 0.8980298786181139 0.8042408376963351 0.003281979458450047 0.009201570680628273
1 0.9070541549953315 0.862892670157068 0.003281979458450047 0.009960732984293194
1 0.9436974789915967 0.9269109947643979 0.0038281979458450045 0.010732984293193717
1 0.9401400560224089 0.7754973821989529 0.004374416433239962 0.009960732984293194
1 0.8890056022408963 0.772434554973822 0.003281979458450047 0.008429319371727749
1 0.9033613445378151 0.7747251308900523 0.0030065359477124184 0.008429319371727749
1 0.9153921568627451 0.770130890052356 0.0046498599439775915 0.01150523560209424
1 0.912110177404295 0.7613089005235602 0.0035527544351073763 0.009201570680628273
1 0.8921475256769374 0.6424738219895288 0.006288515406162465 0.015327225130890054
1 0.8833986928104576 0.630589005235602 0.0046498599439775915 0.013036649214659687
1 0.8766993464052288 0.6574214659685864 0.004374416433239962 0.01150523560209424
1 0.896797385620915 0.980196335078534 0.0035527544351073763 0.009960732984293194
1 0.9771942110177405 0.9211649214659685 0.004103641456582633 0.01150523560209424
1 0.9700840336134454 0.9330497382198953 0.0035527544351073763 0.012264397905759162
1 0.9681699346405229 0.9920811518324608 0.0051960784313725495 0.012264397905759162
1 0.9878571428571428 0.9887565445026177 0.007931839402427638 0.022486910994764398
1 0.9830718954248365 0.7310340314136126 0.011484593837535015 0.03909685863874346
1 0.9654341736694678 0.7873821989528795 0.0035527544351073763 0.010732984293193717
1 0.9689915966386554 0.7762565445026177 0.00246031746031746 0.008429319371727749
1 0.9755555555555555 0.7808638743455498 0.0051960784313725495 0.020706806282722513
1 0.9428758169934641 0.6861780104712042 0.003281979458450047 0.010732984293193717
1 0.946017740429505 0.7026570680628272 0.0030065359477124184 0.009960732984293194
1 0.9196311858076563 0.5125261780104712 0.0038281979458450045 0.01150523560209424
1 0.7567880485527544 0.3269895287958115 0.009570494864612512 0.022238219895287955
1 0.8537301587301588 0.32085078534031414 0.00492063492063492 0.014568062827225132
1 0.855233426704015 0.3047513089005236 0.004103641456582633 0.014568062827225132
1 0.8444304388422036 0.41975130890052353 0.007656395891690009 0.019162303664921467
1 0.8377310924369749 0.4864528795811518 0.0123062558356676 0.025301047120418845
1 0.8471661998132587 0.4377748691099476 0.003281979458450047 0.012264397905759162
1 0.8386881419234361 0.5075392670157068 0.0038281979458450045 0.013795811518324607
1 0.8753314659197012 0.28098167539267016 0.00984593837535014 0.0406282722513089
1 0.8814845938375351 0.45770942408376963 0.0035527544351073763 0.010732984293193717
1 0.8868160597572362 0.48837696335078534 0.002735760971055089 0.013795811518324607
1 0.8780672268907562 0.538586387434555 0.002735760971055089 0.008429319371727749
1 0.8749206349206349 0.24534031413612564 0.004103641456582633 0.010732984293193717
1 0.8708216619981326 0.2188874345549738 0.0046498599439775915 0.019162303664921467
1 0.8479878618113913 0.2238743455497382 0.002735760971055089 0.012264397905759162
1 0.846344537815126 0.23729057591623035 0.004374416433239962 0.01150523560209424
1 0.8367740429505135 0.20662303664921466 0.003281979458450047 0.009960732984293194
1 0.8039589169000934 0.2637434554973822 0.0038281979458450045 0.0076701570680628274
1 0.8926984126984128 0.24150523560209422 0.0035527544351073763 0.010732984293193717
1 0.8818954248366013 0.3687696335078534 0.003281979458450047 0.009201570680628273
1 0.8795704948646125 0.3231544502617801 0.0035527544351073763 0.009960732984293194
1 0.8471661998132587 0.4914397905759162 0.0038281979458450045 0.0168717277486911
1 0.8991223155929039 0.23077225130890053 0.007110177404295052 0.02299738219895288
1 0.8545471521942111 0.18553664921465968 0.003281979458450047 0.010732984293193717
1 0.8883193277310925 0.3365706806282722 0.0030065359477124184 0.0076701570680628274
1 0.7912418300653594 0.23307591623036647 0.0030065359477124184 0.009201570680628273
1 0.804094304388422 0.27370418848167544 0.0035527544351073763 0.010732984293193717
1 0.9170354808590102 0.30359947643979057 0.0035527544351073763 0.009201570680628273
1 0.9152567693744165 0.2537696335078534 0.00492063492063492 0.013795811518324607
1 0.9003548085901026 0.5485602094240838 0.0030065359477124184 0.008429319371727749
1 0.8883193277310925 0.4086387434554974 0.00246031746031746 0.0076701570680628274
1 0.8215966386554622 0.5784554973821989 0.004103641456582633 0.01150523560209424
1 0.85468720821662 0.46383507853403144 0.0035527544351073763 0.009201570680628273
1 0.8509943977591036 0.5209554973821989 0.003281979458450047 0.008429319371727749
1 0.8470308123249299 0.5336125654450262 0.0051960784313725495 0.012264397905759162
1 0.9409617180205415 0.4389267015706806 0.007656395891690009 0.017630890052356022
1 0.9426003734827264 0.4768717277486911 0.004374416433239962 0.010732984293193717
1 0.9454715219421101 0.5347643979057591 0.0035527544351073763 0.01150523560209424
1 0.9378151260504202 0.5665706806282723 0.006288515406162465 0.021465968586387434
1 0.9717226890756302 0.6233115183246073 0.004103641456582633 0.010732984293193717
1 0.9137535014005602 0.46691099476439796 0.0030065359477124184 0.009201570680628273
1 0.9502567693744165 0.42589005235602095 0.003281979458450047 0.008429319371727749
1 0.9713165266106443 0.5661910994764398 0.005466853408029879 0.020706806282722513
1 0.9264659197012138 0.3787434554973822 0.002735760971055089 0.006138743455497382
1 0.9302941176470588 0.5612041884816754 0.003281979458450047 0.0076701570680628274
1 0.9807469654528479 0.4734293193717277 0.0030065359477124184 0.009960732984293194
1 0.9754154995331467 0.519803664921466 0.0038281979458450045 0.009201570680628273
1 0.9825256769374417 0.5067801047120419 0.002735760971055089 0.009201570680628273
1 0.9781512605042016 0.6041361256544503 0.002189542483660131 0.0076701570680628274
1 0.893655462184874 0.6585732984293193 0.002735760971055089 0.0076701570680628274
1 0.9703594771241831 0.39675392670157067 0.0030065359477124184 0.013036649214659687
1 0.9889542483660131 0.35573298429319367 0.0051960784313725495 0.018403141361256547
1 0.9879971988795518 0.38717277486910995 0.0038281979458450045 0.013795811518324607
1 0.9372689075630253 0.5109947643979057 0.0030065359477124184 0.008429319371727749
1 0.9606489262371616 0.5190445026178011 0.002735760971055089 0.0076701570680628274
1 0.9844397759103641 0.4067277486910995 0.002735760971055089 0.009960732984293194
1 0.9412324929971988 0.2748560209424084 0.007110177404295052 0.026832460732984294
1 0.9114285714285714 0.19589005235602094 0.004374416433239962 0.013036649214659687
1 0.908968253968254 0.17134816753926702 0.00492063492063492 0.013036649214659687
1 0.9735014005602239 0.19396596858638743 0.004374416433239962 0.018403141361256547
1 0.9838935574229691 0.18784031413612565 0.004374416433239962 0.010732984293193717
1 0.9726797385620916 0.2645026178010471 0.016405228758169934 0.026073298429319373
1 0.9391830065359478 0.21735602094240838 0.013944911297852474 0.03603403141361257
1 0.9654341736694678 0.19589005235602094 0.004103641456582633 0.01150523560209424
1 0.8571475256769374 0.15564136125654449 0.009570494864612512 0.0168717277486911
1 0.8682212885154061 0.13109947643979056 0.003281979458450047 0.015327225130890054
1 0.8447058823529411 0.12535340314136126 0.0038281979458450045 0.009960732984293194
1 0.8295284780578898 0.08510471204188481 0.00246031746031746 0.009201570680628273
1 0.843062558356676 0.0794109947643979 0.008202614379084967 0.0343717277486911
1 0.8482586367880486 0.05839005235602094 0.0038281979458450045 0.010732984293193717
1 0.8300746965452848 0.14770942408376964 0.0030065359477124184 0.009960732984293194
1 0.8740989729225023 0.13007853403141362 0.0035527544351073763 0.008429319371727749
1 0.8467553688141923 0.13735602094240837 0.0030065359477124184 0.010732984293193717
1 0.8846311858076564 0.10515706806282724 0.012030812324929972 0.030667539267015705
1 0.8913305322128852 0.06145287958115184 0.004103641456582633 0.012264397905759162
1 0.7876890756302521 0.06912303664921467 0.00738562091503268 0.013795811518324607
1 0.9085574229691877 0.12586387434554974 0.004103641456582633 0.015327225130890054
1 0.927563025210084 0.13198952879581152 0.007110177404295052 0.032198952879581154
1 0.8560550887021475 0.12278795811518325 0.005742296918767507 0.01993455497382199
1 0.905140056022409 0.15039267015706806 0.002735760971055089 0.012264397905759162
1 0.912110177404295 0.16035340314136126 0.004103641456582633 0.0168717277486911
1 0.90828197945845 0.09519633507853403 0.004103641456582633 0.012264397905759162
1 0.8948832866479924 0.09058900523560208 0.004103641456582633 0.010732984293193717
1 0.8955695611577964 0.11934554973821991 0.0038281979458450045 0.008429319371727749
1 0.904453781512605 0.073717277486911 0.0030065359477124184 0.009201570680628273
1 0.8920121381886088 0.08100785340314136 0.002735760971055089 0.01150523560209424
1 0.7704621848739496 0.06260471204188481 0.0030065359477124184 0.008429319371727749
1 0.7632166199813258 0.10132198952879581 0.002735760971055089 0.0076701570680628274
1 0.905140056022409 0.23920157068062828 0.002735760971055089 0.010732984293193717
1 0.9099253034547152 0.23575916230366492 0.00246031746031746 0.0068979057591623035
1 0.9251027077497666 0.22540575916230368 0.004374416433239962 0.013795811518324607
1 0.9659803921568628 0.1437565445026178 0.0035527544351073763 0.01150523560209424
1 0.920999066293184 0.17174083769633508 0.0038281979458450045 0.010732984293193717
1 0.8109337068160597 0.08471204188481675 0.0030065359477124184 0.008429319371727749
1 0.7989028944911298 0.07359947643979058 0.0030065359477124184 0.0076701570680628274
1 0.8296638655462185 0.05712041884816754 0.002735760971055089 0.0068979057591623035
1 0.9956535947712418 0.04370418848167539 0.005466853408029879 0.010732984293193717
1 0.992642390289449 0.1199869109947644 0.007110177404295052 0.013036649214659687
1 0.9573669467787114 0.09276178010471205 0.004374416433239962 0.012264397905759162
1 0.9497105508870215 0.05404450261780105 0.0038281979458450045 0.013036649214659687
1 0.9300233426704014 0.035261780104712044 0.003281979458450047 0.0076701570680628274
1 0.981704014939309 0.060183246073298426 0.004374416433239962 0.014568062827225132
1 0.9665312791783379 0.0575 0.0046498599439775915 0.013795811518324607
1 0.9647525676937442 0.046767015706806275 0.0038281979458450045 0.0076701570680628274
1 0.9315266106442577 0.10350785340314136 0.00246031746031746 0.009201570680628273
1 0.9331652661064426 0.13302356020942407 0.0030065359477124184 0.013036649214659687
1 0.92359477124183 0.10772251308900523 0.0030065359477124184 0.008429319371727749
1 0.956139122315593 0.1617670157068063 0.004103641456582633 0.012264397905759162
1 0.8626143790849673 0.12342931937172774 0.0030065359477124184 0.010732984293193717
1 0.9821148459383754 0.10695026178010471 0.004103641456582633 0.008429319371727749
1 0.998921568627451 0.09238219895287958 0.002161531279178338 0.009960732984293194
1 0.9432866479925304 0.03871727748691099 0.0030065359477124184 0.01150523560209424
1 0.9718627450980393 0.12304973821989529 0.002735760971055089 0.008429319371727749
1 0.9739122315592903 0.13034031413612565 0.0030065359477124184 0.012264397905759162
1 0.8754668534080299 0.14260471204188482 0.0030065359477124184 0.0076701570680628274
1 0.9152567693744165 0.11768324607329843 0.002189542483660131 0.0068979057591623035
1 0.8944724556489263 0.20010471204188482 0.003281979458450047 0.009201570680628273
1 0.9756909430438842 0.37989528795811517 0.003281979458450047 0.009960732984293194
1 0.9282446311858077 0.6612565445026178 0.0051960784313725495 0.013036649214659687
1 0.9162138188608777 0.5907198952879581 0.0051960784313725495 0.009960732984293194
1 0.9585994397759104 0.5719371727748691 0.00246031746031746 0.0076701570680628274
1 0.7187768440709617 0.16023560209424084 0.0051960784313725495 0.015327225130890054
1 0.6314098972922503 0.12650523560209426 0.0038281979458450045 0.013795811518324607
1 0.6491830065359477 0.17174083769633508 0.002189542483660131 0.006138743455497382
1 0.6672315592903828 0.10273560209424083 0.003281979458450047 0.0076701570680628274
1 0.6653174603174603 0.11078534031413613 0.003281979458450047 0.008429319371727749
1 0.4195891690009337 0.8204842931937173 0.0068487394957983195 0.029895287958115184
1 0.23004668534080297 0.520196335078534 0.014584500466853407 0.02393979057591623