1 0.17292315175097275 0.9228888888888889 0.006099221789883268 0.014894894894894895
1 0.21207198443579767 0.8803183183183183 0.007568093385214008 0.008312312312312312
1 0.18384241245136188 0.839057057057057 0.00752431906614786 0.007321321321321321
1 0.3336089494163424 0.9695975975975977 0.009348249027237354 0.010474474474474475
1 0.5661770428015563 0.9924684684684685 0.005107003891050584 0.005813813813813813
1 0.6727334630350195 0.948954954954955 0.00693579766536965 0.010690690690690691
1 0.6090661478599222 0.9742462462462462 0.006853112840466926 0.009393393393393394
1 0.6546498054474709 0.8561861861861861 0.004382295719844358 0.004522522522522523
1 0.7145525291828794 0.8012972972972974 0.005345330739299611 0.008882882882882883
1 0.7525486381322958 0.8788588588588588 0.006906614785992218 0.009843843843843843
1 0.804693579766537 0.9052072072072073 0.006760700389105059 0.009171171171171172
1 0.5863424124513619 0.9184384384384384 0.005826848249027238 0.0059879879879879885
1 0.6422519455252919 0.7604624624624625 0.004800583657587548 0.0043003003003003
1 0.8293628404669261 0.7936036036036036 0.005680933852140078 0.008318318318318318
1 0.9051021400778211 0.885051051051051 0.007096303501945525 0.008882882882882883
1 0.9373929961089494 0.9380300300300299 0.00566147859922179 0.01108108108108108
1 0.9791293774319065 0.9259699699699699 0.006906614785992218 0.009195195195195195
1 0.5731177042801556 0.6932432432432433 0.00578307392996109 0.0077177177177177175
1 0.5299270428015564 0.6145945945945945 0.004635214007782101 0.007555555555555556
1 0.37307392996108946 0.697033033033033 0.011449416342412451 0.01381981981981982
1 0.8132928015564203 0.5555495495495496 0.007149805447470817 0.012498498498498498
1 0.904567120622568 0.5919039039039039 0.00963035019455253 0.00960960960960961
1 0.7954669260700389 0.4099159159159159 0.006313229571984436 0.0073273273273273265
1 0.6732830739299611 0.44863663663663667 0.008044747081712062 0.01066066066066066
1 0.6488326848249028 0.38457057057057054 0.00715466926070039 0.008516516516516517
1 0.6338764591439688 0.3788348348348348 0.006050583657587549 0.010396396396396395
1 0.5747811284046692 0.41196996996996993 0.007908560311284047 0.00848048048048048
1 0.6344503891050584 0.3361501501501502 0.0060068093385214 0.00951951951951952
1 0.6514396887159533 0.32721921921921926 0.008035019455252918 0.006852852852852853
1 0.8030593385214008 0.19965165165165166 0.008292801556420233 0.01372972972972973
1 0.8612548638132296 0.15308708708708707 0.008239299610894943 0.011021021021021022
1 0.9956663424124513 0.07357357357357357 0.005753891050583658 0.00763963963963964
1 0.7786186770428015 0.1748708708708709 0.00742704280155642 0.00863063063063063
1 0.6659678988326848 0.23144744744744747 0.00781614785992218 0.009123123123123123
1 0.5367509727626459 0.21725525525525527 0.005077821011673152 0.010384384384384384
1 0.519693579766537 0.23647447447447448 0.008176070038910506 0.010282282282282283
1 0.541624513618677 0.03541141141141141 0.006420233463035019 0.00987987987987988
1 0.3844990272373541 0.13735135135135135 0.00669260700389105 0.012156156156156155
1 0.43235408560311284 0.28081081081081083 0.0051605058365758755 0.010018018018018018
1 0.40608463035019454 0.2747927927927928 0.00784533073929961 0.00836036036036036
1 0.38766050583657585 0.2355855855855856 0.007013618677042801 0.011471471471471472
1 0.26552529182879375 0.1872792792792793 0.006434824902723736 0.006768768768768769
1 0.27125000000000005 0.2053873873873874 0.00828307392996109 0.008888888888888889
1 0.2404328793774319 0.2370990990990991 0.00786964980544747 0.007081081081081081
1 0.22028210116731517 0.2684084084084084 0.007183852140077821 0.007441441441441442
1 0.33603112840466925 0.358978978978979 0.005787937743190662 0.009219219219219218
1 0.20348249027237356 0.317003003003003 0.007198443579766537 0.008282282282282281
1 0.21294747081712062 0.33875675675675676 0.009319066147859923 0.005843843843843844
1 0.31497568093385214 0.40665465465465467 0.0069017509727626455 0.009705705705705706
1 0.42644941634241246 0.43083483483483487 0.0077577821011673145 0.01063063063063063
1 0.03280155642023346 0.46292492492492493 0.006765564202334631 0.009579579579579578
1 0.11500486381322957 0.33178378378378376 0.005510700389105058 0.008198198198198198
0 0.1617704280155642 0.19865465465465465 0.01981031128404669 0.02506906906906907
1 0.0997908560311284 0.20894894894894894 0.0074951361867704284 0.008594594594594595
1 0.07497568093385214 0.2114294294294294 0.009484435797665369 0.009111111111111111
1 0.4345428015564202 0.08552552552552553 0.005943579766536965 0.006348348348348349
1 0.34578793774319067 0.11503903903903903 0.007295719844357977 0.007561561561561562