0 0.381423982869379 0.10454545454545454 0.032119914346895075 0.05
1 0.18639186295503213 0.5652909090909092 0.022387580299785867 0.029745454545454544
1 0.2525802997858672 0.3404909090909091 0.0204389721627409 0.016527272727272727
1 0.38300856531049254 0.5008181818181818 0.010706638115631691 0.019836363636363638
1 0.32071734475374736 0.18347272727272726 0.01265524625267666 0.013218181818181818
1 0.30221627408993573 0.17850909090909092 0.006809421841541756 0.016527272727272727
1 0.19904710920770877 0.26032727272727274 0.010706638115631691 0.021490909090909092
1 0.3864132762312634 0.3644545454545454 0.007783725910064239 0.01818181818181818
1 0.4633083511777302 0.38925454545454546 0.009732334047109208 0.011563636363636364
0 0.6200107066381156 0.4925636363636364 0.023361884368308352 0.04627272727272727
0 0.8326873661670235 0.36610909090909094 0.03795503211991435 0.05454545454545454
1 0.44870449678800856 0.8380181818181819 0.013629550321199144 0.023145454545454545
1 0.5017558886509635 0.7206545454545454 0.006809421841541756 0.019836363636363638
1 0.552847965738758 0.7223090909090909 0.007783725910064239 0.019836363636363638
1 0.5139186295503212 0.3140545454545454 0.007783725910064239 0.016527272727272727
1 0.6054068522483941 0.7181818181818181 0.011680942184154176 0.014872727272727272
1 0.5192719486081371 0.6669454545454545 0.010706638115631691 0.011563636363636364
1 0.8137044967880086 0.5611636363636363 0.01751605995717345 0.0314
1 0.8798929336188437 0.5867818181818182 0.011680942184154176 0.019836363636363638
1 0.9295289079229122 0.3322363636363636 0.011680942184154176 0.016527272727272727
1 0.40637044967880087 0.319 0.014603854389721628 0.013218181818181818
1 0.7022591006423983 0.042981818181818184 0.01265524625267666 0.019836363636363638
1 0.590813704496788 0.2991818181818182 0.007783725910064239 0.019836363636363638
1 0.44529978586723773 0.12645454545454546 0.01265524625267666 0.014872727272727272
1 0.39176659528907926 0.03554545454545455 0.01849036402569593 0.024800000000000003
1 0.8054282655246252 0.05207272727272727 0.014603854389721628 0.014872727272727272
1 0.9134689507494647 0.1776909090909091 0.010706638115631691 0.01818181818181818
1 0.8307387580299785 0.8917272727272727 0.006809421841541756 0.014872727272727272
1 0.44675588865096355 0.9438000000000001 0.009732334047109208 0.009909090909090909
1 0.43069593147751606 0.4082727272727273 0.008758029978586724 0.009909090909090909
1 0.4477301927194861 0.4297454545454546 0.009732334047109208 0.013218181818181818
1 0.9241755888650963 0.2314 0.008758029978586724 0.019836363636363638
1 0.763576017130621 0.33636363636363636 0.0204389721627409 0.021490909090909092
1 0.9124946466809422 0.47438181818181824 0.008758029978586724 0.009909090909090909
1 0.7411884368308351 0.9851272727272729 0.01265524625267666 0.013218181818181818
1 0.9115203426124198 0.9710727272727273 0.01265524625267666 0.014872727272727272
1 0.938286937901499 0.11487272727272728 0.009732334047109208 0.01818181818181818
1 0.8463062098501071 0.030581818181818182 0.008758029978586724 0.008272727272727272
1 0.9592184154175588 0.0785090909090909 0.006809421841541756 0.008272727272727272
1 0.9954282655246253 0.04792727272727273 0.009143468950749464 0.013218181818181818
1 0.14941113490364027 0.7124 0.008758029978586724 0.013218181818181818
1 0.30319057815845823 0.7380181818181819 0.008758029978586724 0.014872727272727272