1 0.6157283057851239 0.3181229561805102 0.009819214876033058 0.011026814911706997
1 0.7587913223140496 0.24668410725964685 0.00803202479338843 0.007965990843688686
1 0.2037345041322314 0.43896010464355784 0.00815599173553719 0.010451275343361675
1 0.5126962809917356 0.7858011772400262 0.009302685950413224 0.009300196206671028
1 0.24865702479338841 0.7369587965990844 0.005888429752066116 0.007455853499018967
1 0.9335950413223141 0.022681491170699803 0.00734504132231405 0.008057553956834532
1 0.35254132231404955 0.8500981033355134 0.0074896694214876035 0.009744931327665142
1 0.25 0.16785480706344014 0.006410123966942149 0.009928057553956834
1 0.054690082644628095 0.038620013080444736 0.012825413223140495 0.0107782864617397
1 0.15087809917355374 0.3687900588620013 0.009674586776859504 0.009156311314584695
1 0.9213842975206611 0.04057553956834532 0.010490702479338842 0.011118378024852845
1 0.31518595041322317 0.8024983649444081 0.006539256198347107 0.009372138652714192
1 0.4645971074380165 0.8365009810333551 0.0074896694214876035 0.007455853499018967
1 0.1181663223140496 0.5394310006540222 0.009452479338842976 0.007455853499018967
1 0.22522210743801652 0.8266056245912362 0.004865702479338843 0.006141268803139307
1 0.027846074380165287 0.964480052321779 0.010568181818181819 0.0076324395029431
1 0.24975723140495867 0.7926030085022892 0.009194214876033058 0.007841726618705035
1 0.40575929752066114 0.8395879659908437 0.005242768595041323 0.006769130150425114
1 0.18286157024793387 0.9935382603008501 0.009085743801652892 0.01107259646827992
1 0.9912086776859504 0.4439045127534336 0.012427685950413223 0.016487900588620014
1 0.18786673553719008 0.8198037933289732 0.005346074380165289 0.0063570961412688035
1 0.7622055785123968 0.8599934597776325 0.014452479338842975 0.024133420536298234
1 0.05441115702479339 0.9144015696533682 0.01005681818181818 0.006232831916285153
1 0.23754648760330577 0.9453106605624592 0.005666322314049587 0.008875081752779596
1 0.24707128099173553 0.4995487246566383 0.016921487603305783 0.016742969260954872
0 0.10540805785123966 0.3901177240026161 0.023512396694214878 0.024499672988881623
1 0.01771694214876033 0.9267625899280575 0.005320247933884298 0.007141922825376063
1 0.08331095041322313 0.8779202092871157 0.00712293388429752 0.009411379986919556
1 0.03942665289256198 0.4933682145192937 0.007009297520661157 0.009260954872465664
1 0.3701188016528925 0.20742315238718115 0.00831611570247934 0.010856769130150426
1 0.9972727272727273 0.4429823413996076 0.0054493801652892564 0.00867233485938522
0 0.27148243801652894 0.32582079790712887 0.017045454545454544 0.03249836494440811
1 0.17590392561983473 0.890909090909091 0.010330578512396695 0.010981033355134074
1 0.6132799586776859 0.8562851536952256 0.011642561983471075 0.01380640941792021
1 0.0024328512396694217 0.9403662524525833 0.004850206611570249 0.007141922825376063
1 0.6411157024793389 0.874211903204709 0.007314049586776859 0.0060431654676258995
1 0.986327479338843 0.2772858077174624 0.009271694214876032 0.008247220405493786
1 0.8955061983471074 0.5307717462393721 0.009054752066115702 0.007809025506867233
1 0.13549586776859504 0.23030085022890778 0.006337809917355372 0.006232831916285153
1 0.8212913223140496 0.6510202746893394 0.0077530991735537185 0.006638325703073905
1 0.8691425619834711 0.6887377370830607 0.006048553719008265 0.007141922825376063
1 0.047789256198347105 0.3638456507521256 0.017045454545454544 0.017069980379332897
1 0.5351549586776859 0.6448397645519948 0.00609504132231405 0.007174623937213865
1 0.5429700413223141 0.23895356442119034 0.005242768595041323 0.00565729234793983
1 0.42114152892561985 0.6142380640941791 0.005981404958677686 0.008986265533028124
1 0.5961931818181818 0.7851863963374754 0.008951446280991735 0.011118378024852845
1 0.1287861570247934 0.23060824068018315 0.003806818181818182 0.006605624591236102
1 0.19641012396694216 0.6844081098757357 0.006880165289256199 0.006258992805755396
1 0.5678719008264463 0.8148593852190975 0.003868801652892562 0.005238718116415958
1 0.3806146694214876 0.7153237410071942 0.0065650826446281 0.007011118378024853
1 0.24829028925619834 0.9385088293001962 0.004431818181818182 0.005271419228253761
1 0.18225206611570247 0.7338718116415958 0.0038378099173553715 0.0065336821451929365
1 0.12359504132231405 0.2847089601046435 0.0072882231404958675 0.009018966644865924
1 0.4833987603305785 0.6253629823413995 0.008254132231404959 0.0073119686069326355
1 0.5883780991735537 0.7833289731850883 0.007231404958677686 0.009928057553956834
1 0.10089359504132232 0.30480052321778944 0.005201446280991735 0.005860039241334206
1 0.26855371900826447 0.26909744931327667 0.005666322314049587 0.005833878351863963
1 0.22106921487603307 0.2873315892740353 0.004591942148760331 0.004676258992805756
1 0.02537706611570248 0.3724983649444081 0.005841942148760331 0.005271419228253761
1 0.513672520661157 0.05077174623937213 0.006585743801652892 0.007841726618705035
1 0.46924070247933886 0.21252452583387835 0.007231404958677686 0.005814257684761282
1 0.005650826446280992 0.9378940483976455 0.011301652892561983 0.014133420536298234
1 0.23681818181818182 0.6627730542838457 0.004400826446280991 0.004584695879659908
1 0.04321280991735537 0.7004839764551994 0.00415289256198347 0.0054414650098103335
1 0.12176652892561984 0.7623086984957488 0.004504132231404959 0.00434270765206017
0 0.6015650826446282 0.9681883584041857 0.01684400826446281 0.03170699803793329
1 0.8188481404958677 0.8667952910398953 0.009710743801652892 0.01120340091563113
1 0.18920971074380166 0.46616742969260955 0.004772727272727273 0.00460431654676259
1 0.4580061983471075 0.35858731196860694 0.004664256198347107 0.0060889470241988234
1 0.29418904958677683 0.7468541530412034 0.003899793388429752 0.004807063440156965
1 0.04519628099173554 0.32458469587965993 0.005320247933884298 0.01120340091563113
1 0.13586260330578512 0.33200130804447353 0.004116735537190082 0.005611510791366906
1 0.19421487603305784 0.3715696533682145 0.0037809917355371902 0.005421844342707652
1 0.049318181818181824 0.6000196206671027 0.00818698347107438 0.009084368868541531
1 0.24731404958677686 0.2496206671026815 0.006957644628099174 0.00538260300850229
1 0.08660640495867768 0.3052648790058862 0.005511363636363636 0.00513407455853499
1 0.6972675619834711 0.175892740353172 0.003662190082644628 0.004447351209941138
1 0.17822314049586777 0.958914323086985 0.0032076446280991737 0.007174623937213865
1 0.28930785123966946 0.30155657292347937 0.008543388429752066 0.012923479398299543
1 0.07653925619834712 0.7771484630477437 0.0037809917355371902 0.006952256376716809
1 0.20947314049586777 0.2559581425768476 0.005428719008264462 0.006187050359712231
1 0.0021435950413223144 0.2256638325703074 0.004287190082644629 0.00513407455853499