1 0.09504566210045663 0.05844850065189048 0.018687214611872147 0.03340286831812256
1 0.06742579908675798 0.04082138200782268 0.004063926940639269 0.01670143415906128
1 0.07778538812785388 0.019947848761408083 0.007716894977168949 0.013911342894393742
1 0.09504566210045663 0.023663624511082136 0.012186073059360732 0.023194263363754887
1 0.14988013698630134 0.020873533246414604 0.008938356164383562 0.019478487614080834
1 0.13810502283105022 0.020417209908735332 0.006501141552511416 0.012985658409387224
1 0.1192123287671233 0.019022164276401566 0.0060901826484018266 0.012059973924380704
1 0.1251027397260274 0.07979139504563233 0.0073116438356164385 0.012985658409387224
1 0.06194063926940639 0.1920599739243807 0.008527397260273972 0.01670143415906128
1 0.20735730593607307 0.010208604954367666 0.008527397260273972 0.018552803129074317
1 0.08123858447488586 0.2964406779661017 0.009748858447488584 0.019478487614080834
1 0.06681506849315069 0.30803129074315516 0.009343607305936074 0.018552803129074317
1 0.03249429223744292 0.29504563233376796 0.008122146118721462 0.014850065189048241
1 0.014012557077625571 0.32659713168187743 0.010154109589041095 0.022268578878748366
1 0.002842465753424658 0.36787483702737944 0.004874429223744292 0.017627118644067796
0 0.08022260273972603 0.38365058670143415 0.026404109589041096 0.04361147327249022
1 0.15475456621004566 0.343754889178618 0.0073116438356164385 0.01577574967405476
1 0.13383561643835615 0.3878226857887875 0.007716894977168949 0.020417209908735332
1 0.10824771689497717 0.46251629726205995 0.008527397260273972 0.019478487614080834
1 0.10519977168949772 0.47874837027379397 0.008122146118721462 0.018552803129074317
1 0.09402968036529681 0.4453455019556714 0.004469178082191781 0.012985658409387224
1 0.1269349315068493 0.4161277705345502 0.004469178082191781 0.013911342894393742
1 0.07453196347031964 0.4216949152542373 0.006906392694063927 0.013911342894393742
1 0.061535388127853884 0.5042633637548891 0.008527397260273972 0.017627118644067796
1 0.07920662100456621 0.5038070404172099 0.008122146118721462 0.01670143415906128
1 0.09748287671232876 0.5167926988265972 0.008938356164383562 0.022268578878748366
1 0.03513698630136986 0.5617861799217732 0.01096461187214612 0.021342894393741853
1 0.06397260273972602 0.6170013037809648 0.0060901826484018266 0.014850065189048241
1 0.11170091324200912 0.6067926988265971 0.011375570776255707 0.022268578878748366
1 0.08448630136986301 0.6703520208604954 0.009748858447488584 0.021342894393741853
1 0.20837328767123287 0.5098305084745763 0.006501141552511416 0.019478487614080834
1 0.18034817351598176 0.5432333767926989 0.008122146118721462 0.017627118644067796
1 0.18643835616438356 0.6596740547588006 0.008122146118721462 0.01670143415906128
1 0.14378995433789954 0.6327640156453715 0.006501141552511416 0.01670143415906128
1 0.05422374429223744 0.7441069100391134 0.007716894977168949 0.01670143415906128
0 0.017260273972602738 0.7139504563233378 0.022340182648401825 0.04361147327249022
1 0.07087899543378996 0.8039504563233377 0.006906392694063927 0.01577574967405476
1 0.002437214611872146 0.816936114732725 0.004874429223744292 0.019478487614080834
1 0.08590753424657534 0.8266883963494134 0.008527397260273972 0.018552803129074317
1 0.10114155251141552 0.8252933507170795 0.008122146118721462 0.019478487614080834
1 0.05523972602739726 0.7784354628422424 0.006501141552511416 0.01670143415906128
1 0.06336187214611873 0.8192568448500652 0.008122146118721462 0.020417209908735332
1 0.1413527397260274 0.7570925684485007 0.008938356164383562 0.020417209908735332
1 0.12266552511415525 0.7983833116036506 0.008938356164383562 0.017627118644067796
1 0.1409474885844749 0.7158148631029987 0.005684931506849316 0.013911342894393742
1 0.15394406392694063 0.7492046936114732 0.006501141552511416 0.017627118644067796
1 0.06763127853881279 0.8735332464146024 0.008527397260273972 0.01577574967405476
1 0.07168949771689498 0.8930247718383312 0.007716894977168949 0.017627118644067796
1 0.12713470319634704 0.941264667535854 0.008122146118721462 0.013911342894393742
1 0.20146689497716896 0.7608083441981747 0.008122146118721462 0.018552803129074317
1 0.18562785388127856 0.8280704041720991 0.0073116438356164385 0.017627118644067796
1 0.16044520547945207 0.8289960886571056 0.009748858447488584 0.01577574967405476
1 0.15658105022831048 0.8540547588005214 0.009343607305936074 0.019478487614080834
1 0.21690068493150685 0.777509778357236 0.008938356164383562 0.018552803129074317
1 0.16490867579908677 0.7241590612777052 0.005684931506849316 0.013911342894393742
1 0.15942922374429222 0.626271186440678 0.005279680365296803 0.011134289439374183
1 0.1935445205479452 0.7765840938722295 0.004469178082191781 0.011134289439374183
1 0.14927511415525113 0.9347718383311604 0.007716894977168949 0.017627118644067796
1 0.09545091324200913 0.9463754889178618 0.0073116438356164385 0.01670143415906128
1 0.1001255707762557 0.9834810951760105 0.009343607305936074 0.020417209908735332
1 0.12896118721461186 0.9825554106910039 0.010154109589041095 0.020417209908735332
1 0.15638127853881278 0.9570404172099086 0.008122146118721462 0.017627118644067796
1 0.18095319634703194 0.9217861799217731 0.008527397260273972 0.019478487614080834
1 0.18522260273972602 0.963076923076923 0.009748858447488584 0.020417209908735332
1 0.24797374429223742 0.6522555410691003 0.008527397260273972 0.01670143415906128
1 0.27600456621004565 0.6309126466753586 0.008527397260273972 0.014850065189048241
1 0.2563013698630137 0.8359582790091264 0.008938356164383562 0.020417209908735332
1 0.23233447488584474 0.8387483702737941 0.005684931506849316 0.012985658409387224
1 0.23843036529680367 0.8851368970013037 0.008122146118721462 0.022268578878748366
1 0.2792522831050228 0.8234419817470665 0.010154109589041095 0.01577574967405476
1 0.2806735159817352 0.7853976531942634 0.008938356164383562 0.017627118644067796
1 0.2938755707762557 0.7473533246414603 0.0060901826484018266 0.013911342894393742
1 0.3042294520547945 0.7297262059973925 0.0073116438356164385 0.01577574967405476
1 0.30930936073059356 0.7552411994784876 0.006906392694063927 0.01670143415906128
1 0.2658447488584475 0.8860625814863103 0.01096461187214612 0.018552803129074317
1 0.22319634703196348 0.9389439374185137 0.008527397260273972 0.022268578878748366
1 0.2455365296803653 0.9584354628422425 0.009343607305936074 0.018552803129074317
1 0.23355593607305936 0.993129074315515 0.008938356164383562 0.013728813559322033
1 0.25650684931506845 0.9945241199478487 0.004469178082191781 0.010951760104302478
1 0.29224885844748855 0.9398826597131682 0.009343607305936074 0.018552803129074317
1 0.283310502283105 0.9779139504563232 0.008527397260273972 0.018552803129074317
1 0.3099200913242009 0.885593220338983 0.008938356164383562 0.021342894393741853
1 0.30666666666666664 0.9296740547588005 0.012996575342465753 0.018552803129074317
1 0.3099200913242009 0.9626075619295958 0.008122146118721462 0.023194263363754887
1 0.31702625570776255 0.9417340286831811 0.007716894977168949 0.01670143415906128
1 0.3503310502283105 0.912503259452412 0.010154109589041095 0.017627118644067796
1 0.37429794520547943 0.986271186440678 0.010154109589041095 0.018552803129074317
1 0.34180365296803655 0.8359582790091264 0.0060901826484018266 0.01670143415906128
1 0.33388127853881283 0.8651890482398957 0.006501141552511416 0.013911342894393742
1 0.367796803652968 0.881890482398957 0.008527397260273972 0.017627118644067796
1 0.3836415525114155 0.8698305084745762 0.006906392694063927 0.01577574967405476
1 0.39115296803652966 0.8665840938722295 0.0073116438356164385 0.012985658409387224
1 0.3875 0.8879139504563233 0.006501141552511416 0.014850065189048241
1 0.37754566210045665 0.8271447196870925 0.009343607305936074 0.021342894393741853
1 0.38039383561643836 0.7835332464146024 0.01096461187214612 0.021342894393741853
1 0.35155251141552507 0.8058018252933506 0.009343607305936074 0.017627118644067796
1 0.3633333333333333 0.8053455019556716 0.010154109589041095 0.022268578878748366
1 0.33692922374429224 0.8048761408083442 0.009343607305936074 0.017627118644067796
1 0.3401769406392694 0.7649804432855281 0.008527397260273972 0.017627118644067796
1 0.40212328767123284 0.784928292046936 0.0073116438356164385 0.018552803129074317
1 0.3919691780821918 0.7009647979139504 0.011375570776255707 0.023194263363754887
1 0.4169463470319635 0.8053455019556716 0.010154109589041095 0.014850065189048241
1 0.42649543378995436 0.8164797913950457 0.0073116438356164385 0.020417209908735332
1 0.4445662100456621 0.8452411994784875 0.007716894977168949 0.022268578878748366
1 0.46101598173515984 0.8860625814863103 0.010559360730593607 0.018552803129074317
1 0.44639840182648405 0.9143676662320731 0.009748858447488584 0.021342894393741853
1 0.42811643835616436 0.8939504563233376 0.008122146118721462 0.01577574967405476
1 0.42182077625570774 0.9050847457627119 0.007716894977168949 0.01577574967405476
1 0.42649543378995436 0.9278096479791395 0.008122146118721462 0.020417209908735332
1 0.41918378995433786 0.961212516297262 0.0073116438356164385 0.018552803129074317
1 0.47401826484018267 0.9547196870925684 0.0073116438356164385 0.01670143415906128
1 0.43502283105022826 0.9672490221642764 0.008122146118721462 0.017627118644067796
1 0.4908732876712329 0.9737418513689701 0.008527397260273972 0.017627118644067796
1 0.4843721461187215 0.9949934810951759 0.005279680365296803 0.010026075619295959
1 0.4943264840182648 0.8661147327249021 0.015433789954337898 0.02876140808344198
1 0.4882305936073059 0.9176140808344198 0.0073116438356164385 0.020417209908735332
1 0.4961529680365297 0.9004432855280313 0.007716894977168949 0.021342894393741853
1 0.5089497716894977 0.9491525423728814 0.0073116438356164385 0.014850065189048241
1 0.5310844748858448 0.9445110821382009 0.008527397260273972 0.018552803129074317
1 0.4723915525114155 0.7441069100391134 0.005684931506849316 0.012985658409387224
1 0.4774714611872146 0.7533898305084746 0.008527397260273972 0.01670143415906128
1 0.4551312785388128 0.7459582790091265 0.010154109589041095 0.014850065189048241
1 0.4520833333333333 0.7756584093872229 0.0073116438356164385 0.014850065189048241
1 0.4348173515981735 0.7557105606258149 0.007716894977168949 0.01577574967405476
1 0.41065068493150686 0.6661668839634941 0.009748858447488584 0.018552803129074317
1 0.48457762557077627 0.6582790091264668 0.008938356164383562 0.023194263363754887
1 0.5034646118721462 0.752464146023468 0.006906392694063927 0.01670143415906128
1 0.5262100456621004 0.6926075619295958 0.009343607305936074 0.025045632333767928
1 0.5201198630136986 0.7478226857887875 0.006906392694063927 0.014850065189048241
1 0.5481449771689498 0.6944719687092568 0.009343607305936074 0.021342894393741853
1 0.5493607305936073 0.7478226857887875 0.006906392694063927 0.01670143415906128
1 0.5473344748858447 0.8238983050847457 0.010154109589041095 0.022268578878748366
1 0.5540353881278539 0.7209126466753586 0.008122146118721462 0.020417209908735332
1 0.5558618721461187 0.7403911342894394 0.0060901826484018266 0.01670143415906128
1 0.5587043378995434 0.6657105606258149 0.006906392694063927 0.01577574967405476
1 0.5219463470319635 0.6026205997392438 0.009748858447488584 0.021342894393741853
1 0.6332420091324201 0.6573533246414602 0.010559360730593607 0.021342894393741853
1 0.6421746575342465 0.6188526727509779 0.008938356164383562 0.020417209908735332
1 0.595667808219178 0.6995697522816168 0.008527397260273972 0.020417209908735332
1 0.6261301369863014 0.7102477183833116 0.010154109589041095 0.017627118644067796
1 0.6188184931506849 0.7153455019556714 0.0060901826484018266 0.014850065189048241
1 0.5938413242009133 0.7946675358539765 0.010559360730593607 0.023194263363754887
1 0.5731278538812785 0.7886440677966101 0.0073116438356164385 0.018552803129074317
1 0.5771860730593608 0.7338983050847457 0.004874429223744292 0.012985658409387224
1 0.6222716894977169 0.8308604954367665 0.008122146118721462 0.021342894393741853
1 0.6245091324200914 0.8707561929595828 0.009343607305936074 0.01577574967405476
1 0.6070433789954338 0.9189960886571056 0.009343607305936074 0.017627118644067796
1 0.6098858447488584 0.9598305084745763 0.009343607305936074 0.013911342894393742
1 0.6088698630136986 0.9853455019556714 0.009748858447488584 0.018552803129074317
1 0.6322260273972603 0.9115775749674054 0.009343607305936074 0.017627118644067796
1 0.577796803652968 0.9844067796610169 0.007716894977168949 0.014850065189048241
1 0.6565981735159817 0.8053455019556716 0.008527397260273972 0.018552803129074317
1 0.6691894977168951 0.8763233376792698 0.022340182648401825 0.03617992177314211
1 0.673453196347032 0.9445110821382009 0.005684931506849316 0.014850065189048241
1 0.6901084474885845 0.6930769230769231 0.011375570776255707 0.024119947848761408
1 0.6996518264840182 0.7714732724902217 0.013401826484018265 0.025045632333767928
1 0.6868550228310502 0.8109126466753586 0.009748858447488584 0.014850065189048241
1 0.7132591324200914 0.8429204693611473 0.008938356164383562 0.017627118644067796
1 0.7045262557077625 0.8522033898305085 0.009343607305936074 0.021342894393741853
1 0.7380365296803653 0.7352933507170796 0.010559360730593607 0.019478487614080834
1 0.7449429223744293 0.8234419817470665 0.009748858447488584 0.017627118644067796
1 0.6813755707762557 0.6726597131681877 0.008527397260273972 0.020417209908735332
1 0.7682990867579909 0.8280704041720991 0.008527397260273972 0.021342894393741853
1 0.7587499999999999 0.8846675358539765 0.014623287671232877 0.03061277705345502
1 0.7329566210045663 0.928748370273794 0.007716894977168949 0.01670143415906128
1 0.7479851598173516 0.9653976531942634 0.009343607305936074 0.023194263363754887
1 0.7290981735159818 0.9602868318122555 0.009748858447488584 0.020417209908735332
1 0.7707363013698629 0.9185397653194263 0.013401826484018265 0.024119947848761408
1 0.7849486301369863 0.9111082138200783 0.009343607305936074 0.024119947848761408
1 0.7973401826484019 0.7060625814863103 0.009748858447488584 0.018552803129074317
1 0.7754052511415525 0.7371447196870925 0.010559360730593607 0.021342894393741853
1 0.7780422374429224 0.7691525423728814 0.011780821917808219 0.027835723598435464
1 0.8318664383561645 0.9315254237288135 0.009748858447488584 0.020417209908735332
1 0.8255707762557078 0.6285919165580183 0.01827625570776256 0.051029986962190355
1 0.8635445205479453 0.6582790091264668 0.010559360730593607 0.017627118644067796
1 0.9504680365296804 0.6647848761408083 0.009748858447488584 0.019478487614080834
1 0.8871061643835617 0.7185919165580182 0.008938356164383562 0.019478487614080834
1 0.9977796803652967 0.6605997392438071 0.004446347031963471 0.012985658409387224
1 0.9175684931506849 0.9454498044328552 0.014623287671232877 0.022268578878748366
1 0.9031506849315069 0.961212516297262 0.015028538812785387 0.03155149934810952
1 0.9971575342465754 0.7213820078226857 0.005684931506849316 0.014667535853976532
1 0.981472602739726 0.7340938722294654 0.007705479452054794 0.018578878748370272
1 0.9816837899543379 0.8959713168187745 0.00898972602739726 0.01955671447196871
1 0.8827682648401826 0.746805736636245 0.007277397260273972 0.018578878748370272
1 0.9373630136986302 0.7971838331160366 0.010279680365296804 0.01955671447196871
1 0.9339383561643836 0.7438722294654497 0.008561643835616438 0.020534550195567144
1 0.9440011415525115 0.7433898305084745 0.008133561643835616 0.017601043024771838
1 0.8296689497716895 0.7702868318122554 0.007277397260273972 0.018578878748370272
1 0.8416552511415525 0.8685919165580183 0.012420091324200914 0.02152542372881356
1 0.8968949771689497 0.8348370273794004 0.007277397260273972 0.020534550195567144
1 0.8971118721461188 0.7732203389830508 0.007705479452054794 0.016623207301173403
1 0.947642694063927 0.8509778357235985 0.007705479452054794 0.017601043024771838
1 0.9285844748858448 0.8460886571056063 0.008133561643835616 0.01564537157757497
1 0.8872602739726028 0.8803259452411996 0.010279680365296804 0.023481095176010432
1 0.913167808219178 0.9204302477183833 0.00898972602739726 0.017601043024771838
1 0.949783105022831 0.9453715775749675 0.00942351598173516 0.020534550195567144
1 0.9502111872146118 0.9869491525423729 0.012848173515981736 0.023481095176010432
1 0.9210901826484018 0.9732464146023468 0.011135844748858448 0.02152542372881356
1 0.9026769406392694 0.8720078226857888 0.007705479452054794 0.024458930899608867
1 0.9093150684931506 0.8715254237288136 0.005565068493150685 0.011734028683181226
1 0.9624143835616439 0.9189569752281617 0.007277397260273972 0.016623207301173403
1 0.7984075342465753 0.9791134289439375 0.01156392694063927 0.01955671447196871
1 0.8692751141552512 0.8010951760104303 0.00684931506849315 0.017601043024771838
1 0.9915353881278539 0.3648500651890482 0.012420091324200914 0.03130378096479792
1 0.9900342465753424 0.42891786179921776 0.0059931506849315065 0.018578878748370272
1 0.9973744292237443 0.42305084745762717 0.005251141552511415 0.018578878748370272
1 0.889406392694064 0.4215775749674055 0.011992009132420092 0.025436766623207305
0 0.9003253424657534 0.46217731421121255 0.014988584474885845 0.03619295958279009
1 0.918093607305936 0.28121251629726207 0.0179851598173516 0.03423728813559322
1 0.9589897260273973 0.34675358539765316 0.01156392694063927 0.018578878748370272
1 0.9502111872146118 0.4220730117340287 0.0059931506849315065 0.016623207301173403
1 0.9264440639269407 0.3389308996088657 0.008133561643835616 0.016623207301173403
1 0.9506392694063927 0.5144980443285528 0.010279680365296804 0.02152542372881356
1 0.9478538812785389 0.48075619295958283 0.010707762557077626 0.022503259452411998
1 0.8472260273972603 0.2768187744458931 0.010707762557077626 0.017601043024771838
1 0.8600684931506849 0.25578878748370276 0.009851598173515982 0.016623207301173403
1 0.8448687214611872 0.39711864406779657 0.011992009132420092 0.02152542372881356
1 0.8568607305936073 0.4196219035202086 0.010279680365296804 0.02152542372881356
1 0.8354509132420092 0.4651108213820078 0.00684931506849315 0.012711864406779662
1 0.8369463470319635 0.41717079530638856 0.006421232876712328 0.012711864406779662
1 0.8138242009132419 0.2606779661016949 0.008133561643835616 0.018578878748370272
1 0.8202454337899543 0.3169230769230769 0.008133561643835616 0.023481095176010432
1 0.8294520547945206 0.3208344198174707 0.008561643835616438 0.01955671447196871
1 0.9969463470319635 0.4920078226857888 0.006107305936073059 0.03325945241199479
1 0.7949828767123287 0.5086310299869622 0.00898972602739726 0.01564537157757497
1 0.7767808219178083 0.3144719687092568 0.008561643835616438 0.018578878748370272
1 0.7534474885844749 0.5477574967405476 0.008133561643835616 0.017601043024771838
1 0.7069863013698631 0.5609647979139505 0.00942351598173516 0.016623207301173403
1 0.7230422374429224 0.5907953063885267 0.006421232876712328 0.013689700130378096
1 0.7202568493150685 0.4382007822685789 0.011992009132420092 0.03130378096479792
1 0.7654337899543379 0.418148631029987 0.006421232876712328 0.014667535853976532
1 0.466541095890411 0.41717079530638856 0.013276255707762558 0.02641460234680574
1 0.43185502283105026 0.49689700130378095 0.017557077625570777 0.03325945241199479
1 0.5037956621004566 0.5325945241199479 0.01584474885844749 0.03228161668839635
1 0.5628881278538812 0.29539765319426337 0.009851598173515982 0.02152542372881356
1 0.6832191780821918 0.4152151238591917 0.008133561643835616 0.018578878748370272
1 0.651101598173516 0.4274445893089961 0.008133561643835616 0.01955671447196871
1 0.6138470319634703 0.4357627118644068 0.009851598173515982 0.020534550195567144
1 0.6641609589041095 0.46265971316818777 0.007705479452054794 0.017601043024771838
1 0.6757248858447488 0.5047196870925684 0.00942351598173516 0.01955671447196871
1 0.6658732876712328 0.5502086049543676 0.0059931506849315065 0.014667535853976532
1 0.6757248858447488 0.5761277705345502 0.00942351598173516 0.02152542372881356
1 0.4733904109589041 0.21372881355932205 0.008133561643835616 0.020534550195567144
1 0.48602739726027394 0.2063885267275098 0.00684931506849315 0.01564537157757497
1 0.4432020547945206 0.19121251629726205 0.008561643835616438 0.016584093872229467
1 0.44876712328767127 0.2689439374185137 0.00684931506849315 0.013689700130378096
1 0.4569063926940639 0.29926988265971316 0.008561643835616438 0.01955671447196871
1 0.4303538812785388 0.3628552803129074 0.008561643835616438 0.017601043024771838
1 0.4691095890410959 0.5169491525423728 0.007277397260273972 0.016623207301173403
1 0.4746746575342466 0.5291786179921774 0.006421232876712328 0.013689700130378096
1 0.47746004566210043 0.5433507170795306 0.008561643835616438 0.014667535853976532
1 0.49051940639269404 0.5619426336375489 0.007277397260273972 0.020534550195567144
1 0.4830251141552511 0.5947066492829205 0.010279680365296804 0.01955671447196871
1 0.4851655251141552 0.62503259452412 0.008561643835616438 0.01955671447196871
1 0.4684703196347032 0.548735332464146 0.008561643835616438 0.01955671447196871
1 0.4483390410958904 0.5560756192959583 0.008561643835616438 0.018578878748370272
1 0.4459874429223744 0.6181877444589309 0.009851598173515982 0.02152542372881356
1 0.4119406392694064 0.6157366362451108 0.00942351598173516 0.020534550195567144
1 0.3519920091324201 0.5286831812255541 0.005136986301369863 0.018578878748370272
0 0.36269977168949774 0.5492307692307692 0.015416666666666667 0.042059973924380704
1 0.3603424657534247 0.5771056062581487 0.00898972602739726 0.01564537157757497
1 0.3380764840182648 0.5585136897001304 0.008133561643835616 0.017601043024771838
1 0.3455707762557078 0.5907953063885267 0.0059931506849315065 0.01564537157757497
1 0.332722602739726 0.5864015645371577 0.00684931506849315 0.016623207301173403
1 0.32694063926940636 0.5952020860495436 0.006421232876712328 0.018578878748370272
1 0.36698059360730595 0.6519295958279009 0.00942351598173516 0.018578878748370272
1 0.3434303652968037 0.6597522816166883 0.00684931506849315 0.014667535853976532
1 0.4038070776255708 0.5775880052151239 0.0059931506849315065 0.016623207301173403
1 0.3999543378995434 0.5585136897001304 0.008561643835616438 0.017601043024771838
1 0.38967465753424657 0.5888396349413298 0.011135844748858448 0.02152542372881356
1 0.37511415525114156 0.6245371577574967 0.00942351598173516 0.018578878748370272
1 0.39010273972602744 0.6299217731421121 0.00684931506849315 0.01955671447196871
1 0.39588470319634705 0.6367666232073012 0.006421232876712328 0.01564537157757497
1 0.29568493150684927 0.5614471968709257 0.009851598173515982 0.023481095176010432
1 0.30531963470319634 0.5193872229465449 0.008561643835616438 0.01955671447196871
1 0.2616381278538813 0.5629204693611474 0.008561643835616438 0.020534550195567144
1 0.2708447488584475 0.49102998696219036 0.008133561643835616 0.017601043024771838
1 0.23916095890410957 0.5883572359843546 0.00898972602739726 0.022503259452411998
1 0.2931107305936073 0.3981095176010431 0.00898972602739726 0.01955671447196871
1 0.29889269406392693 0.4338070404172099 0.007705479452054794 0.020534550195567144
1 0.31709474885844746 0.44897001303780965 0.007277397260273972 0.017601043024771838
1 0.30960045662100455 0.4602086049543677 0.011992009132420092 0.024458930899608867
1 0.38282534246575345 0.4352672750977836 0.00684931506849315 0.01564537157757497
1 0.37982876712328767 0.35114732724902215 0.00942351598173516 0.01955671447196871
1 0.2310216894977169 0.485645371577575 0.008133561643835616 0.014667535853976532
1 0.2145376712328767 0.4157105606258149 0.008561643835616438 0.02152542372881356
1 0.20425799086757992 0.33354628422425037 0.007705479452054794 0.017601043024771838
1 0.2657077625570776 0.3692438070404172 0.009851598173515982 0.018578878748370272
1 0.26934931506849313 0.3232724902216427 0.008561643835616438 0.016623207301173403
1 0.19248287671232878 0.42059973924380706 0.004708904109589041 0.013689700130378096
1 0.37918378995433794 0.5130378096479792 0.012420091324200914 0.02641460234680574
1 0.5468321917808219 0.3814732724902216 0.011135844748858448 0.02152542372881356
1 0.546615296803653 0.4152151238591917 0.007277397260273972 0.020534550195567144
1 0.5956449771689497 0.46804432855280315 0.007705479452054794 0.020534550195567144
1 0.553898401826484 0.47048239895697525 0.007277397260273972 0.02152542372881356
1 0.7121232876712329 0.3076271186440678 0.007705479452054794 0.02641460234680574
1 0.5714554794520548 0.23817470664928292 0.00898972602739726 0.014667535853976532
1 0.5506849315068493 0.20687092568448498 0.008561643835616438 0.020534550195567144
1 0.5254223744292237 0.20834419817470667 0.0179851598173516 0.03130378096479792
1 0.7161929223744292 0.09096479791395046 0.010707762557077626 0.029348109517601046
1 0.7273230593607306 0.2019817470664928 0.01156392694063927 0.024458930899608867
1 0.6759360730593608 0.11492829204693612 0.00898972602739726 0.020534550195567144
1 0.6204851598173515 0.11737940026075619 0.007705479452054794 0.013689700130378096
1 0.6140582191780821 0.173129074315515 0.00942351598173516 0.017601043024771838
1 0.6423230593607305 0.14916558018252932 0.007705479452054794 0.016623207301173403
1 0.6622374429223744 0.15846153846153846 0.00898972602739726 0.017601043024771838
1 0.6517465753424657 0.17558018252933505 0.008561643835616438 0.018578878748370272
1 0.7898458904109589 0.11151238591916558 0.00898972602739726 0.01955671447196871
1 0.8082591324200913 0.11151238591916558 0.008133561643835616 0.01955671447196871
1 0.7761415525114155 0.1594393741851369 0.007277397260273972 0.01955671447196871
1 0.8101826484018265 0.13645371577574966 0.008561643835616438 0.020534550195567144
1 0.7979794520547945 0.15063885267275098 0.007277397260273972 0.01955671447196871
1 0.8459417808219177 0.18144719687092567 0.007277397260273972 0.018578878748370272
1 0.8489383561643835 0.19758800521512387 0.006421232876712328 0.01564537157757497
1 0.8228139269406393 0.1746023468057366 0.007277397260273972 0.018578878748370272
1 0.8245262557077625 0.19415906127770532 0.006421232876712328 0.018578878748370272
1 0.8418721461187215 0.22203389830508477 0.00684931506849315 0.01564537157757497
1 0.8305251141552511 0.024458930899608867 0.00898972602739726 0.025436766623207305
1 0.8679908675799087 0.024941329856584094 0.007705479452054794 0.018578878748370272
1 0.9881050228310503 0.0836245110821382 0.014132420091324201 0.03423728813559322
1 0.9771860730593607 0.10906127770534552 0.00942351598173516 0.024458930899608867
1 0.9155251141552512 0.04353324641460235 0.007705479452054794 0.014667535853976532
1 0.9309417808219178 0.06308996088657105 0.007705479452054794 0.014667535853976532
1 0.4584075342465753 0.07189048239895697 0.009851598173515982 0.020534550195567144
1 0.4686815068493151 0.12226857887874837 0.007277397260273972 0.01564537157757497
1 0.4511244292237443 0.09683181225554106 0.005565068493150685 0.013689700130378096
1 0.4402054794520548 0.044511082138200785 0.007705479452054794 0.018578878748370272
1 0.40573630136986305 0.1203129074315515 0.00898972602739726 0.01955671447196871
1 0.39138698630136987 0.08314211212516298 0.00684931506849315 0.013689700130378096
1 0.36976598173515984 0.1565058670143416 0.014988584474885845 0.027392438070404174
1 0.33700342465753425 0.09292046936114733 0.007705479452054794 0.02152542372881356
1 0.31088470319634703 0.195632333767927 0.014560502283105023 0.027392438070404174
1 0.36205479452054795 0.2670273794002608 0.009851598173515982 0.017601043024771838
1 0.3400057077625571 0.23328552803129074 0.007705479452054794 0.016623207301173403
1 0.37768835616438357 0.22692307692307695 0.007705479452054794 0.017601043024771838
1 0.38111301369863015 0.2171447196870926 0.00684931506849315 0.017601043024771838
1 0.24836757990867578 0.13352020860495437 0.010279680365296804 0.024458930899608867
1 0.24857876712328766 0.08166883963494133 0.00898972602739726 0.022503259452411998
1 0.2151769406392694 0.1765580182529335 0.00898972602739726 0.022503259452411998
1 0.31131278538812784 0.06651890482398957 0.00684931506849315 0.017601043024771838
1 0.30103310502283104 0.023481095176010432 0.008561643835616438 0.013689700130378096
1 0.2759874429223744 0.14329856584093872 0.006421232876712328 0.014667535853976532
1 0.22438356164383563 0.14329856584093872 0.00684931506849315 0.016623207301173403
1 0.19226598173515982 0.26165580182529335 0.011992009132420092 0.024458930899608867
1 0.21924657534246575 0.2538331160365059 0.010279680365296804 0.028370273794002608
1 0.17449771689497717 0.07384615384615385 0.007277397260273972 0.022503259452411998
1 0.20939497716894978 0.04694915254237288 0.007705479452054794 0.02152542372881356
1 0.17963470319634706 0.1765580182529335 0.006421232876712328 0.018578878748370272
1 0.18177511415525116 0.19318122555410688 0.005565068493150685 0.016623207301173403