0 0.17400000000000002 0.5629531051964513 0.0332375366568915 0.0697084917617237
0 0.2824516129032258 0.5675285171102661 0.03900879765395895 0.08356147021546262
0 0.22482697947214075 0.7498986058301648 0.03519061583577713 0.06759188846641317
0 0.8900293255131965 0.8291128010139417 0.024439882697947213 0.057034220532319393
0 0.6627565982404692 0.8956527249683143 0.02346041055718475 0.050697084917617236
0 0.9848504398826979 0.4143979721166033 0.029208211143695012 0.07135614702154626
0 0.8959530791788856 0.10291508238276299 0.016510263929618768 0.04116603295310519
0 0.7946744868035192 0.4720278833967047 0.019683284457478006 0.03841571609632446
0 0.8194369501466277 0.30187579214195187 0.017143695014662758 0.046653992395437265
0 0.3844809384164223 0.4130164765525982 0.02349560117302053 0.03841571609632446
1 0.06667448680351906 0.33686945500633714 0.026668621700879764 0.031558935361216726
1 0.06286217008797654 0.5550443599493029 0.012697947214076246 0.026070975918884666
1 0.017143695014662758 0.5248542458808618 0.011431085043988268 0.031558935361216726
1 0.09397653958944281 0.9310139416983524 0.007618768328445748 0.020583016476552595
1 0.10350146627565983 0.9536501901140684 0.01397067448680352 0.024702154626109
1 0.09334310850439884 0.8390747782002534 0.00889149560117302 0.020583016476552595
1 0.024762463343108505 0.8239797211660329 0.010158357771260998 0.020583016476552595
1 0.2847859237536657 0.37528517110266163 0.01587683284457478 0.031558935361216726
1 0.3000234604105572 0.2675665399239544 0.01587683284457478 0.03567807351077313
1 0.4149560117302053 0.7732065906210392 0.010791788856304985 0.017832699619771863
1 0.2333548387096774 0.6449176172370088 0.010791788856304985 0.019214195183776935
1 0.13778885630498533 0.957084917617237 0.017777126099706744 0.045285171102661594
1 0.10445161290322581 0.7142078580481622 0.010791788856304985 0.017832699619771863
1 0.1958885630498534 0.7457667934093789 0.008252199413489735 0.017832699619771863
1 0.09302639296187684 0.6668694550063371 0.0057126099706744865 0.0164638783269962
1 0.04063929618768329 0.5673891001267427 0.006351906158357771 0.015095057034220533
1 0.005079178885630499 0.4974144486692015 0.007618768328445748 0.017832699619771863
1 0.1339824046920821 0.8027122940430925 0.007618768328445748 0.013726235741444867
1 0.18509677419354836 0.9042585551330798 0.0057126099706744865 0.013726235741444867
1 0.3574897360703812 0.7759569074778201 0.012697947214076246 0.026070975918884666
1 0.3193958944281525 0.6799112801013942 0.015237536656891496 0.020583016476552595
1 0.27208797653958944 0.6572623574144487 0.008252199413489735 0.0164638783269962
1 0.28065689149560114 0.7203802281368821 0.006351906158357771 0.013726235741444867
1 0.24986510263929618 0.7718377693282636 0.010791788856304985 0.015095057034220533
1 0.2552609970674487 0.8232953105196452 0.006351906158357771 0.0164638783269962
1 0.3073313782991202 0.8363371356147021 0.006351906158357771 0.015095057034220533
1 0.324475073313783 0.871318124207858 0.00889149560117302 0.0164638783269962
1 0.27399413489736074 0.8925855513307985 0.00698533724340176 0.015095057034220533
1 0.12350146627565982 0.48368821292775666 0.0057126099706744865 0.015095057034220533
1 0.16255131964809383 0.48368821292775666 0.007618768328445748 0.015095057034220533
1 0.07937243401759532 0.594828897338403 0.006351906158357771 0.015095057034220533
1 0.04190615835777126 0.3807731305449937 0.007618768328445748 0.012344740177439797
1 0.021272727272727273 0.371850443599493 0.008252199413489735 0.0164638783269962
1 0.11619941348973607 0.8123193916349809 0.005079178885630499 0.013726235741444867
1 0.1047683284457478 0.8637769328263625 0.005079178885630499 0.012344740177439797
1 0.21303225806451614 0.8033967046894803 0.0057126099706744865 0.015095057034220533
1 0.32351906158357774 0.42811153358681875 0.01333724340175953 0.027439797211660327
1 0.3984457478005865 0.4493789607097592 0.012064516129032258 0.020583016476552595
1 0.30796480938416426 0.3883269961977186 0.016510263929618768 0.03567807351077313
1 0.3689208211143695 0.24081115335868186 0.017777126099706744 0.0288212927756654
1 0.31050439882697944 0.2497338403041825 0.006351906158357771 0.0164638783269962
1 0.2603401759530792 0.20307984790874523 0.007618768328445748 0.013726235741444867
1 0.24192375366568916 0.2078833967046895 0.007618768328445748 0.015095057034220533
1 0.2101759530791789 0.17495564005069708 0.007618768328445748 0.015095057034220533
1 0.16858651026392962 0.0843852978453739 0.0057126099706744865 0.017832699619771863
1 0.345741935483871 0.09193916349809887 0.00698533724340176 0.013726235741444867
1 0.3905102639296188 0.2703168567807351 0.006351906158357771 0.0164638783269962
1 0.33717302052785925 0.5275918884664131 0.006351906158357771 0.015095057034220533
1 0.20636950146627567 0.27305449936628645 0.006351906158357771 0.013726235741444867
1 0.13937829912023458 0.2799239543726236 0.008252199413489735 0.019214195183776935
0 0.7333958944281526 0.570126742712294 0.017777126099706744 0.039797211660329526
1 0.12318475073313782 0.14956907477820025 0.007618768328445748 0.013726235741444867
1 0.5898944281524927 0.06723700887198986 0.007618768328445748 0.024702154626109
1 0.42099120234604104 0.21131812420785803 0.005079178885630499 0.010975918884664131
1 0.43432258064516127 0.5152471482889733 0.00889149560117302 0.015095057034220533
1 0.4549618768328446 0.5131939163498099 0.00698533724340176 0.013726235741444867
1 0.5232199413489736 0.4521292775665399 0.010158357771260998 0.017832699619771863
1 0.6886334310850439 0.4191888466413181 0.009524926686217008 0.020583016476552595
1 0.6200527859237537 0.5824841571609632 0.009524926686217008 0.017832699619771863
1 0.6673607038123167 0.5961977186311787 0.007618768328445748 0.020583016476552595
1 0.6178299120234605 0.47613434727503173 0.005079178885630499 0.0164638783269962
1 0.43273900293255135 0.33069708491761723 0.0057126099706744865 0.013726235741444867
1 0.7000586510263929 0.15917617237008871 0.0057126099706744865 0.013726235741444867
1 0.2152551319648094 0.11457541191381496 0.005079178885630499 0.012344740177439797
1 0.3898768328445748 0.14750316856780735 0.006351906158357771 0.017832699619771863
1 0.11175366568914956 0.11114068441064638 0.005079178885630499 0.010975918884664131
1 0.2603401759530792 0.9124841571609633 0.005079178885630499 0.013726235741444867
1 0.40320821114369504 0.8822940430925221 0.006351906158357771 0.013726235741444867
1 0.5117888563049854 0.764980988593156 0.005079178885630499 0.015095057034220533
1 0.36098533724340176 0.5612167300380229 0.00444574780058651 0.010975918884664131
1 0.363208211143695 0.572192648922687 0.005079178885630499 0.010975918884664131
1 0.5041700879765396 0.2696324461343473 0.007618768328445748 0.012344740177439797
1 0.364158357771261 0.4706463878326996 0.00444574780058651 0.010975918884664131
1 0.2895483870967742 0.764296577946768 0.005079178885630499 0.010975918884664131
1 0.3587624633431085 0.6668694550063371 0.006351906158357771 0.010975918884664131
1 0.3419354838709677 0.6044359949302914 0.00444574780058651 0.012344740177439797
1 0.3092316715542522 0.5317110266159696 0.005079178885630499 0.012344740177439797
1 0.4479765395894428 0.7780101394169836 0.0057126099706744865 0.010975918884664131
1 0.40670381231671554 0.9906970849176172 0.00698533724340176 0.013726235741444867
1 0.25621114369501463 0.9920785804816223 0.00698533724340176 0.013726235741444867
1 0.24224633431085044 0.482319391634981 0.0057126099706744865 0.012344740177439797
1 0.18573020527859238 0.6435487959442332 0.0057126099706744865 0.013726235741444867
1 0.17683870967741935 0.6703041825095057 0.0057126099706744865 0.012344740177439797
1 0.05524340175953079 0.6051204055766793 0.006351906158357771 0.013726235741444867
1 0.04794134897360704 0.4521292775665399 0.0057126099706744865 0.012344740177439797
1 0.08635777126099707 0.4905449936628644 0.006351906158357771 0.015095057034220533
1 0.4355953079178886 0.6956907477820025 0.005079178885630499 0.013726235741444867
1 0.3670146627565982 0.6119898605830165 0.006351906158357771 0.010975918884664131
1 0.2543108504398827 0.5975792141951838 0.00698533724340176 0.015095057034220533
1 0.014920821114369502 0.7334220532319391 0.0057126099706744865 0.015095057034220533
1 0.12127859237536658 0.7423447401774398 0.005079178885630499 0.010975918884664131
1 0.5749736070381232 0.5866032953105196 0.00698533724340176 0.015095057034220533
1 0.5937008797653959 0.7306717363751585 0.005079178885630499 0.015095057034220533
1 0.2895483870967742 0.6661850443599493 0.007618768328445748 0.015095057034220533
1 0.5873548387096774 0.8891634980988593 0.00889149560117302 0.021951837769328263
1 0.6689501466275659 0.4884917617237009 0.008252199413489735 0.013726235741444867
1 0.2552609970674487 0.31079847908745245 0.005079178885630499 0.015095057034220533
1 0.4486099706744868 0.4246894803548796 0.00698533724340176 0.017832699619771863
1 0.6191026392961877 0.3409759188846641 0.006351906158357771 0.015095057034220533
1 0.6057653958944281 0.34577946768060835 0.007618768328445748 0.0164638783269962
1 0.5670322580645161 0.10291508238276299 0.005079178885630499 0.0164638783269962
1 0.5229032258064515 0.5900253485424588 0.0057126099706744865 0.013726235741444867
1 0.5902111436950146 0.6655006337135615 0.0057126099706744865 0.013726235741444867
1 0.07587683284457478 0.08301647655259822 0.00444574780058651 0.012344740177439797
1 0.07683284457478005 0.10016476552598226 0.005079178885630499 0.010975918884664131
1 0.04730791788856305 0.1900380228136882 0.008252199413489735 0.012344740177439797
1 0.45876832844574783 0.7430291508238276 0.0057126099706744865 0.012344740177439797
1 0.4663929618768329 0.8143726235741444 0.00444574780058651 0.012344740177439797
1 0.1441407624633431 0.41233206590621035 0.005079178885630499 0.009607097591888467
1 0.0946099706744868 0.6030671736375158 0.005079178885630499 0.012344740177439797
1 0.4435307917888563 0.7004942965779468 0.00444574780058651 0.012344740177439797
1 0.4695659824046921 0.7004942965779468 0.00444574780058651 0.009607097591888467
1 0.47527859237536657 0.7011787072243346 0.0057126099706744865 0.010975918884664131
1 0.3978123167155425 0.602382762991128 0.0057126099706744865 0.010975918884664131
1 0.49718475073313784 0.3485297845373891 0.007618768328445748 0.013726235741444867
1 0.40733724340175953 0.16740177439797213 0.00444574780058651 0.010975918884664131
1 0.41781231671554253 0.24287705956907477 0.005079178885630499 0.010975918884664131
1 0.5568739002932551 0.36499366286438534 0.005079178885630499 0.013726235741444867
1 0.34415835777126097 0.2696324461343473 0.005079178885630499 0.012344740177439797
1 0.34733137829912025 0.5358301647655259 0.006351906158357771 0.012344740177439797
1 0.37558944281524925 0.33 0.00444574780058651 0.009607097591888467
1 0.36606451612903224 0.3053105196451204 0.0057126099706744865 0.012344740177439797
1 0.3578064516129032 0.32451204055766797 0.0057126099706744865 0.015095057034220533
1 0.3098709677419355 0.14133079847908747 0.006351906158357771 0.010975918884664131
1 0.3197126099706745 0.1612294043092522 0.00698533724340176 0.012344740177439797
1 0.5282991202346041 0.04253485424588087 0.00889149560117302 0.0164638783269962
1 0.4140058651026393 0.2017110266159696 0.005079178885630499 0.0164638783269962
1 0.36638123167155423 0.3862610899873257 0.006351906158357771 0.012344740177439797
1 0.5387800586510264 0.5262230671736375 0.0057126099706744865 0.015095057034220533
1 0.0841348973607038 0.46242078580481627 0.0057126099706744865 0.010975918884664131
1 0.05746627565982405 0.4301774397972117 0.00698533724340176 0.012344740177439797
1 0.0546099706744868 0.648339670468948 0.005079178885630499 0.012344740177439797
1 0.07524340175953079 0.6236501901140684 0.0057126099706744865 0.012344740177439797
1 0.040005865102639294 0.6668694550063371 0.005079178885630499 0.010975918884664131
1 0.0647683284457478 0.7100887198986058 0.006351906158357771 0.012344740177439797
1 0.08635777126099707 0.2600253485424588 0.006351906158357771 0.012344740177439797
1 0.3390791788856305 0.758808618504436 0.006351906158357771 0.0164638783269962
1 0.1596950146627566 0.0288212927756654 0.0057126099706744865 0.010975918884664131
1 0.12889736070381233 0.10291508238276299 0.003812316715542522 0.010975918884664131
1 0.1447741935483871 0.14888466413181242 0.006351906158357771 0.009607097591888467
1 0.10064516129032258 0.12761723700887198 0.00698533724340176 0.013726235741444867
1 0.04698533724340176 0.0761596958174905 0.006351906158357771 0.015095057034220533
1 0.03079765395894428 0.0185297845373891 0.0057126099706744865 0.012344740177439797
1 0.026668621700879764 0.0329277566539924 0.005079178885630499 0.013726235741444867
1 0.012697947214076246 0.10428390367553866 0.005079178885630499 0.010975918884664131
1 0.06095601173020528 0.15162230671736374 0.006351906158357771 0.009607097591888467
1 0.06762463343108505 0.15505703422053232 0.0057126099706744865 0.010975918884664131
1 0.07270381231671554 0.20651457541191381 0.00444574780058651 0.012344740177439797
1 0.009208211143695015 0.2984410646387833 0.0057126099706744865 0.009607097591888467
1 0.12159530791788856 0.5941444866920151 0.0057126099706744865 0.010975918884664131
1 0.31653372434017596 0.030190114068441066 0.00444574780058651 0.010975918884664131
1 0.3016129032258065 0.08096324461343474 0.005079178885630499 0.010975918884664131
1 0.24795894428152493 0.012344740177439797 0.00698533724340176 0.013726235741444867
1 0.2943108504398827 0.15917617237008871 0.0057126099706744865 0.010975918884664131
1 0.14699706744868035 0.1900380228136882 0.0057126099706744865 0.012344740177439797
1 0.15493255131964812 0.2703168567807351 0.005079178885630499 0.010975918884664131
1 0.026351906158357773 0.17700887198986057 0.0057126099706744865 0.010975918884664131
1 0.025401759530791792 0.14750316856780735 0.005079178885630499 0.009607097591888467
1 0.04349560117302052 0.11320659062103929 0.00444574780058651 0.009607097591888467
1 0.11429325513196481 0.09811153358681875 0.003812316715542522 0.009607097591888467
1 0.1200117302052786 0.09811153358681875 0.005079178885630499 0.009607097591888467
1 0.20001759530791788 0.33960709759188845 0.005079178885630499 0.015095057034220533
1 0.2089090909090909 0.34989860583016474 0.006351906158357771 0.013726235741444867
1 0.18858651026392964 0.021951837769328263 0.005079178885630499 0.010975918884664131
1 0.1844633431085044 0.05762991128010139 0.00444574780058651 0.008238276299112801
1 0.1765219941348974 0.0761596958174905 0.003812316715542522 0.009607097591888467
1 0.1708093841642229 0.06655259822560203 0.005079178885630499 0.009607097591888467
1 0.1635073313782991 0.05282636248415716 0.00444574780058651 0.009607097591888467
1 0.29812316715542525 0.3149049429657795 0.00444574780058651 0.0068567807351077315
1 0.2685923753665689 0.463105196451204 0.003812316715542522 0.0068567807351077315
1 0.29812316715542525 0.4555513307984791 0.00444574780058651 0.008238276299112801
1 0.36606451612903224 0.17906210392902408 0.00444574780058651 0.012344740177439797
1 0.373366568914956 0.15299112801013942 0.005079178885630499 0.015095057034220533
1 0.44607038123167153 0.0555766793409379 0.008252199413489735 0.015095057034220533
1 0.4692492668621701 0.06448669201520912 0.006351906158357771 0.0164638783269962
1 0.08191202346041056 0.11182509505703422 0.006351906158357771 0.012344740177439797
1 0.09238709677419356 0.0679214195183777 0.0057126099706744865 0.009607097591888467
1 0.11715542521994135 0.027439797211660327 0.00444574780058651 0.010975918884664131
1 0.13683870967741935 0.029505703422053234 0.00444574780058651 0.009607097591888467
1 0.004762463343108504 0.1687705956907478 0.0057126099706744865 0.010975918884664131
1 0.9838709677419355 0.5978073510773131 0.01270967741935484 0.021128010139416984
1 0.9794721407624634 0.2946768060836502 0.011730205278592375 0.027465145754119142
1 0.8802521994134896 0.3696704689480355 0.01075073313782991 0.021128010139416984
1 0.8831847507331377 0.2112420785804816 0.008797653958944282 0.025348542458808618
1 0.8978475073313783 0.1573764258555133 0.008797653958944282 0.019011406844106463
1 0.923266862170088 0.8048162230671736 0.008797653958944282 0.016894803548795943
1 0.7189618768328445 0.24609632446134347 0.008797653958944282 0.019011406844106463
1 0.826 0.7815842839036755 0.011730205278592375 0.025348542458808618
1 0.8132961876832845 0.3591001267427123 0.009777126099706745 0.021128010139416984
1 0.8646158357771262 0.09610899873257288 0.008797653958944282 0.01479087452471483
1 0.672533724340176 0.28095057034220533 0.009777126099706745 0.016894803548795943
1 0.7419354838709677 0.26404309252218 0.007818181818181818 0.012674271229404309
1 0.7478005865102639 0.3105196451204056 0.007818181818181818 0.016894803548795943
1 0.8176950146627566 0.10456273764258556 0.008797653958944282 0.019011406844106463
1 0.954058651026393 0.01055766793409379 0.007818181818181818 0.016894803548795943
1 0.9657888563049853 0.09188846641318124 0.007818181818181818 0.019011406844106463
1 0.9599237536656892 0.7435614702154626 0.007818181818181818 0.016894803548795943
1 0.6485806451612903 0.16476552598225602 0.008797653958944282 0.021128010139416984
1 0.8220938416422288 0.15631178707224333 0.009777126099706745 0.021128010139416984
1 0.9227741935483871 0.268276299112801 0.005865102639296188 0.016894803548795943
1 0.9359706744868035 0.29256020278833966 0.006844574780058651 0.01479087452471483
1 0.9403695014662756 0.27461343472750316 0.005865102639296188 0.012674271229404309
1 0.8230674486803519 0.8333333333333334 0.005865102639296188 0.01479087452471483
1 0.8015659824046921 0.985424588086185 0.011730205278592375 0.019011406844106463
1 0.9120234604105572 0.9833079847908746 0.009777126099706745 0.01479087452471483
1 0.706258064516129 0.4615589353612167 0.008797653958944282 0.019011406844106463
1 0.7135894428152493 0.4404309252217998 0.009777126099706745 0.019011406844106463
1 0.866275659824047 0.43866920152091254 0.006516129032258064 0.014081115335868187
1 0.9080703812316715 0.42167300380228134 0.005425219941348974 0.012902408111533587
1 0.9639765395894427 0.4322179974651457 0.008686217008797655 0.015247148288973384
1 0.9764633431085044 0.699062103929024 0.005425219941348974 0.014081115335868187
1 0.6668035190615836 0.6750190114068442 0.004885630498533724 0.015247148288973384
1 0.7479530791788856 0.7025855513307985 0.011941348973607038 0.018770595690747783
0 0.555941348973607 0.5594296577946768 0.017161290322580645 0.03801013941698352
1 0.6045689149560117 0.4543472750316857 0.00709090909090909 0.01296577946768061
1 0.8060938416422287 0.3252851711026616 0.005454545454545455 0.014144486692015209
1 0.7531906158357772 0.35769328263624844 0.005454545454545455 0.010608365019011405
1 0.7657360703812316 0.531533586818758 0.005454545454545455 0.01178707224334601
1 0.6629266862170088 0.18916349809885932 0.004909090909090909 0.01296577946768061
1 0.6143870967741936 0.283447401774398 0.004909090909090909 0.010608365019011405
1 0.6157478005865102 0.11844106463878327 0.006545454545454545 0.010608365019011405
1 0.6179296187683284 0.1314068441064639 0.004363636363636364 0.010608365019011405
1 0.4461348973607038 0.11726235741444867 0.004363636363636364 0.010608365019011405
1 0.48758357771261 0.1814955640050697 0.004363636363636364 0.01178707224334601
1 0.5140351906158358 0.1272877059569075 0.004909090909090909 0.01178707224334601
1 0.5085806451612903 0.10253485424588087 0.006 0.01178707224334601
1 0.4354956011730205 0.10784537389100127 0.004909090909090909 0.010608365019011405
1 0.2811495601173021 0.8067300380228136 0.004909090909090909 0.010608365019011405
1 0.30760117302052786 0.7401520912547529 0.004363636363636364 0.009429657794676806
1 0.14643988269794722 0.6352471482889733 0.004909090909090909 0.01178707224334601
1 0.14834604105571847 0.45670468948035486 0.004363636363636364 0.010608365019011405
1 0.3002404692082112 0.6122686945500634 0.0038181818181818182 0.010608365019011405
1 0.47585923753665693 0.6069708491761724 0.004909090909090909 0.01178707224334601
1 0.3847741935483871 0.6853485424588086 0.004909090909090909 0.010608365019011405
1 0.16089149560117302 0.6057921419518378 0.004363636363636364 0.01178707224334601
1 0.159524926686217 0.6187579214195184 0.0038181818181818182 0.01178707224334601
1 0.14316715542521993 0.6835741444866921 0.004909090909090909 0.01178707224334601
1 0.11562463343108503 0.83915082382763 0.005454545454545455 0.009429657794676806
1 0.2855131964809384 0.8803929024081115 0.004909090909090909 0.01178707224334601
1 0.2383401759530792 0.9805703422053231 0.004363636363636364 0.009429657794676806
1 0.2579706744868035 0.9599493029150824 0.005454545454545455 0.01296577946768061
1 0.1944340175953079 0.6629531051964512 0.004909090909090909 0.010608365019011405
1 0.1919765395894428 0.6800380228136882 0.005454545454545455 0.014144486692015209
1 0.4843108504398827 0.7867046894803549 0.005454545454545455 0.01296577946768061
1 0.4477712609970675 0.7525221799746514 0.005454545454545455 0.010608365019011405
1 0.5475777126099707 0.4237008871989861 0.005454545454545455 0.01296577946768061
1 0.5467565982404692 0.38598225602027886 0.0038181818181818182 0.010608365019011405
1 0.5047624633431085 0.43135614702154623 0.006 0.01178707224334601
1 0.46822287390029327 0.4237008871989861 0.006 0.01296577946768061
1 0.45295014662756594 0.4561089987325729 0.0038181818181818182 0.009429657794676806
1 0.44858651026392965 0.5291761723700887 0.004909090909090909 0.009429657794676806
1 0.6119296187683284 0.6010773130544994 0.005454545454545455 0.01178707224334601
1 0.6408387096774194 0.306425855513308 0.005454545454545455 0.01178707224334601
1 0.7717302052785924 0.41603295310519645 0.006545454545454545 0.014144486692015209
1 0.7818240469208211 0.3146768060836502 0.004909090909090909 0.01178707224334601
1 0.6190205278592376 0.6110899873257287 0.005454545454545455 0.010608365019011405
1 0.6217478005865102 0.625830164765526 0.006545454545454545 0.01178707224334601
1 0.6820175953079178 0.5745500633713562 0.004909090909090909 0.010608365019011405
1 0.7131026392961877 0.7260076045627377 0.006 0.01650190114068441
1 0.7466451612903225 0.6859315589353613 0.0076363636363636364 0.01650190114068441
1 0.5110322580645161 0.1873891001267427 0.005454545454545455 0.014144486692015209
1 0.48567155425219943 0.1437896070975919 0.006 0.014144486692015209
1 0.5464868035190615 0.08780735107731305 0.005454545454545455 0.010608365019011405
1 0.5197595307917889 0.1485044359949303 0.005454545454545455 0.01178707224334601
1 0.5347565982404692 0.24808618504435995 0.004909090909090909 0.008250950570342206
1 0.4837653958944282 0.21449936628643854 0.004363636363636364 0.01178707224334601
1 0.4987624633431085 0.18091254752851713 0.0038181818181818182 0.010608365019011405
1 0.4611319648093842 0.15262357414448668 0.004909090909090909 0.010608365019011405
1 0.4627683284457478 0.12787072243346007 0.0038181818181818182 0.008250950570342206
1 0.4207741935483871 0.14201520912547527 0.004909090909090909 0.008250950570342206
1 0.5200351906158358 0.35239543726235745 0.004909090909090909 0.009429657794676806
1 0.5677536656891495 0.23335868187579215 0.004363636363636364 0.009429657794676806
1 0.4267683284457478 0.3382509505703422 0.004909090909090909 0.014144486692015209
1 0.7946392961876833 0.41073510773130545 0.012 0.017680608365019012
1 0.8510850439882698 0.3264638783269962 0.004909090909090909 0.009429657794676806
1 0.8336363636363636 0.300532319391635 0.006 0.01178707224334601
1 0.8538123167155425 0.3117363751584284 0.004909090909090909 0.01296577946768061
1 0.8930850439882698 0.26518377693282635 0.004909090909090909 0.014144486692015209
1 0.9121700879765395 0.28404309252218 0.004909090909090909 0.009429657794676806
1 0.9803460410557184 0.36476552598225603 0.006 0.010608365019011405
1 0.9702580645161291 0.5509885931558935 0.005454545454545455 0.010608365019011405
1 0.9958885630498534 0.4796831432192649 0.005454545454545455 0.01178707224334601
1 0.9858005865102639 0.5197465145754119 0.00709090909090909 0.01178707224334601
1 0.910533724340176 0.46022813688212927 0.004909090909090909 0.01296577946768061
1 0.905624633431085 0.44727503168567806 0.006 0.010608365019011405
1 0.9814369501466275 0.6694296577946768 0.004909090909090909 0.009429657794676806
1 0.9277184750733137 0.7112674271229406 0.0076363636363636364 0.010608365019011405
1 0.8456363636363636 0.6788593155893536 0.006 0.01178707224334601
1 0.653108504398827 0.2881622306717364 0.004909090909090909 0.01296577946768061
1 0.6397478005865103 0.28168567807351075 0.005454545454545455 0.01178707224334601
1 0.6487448680351906 0.44432192648922686 0.006 0.01178707224334601
1 0.6719237536656892 0.39365019011406843 0.004363636363636364 0.01178707224334601
1 0.6768328445747801 0.38422053231939163 0.005454545454545455 0.01178707224334601
1 0.7673724340175953 0.8497591888466414 0.005454545454545455 0.014144486692015209
1 0.8393607038123166 0.9428643852978453 0.005454545454545455 0.01178707224334601
1 0.7147390029325514 0.4914702154626109 0.006 0.014144486692015209
1 0.8219120234604105 0.7448669201520913 0.008727272727272728 0.02121673003802281
1 0.826 0.6871102661596958 0.00818181818181818 0.014144486692015209
1 0.9015366568914955 0.008833967046894804 0.0076363636363636364 0.01296577946768061
1 0.7207390029325512 0.19269961977186312 0.00709090909090909 0.015323193916349809
1 0.6700175953079179 0.08367553865652724 0.004909090909090909 0.009429657794676806
1 0.7332844574780059 0.1490874524714829 0.00709090909090909 0.010608365019011405
1 0.7553724340175954 0.1320025348542459 0.005454545454545455 0.009429657794676806
1 0.7684633431085044 0.056577946768060834 0.005454545454545455 0.01178707224334601
1 0.9162639296187683 0.08839036755386565 0.0076363636363636364 0.018859315589353613
1 0.8644516129032259 0.013548795944233206 0.006545454545454545 0.010608365019011405
1 0.8718123167155426 0.16854245880861848 0.00818181818181818 0.018859315589353613
1 0.7654604105571847 0.43371356147021545 0.006 0.01178707224334601
1 0.5366686217008797 0.7389733840304182 0.005454545454545455 0.01178707224334601