1 0.21021406727828745 0.9608925204274041 0.011664482306684142 0.014286612193588939
1 0.2839624290083006 0.9684789440603393 0.006334643949322849 0.012011313639220615
1 0.3252424639580603 0.9256819610307983 0.008846657929226736 0.015405405405405406
1 0.32575360419397115 0.7991263356379636 0.012297946701616425 0.017077309868007543
1 0.49051114023591086 0.8853991200502829 0.011896024464831805 0.018604651162790697
1 0.6804106596767148 0.9829101194217473 0.009637396242900829 0.016442489000628537
1 0.8203975535168196 0.8355122564424889 0.010637833114897336 0.013067253299811439
1 0.8373787680209699 0.7712947831552484 0.010646570554827437 0.015505971087366437
1 0.8909261686325907 0.7561910747957259 0.011009174311926604 0.01670647391577624
1 0.9535736129314111 0.8798868636077939 0.007732634338138925 0.011068510370835952
1 0.9846788990825688 0.2868761785040855 0.006867627785058978 0.011665619107479572
1 0.7535954565312364 0.21104965430546824 0.005600698995194408 0.011822752985543682
1 0.7014897335080822 0.252972972972973 0.005705548274355614 0.01016970458830924
1 0.7049191786806466 0.32034569453174105 0.008920926168632591 0.01403519798868636
0 0.3912669287898646 0.3453739786297926 0.04143730886850153 0.0693274670018856
1 0.2773132372214941 0.5237774984286613 0.0051638269986893845 0.00907605279698303
1 0.15089121887287024 0.44245128849780013 0.014307557885539536 0.019182903834066626
1 0.15298820445609437 0.3621244500314268 0.011227610310179117 0.0138340666247643
1 0.06196155526430756 0.27336895034569453 0.007466142420270861 0.010829666876178505
1 0.3408082131935343 0.11244500314267757 0.007230231542158148 0.013551225644248899