1 0.7282863436123348 0.4915740162398501 0.007713656387665199 0.009462835727670206
1 0.06966519823788546 0.8970455965021862 0.007625550660792951 0.009131792629606495
1 0.11959471365638767 0.9089319175515304 0.006863436123348017 0.01278575890068707
1 0.14097356828193833 0.8980387257963772 0.007744493392070484 0.017613991255465335
1 0.14155506607929516 0.8505746408494691 0.010938325991189426 0.010980637101811366
1 0.2056035242290749 0.9512554653341662 0.009370044052863435 0.011261711430356027
1 0.24787665198237882 0.956214865708932 0.010841409691629956 0.016383510306058714
1 0.2650660792951542 0.9054840724547158 0.010114537444933921 0.012598376014990632
1 0.3552687224669604 0.9712429731417864 0.005475770925110132 0.0119737663960025
1 0.37177533039647576 0.9838600874453467 0.006744493392070484 0.013266708307307931
1 0.357079295154185 0.8549531542785759 0.007744493392070484 0.009200499687695192
1 0.317704845814978 0.8318550905683947 0.007334801762114537 0.0147158026233604
1 0.29812334801762114 0.7582885696439725 0.005986784140969163 0.015040599625234227
1 0.3297180616740088 0.7128794503435353 0.006374449339207049 0.009450343535290444
1 0.4467885462555066 0.804996876951905 0.011572687224669604 0.012704559650218614
1 0.46112775330396477 0.8568519675202998 0.007832599118942732 0.01778263585259213
1 0.5401674008810573 0.8630231105559026 0.006533039647577093 0.010974391005621486
1 0.5624669603524229 0.851317926296065 0.006277533039647577 0.013385384134915678
1 0.6585638766519823 0.8528732042473455 0.010330396475770925 0.01269831355402873
1 0.8268722466960352 0.908319800124922 0.009273127753303965 0.011567770143660212
1 0.8457533039647577 0.9967020612117427 0.005167400881057269 0.006389756402248595
1 0.9664449339207049 0.8063148032479701 0.007475770925110131 0.009594003747657714
1 0.8792511013215859 0.7136227357901311 0.007334801762114537 0.011898813241723923
1 0.9668986784140969 0.6678888194878201 0.009061674008810573 0.011392879450343535
1 0.9892863436123347 0.5943035602748282 0.007911894273127754 0.01263585259212992
1 0.8096607929515419 0.667151780137414 0.0106431718061674 0.013747657713928796
1 0.6894229074889868 0.7124609618988132 0.007889867841409692 0.01339787632729544
0 0.5536784140969162 0.677008119925047 0.02071806167400881 0.027707682698313554
1 0.573546255506608 0.6354341036851968 0.007779735682819383 0.014459712679575265
1 0.6861894273127753 0.6304372267332917 0.007502202643171807 0.01118051217988757
1 0.5843788546255506 0.61525921299188 0.009180616740088106 0.011461586508432231
1 0.7608854625550661 0.5819050593379138 0.009674008810572688 0.013697688944409744
1 0.7065418502202643 0.5690131168019987 0.012409691629955947 0.0147158026233604
1 0.6708017621145375 0.49373516552154906 0.0064449339207048465 0.011636477201748907
1 0.7409779735682819 0.46269831355402874 0.006325991189427313 0.011798875702685821
1 0.7506916299559471 0.4753903810118676 0.006845814977973568 0.009412866958151156
1 0.6787092511013216 0.354684572142411 0.008079295154185023 0.010262336039975015
1 0.587977973568282 0.4834415990006246 0.0069251101321585904 0.009231730168644597
1 0.5508722466960353 0.5330480949406621 0.006334801762114537 0.011730168644597128
1 0.7960264317180616 0.3004934415990006 0.00903964757709251 0.010074953154278575
1 0.9136828193832599 0.23174890693316674 0.009330396475770926 0.01047470331043098
1 0.9965859030837004 0.20489069331667706 0.004951541850220264 0.008469706433479076
1 0.6993832599118942 0.2707995003123048 0.00890308370044053 0.01580886945658963
1 0.6653480176211454 0.24149281698938163 0.00903964757709251 0.009856339787632729
1 0.6710352422907488 0.13797626483447845 0.008259911894273128 0.013479075577763896
1 0.6897488986784142 0.087158026233604 0.005167400881057269 0.006639600249843848
1 0.677409691629956 0.07584634603372892 0.006154185022026432 0.00891317926296065
1 0.5962334801762115 0.15059337913803872 0.00520704845814978 0.007114303560274829
1 0.58115859030837 0.05835103060587133 0.005444933920704846 0.010306058713304185
0 0.3437973568281938 0.16440349781386632 0.013594713656387664 0.021324172392254842
1 0.2629074889867841 0.19841973766396004 0.006466960352422908 0.009887570268582136
1 0.2492202643171806 0.2555215490318551 0.010158590308370043 0.016845721424109932
1 0.3189559471365639 0.3218675827607745 0.0078105726872246695 0.009737663960024984
1 0.46502643171806163 0.27683322923173015 0.005497797356828194 0.008719550281074328
1 0.0578237885462555 0.25099937539038103 0.010960352422907488 0.012585883822610867
1 0.11078414096916299 0.3670830730793255 0.006801762114537445 0.008238600874453467
1 0.0600352422907489 0.4750405996252342 0.007951541850220265 0.012542161149281698
1 0.12987665198237885 0.5093004372267332 0.008511013215859032 0.012117426608369768
1 0.184 0.502154903185509 0.008709251101321586 0.013148032479700188
1 0.20690748898678415 0.4171267957526546 0.0059030837004405284 0.011623985009369144
1 0.2637885462555066 0.5307432854465959 0.006202643171806167 0.009038101186758277
1 0.3114493392070485 0.5085134291068082 0.013726872246696034 0.017239225484072456
1 0.3339118942731278 0.5063897564022486 0.016788546255506607 0.019706433479075577
1 0.3761057268722467 0.4384447220487196 0.005951541850220264 0.014990630855715179
1 0.37739207048458145 0.5081948782011243 0.006497797356828194 0.00990630855715178
1 0.42421585903083703 0.5551217988757027 0.010079295154185021 0.01523422860712055
1 0.43951541850220266 0.46500312304809494 0.008233480176211455 0.015321673953778888
1 0.614193832599119 0.3952404747033104 0.009797356828193831 0.013791380387257962