1 0.11961538461538461 0.858697539797395 0.012950928381962866 0.007872648335745297
1 0.1568103448275862 0.8302797877472263 0.017818302387267906 0.01250844187168355
1 0.2834814323607427 0.8751181862035696 0.013547745358090186 0.007998070429329474
1 0.1668236074270557 0.9061312108055958 0.007858090185676393 0.004582730342498794
1 0.17431697612732097 0.9698938736131211 0.009217506631299735 0.0061842739990352145
1 0.5181697612732096 0.8991992281717318 0.01539787798408488 0.010540279787747226
0 0.6555570291777189 0.9152387843704776 0.04755968169761273 0.029739507959479015
1 0.6945623342175067 0.8874867342016401 0.011074270557029177 0.012899179932465026
1 0.762340848806366 0.8904775687409552 0.007599469496021221 0.005996140858658948
1 0.7521684350132626 0.8278630004823927 0.009071618037135278 0.006685962373371925
1 0.9402254641909814 0.8506946454413893 0.010351458885941644 0.007727930535455861
1 0.5389190981432361 0.75392667631452 0.010563660477453581 0.010520984081041967
1 0.7152320954907161 0.7563675832127352 0.026518567639257296 0.01937288953207911
1 0.8780769230769231 0.7318765074770863 0.012811671087533156 0.006082971538832609
1 0.8918633952254642 0.7494259527255186 0.010397877984084881 0.009450072358900144
1 0.6849005305039787 0.6303859141341052 0.008116710875331565 0.004384949348769898
1 0.5151392572944298 0.6522286541244573 0.007984084880636604 0.007414375301495417
1 0.23366710875331564 0.7091220453449107 0.007970822281167108 0.006189097925711529
1 0.2783289124668435 0.6307525325615051 0.015510610079575597 0.009078630004823927
1 0.043295755968169765 0.6059913169319826 0.019787798408488065 0.009131693198263386
1 0.022824933687002655 0.5865171249397009 0.012924403183023871 0.006869271587071877
1 0.0463395225464191 0.5617366136034733 0.01496684350132626 0.00788712011577424
1 0.18844827586206897 0.5546406174626145 0.007493368700265252 0.005595754944524843
1 0.21125331564986738 0.5670381090207429 0.012208222811671087 0.0046116739025566815
1 0.29108753315649866 0.503511818620357 0.009688328912466843 0.005455861070911722
1 0.1905503978779841 0.5122286541244573 0.015782493368700266 0.01
1 0.05779177718832892 0.5058755426917512 0.013342175066312998 0.006222865412445731
1 0.0343368700265252 0.4592378195851423 0.008680371352785146 0.0051616015436565365
1 0.2294363395225464 0.4071490593342981 0.01722148541114058 0.01005306319343946
1 0.4326923076923077 0.4562614568258563 0.010742705570291777 0.006150506512301013
1 0.43568302387267904 0.5236517124939701 0.008541114058355437 0.0050844187168355036
1 0.39607427055702915 0.5407428847081525 0.009754641909814324 0.00753497346840328
1 0.16607427055702917 0.353420164013507 0.015908488063660478 0.009681620839363242
1 0.19566976127320954 0.3489773275446213 0.008302387267904509 0.0057501205981669076
1 0.057831564986737395 0.30384949348769896 0.01477453580901857 0.012667631452001931
1 0.1202055702917772 0.20540762180414857 0.010039787798408488 0.007153883260974433
1 0.03905835543766578 0.2139170284611674 0.011312997347480105 0.010289435600578871
1 0.10154509283819628 0.17496864447660396 0.010881962864721486 0.005764592378195851
1 0.13488726790450928 0.145383502170767 0.01213527851458886 0.009064158224794982
1 0.32270557029177716 0.17281234925229136 0.008852785145888595 0.006410998552821997
1 0.31646551724137933 0.22616015436565362 0.010006631299734748 0.005031355523396044
1 0.4093567639257294 0.2924794983116256 0.010411140583554376 0.009763627592860587
1 0.4714456233421751 0.2651085383502171 0.013282493368700266 0.009556198745779064
1 0.3615450928381963 0.11010130246020261 0.01293766578249337 0.01186685962373372
1 0.2526458885941645 0.11874095513748191 0.011850132625994696 0.008326097443318862
1 0.04972148541114059 0.027308248914616497 0.009456233421750664 0.006917510853835022
1 0.44767904509283823 0.022899179932465027 0.00936339522546419 0.0060250844187168355
1 0.5448408488063661 0.10667149059334298 0.008766578249336871 0.00698986975397974
1 0.5994363395225465 0.21376748673420162 0.010278514588859417 0.008007718282682104
1 0.6529708222811671 0.2721804148576942 0.006942970822281167 0.005846599131693198
1 0.7605570291777188 0.3038639652677279 0.008129973474801062 0.004756391702846117
1 0.7955769230769231 0.16077182826821032 0.0072877984084880635 0.00612638687891944
0 0.7555570291777189 0.3493680656054028 0.03356100795755968 0.020414857694163048
1 0.6566114058355438 0.4217703810902074 0.008786472148541113 0.006575012059816691
1 0.5944031830238727 0.4917317896767969 0.009767904509283819 0.005692233478051134
1 0.6254907161803713 0.5298022190062711 0.009237400530503979 0.0064785335262904
1 0.3614854111405836 0.36400868306801737 0.009257294429708223 0.00592378195851423