1 0.22716346153846154 0.8403598848368522 0.012463942307692306 0.009001919385796546
0 0.11581730769230769 0.6999232245681383 0.04375600961538462 0.0305278310940499
1 0.2615264423076923 0.6902927063339731 0.007548076923076923 0.007667946257197697
1 0.34337139423076923 0.7110220729366603 0.008918269230769231 0.008325335892514395
1 0.49395432692307695 0.8153694817658349 0.008010817307692307 0.0046257197696737045
1 0.560655048076923 0.8951007677543187 0.009158653846153846 0.008085412667946257
1 0.6569711538461539 0.9290834932821497 0.007926682692307691 0.008843570057581573
1 0.6176682692307692 0.9827063339731286 0.007469951923076923 0.0068905950095969285
1 0.7449399038461538 0.9013579654510557 0.00953125 0.012197696737044147
1 0.8552283653846153 0.7869721689059501 0.0076802884615384615 0.00783109404990403
1 0.9179927884615384 0.7098080614203455 0.006971153846153846 0.005892514395393474
1 0.8039903846153845 0.6674712092130518 0.008900240384615385 0.005220729366602688
1 0.7376682692307692 0.7091602687140116 0.0070072115384615385 0.009400191938579654
0 0.2976262019230769 0.6353694817658349 0.03616586538461539 0.031017274472168906
1 0.34796875 0.640489443378119 0.007602163461538461 0.00525911708253359
1 0.46691706730769234 0.6096065259117083 0.011051682692307692 0.008286948176583493
1 0.5101802884615385 0.6332437619961613 0.011911057692307693 0.007562380038387716
1 0.12712139423076924 0.582989443378119 0.010757211538461538 0.009054702495201536
1 0.18575721153846156 0.46702015355086374 0.018323317307692308 0.017111324376199614
1 0.21408052884615386 0.47181861804222647 0.008834134615384615 0.007509596928982725
1 0.4107451923076923 0.3593234165067179 0.026448317307692308 0.02371401151631478
1 0.8578365384615385 0.49097408829174666 0.011400240384615384 0.011026871401151632
1 0.028743990384615385 0.29729846449136277 0.012373798076923077 0.00887236084452975
1 0.014116586538461538 0.2510172744721689 0.022205528846153847 0.018306142034548945
1 0.045414663461538454 0.07361324376199616 0.01115985576923077 0.0090978886756238
1 0.08864783653846153 0.141573896353167 0.01346153846153846 0.010619001919385796
1 0.336484375 0.11361804222648753 0.010186298076923077 0.011108445297504798
1 0.6043810096153847 0.015772552783109402 0.012457932692307692 0.009812859884836852
1 0.7136177884615384 0.009976007677543185 0.014519230769230769 0.01142514395393474
1 0.9920432692307692 0.18092130518234167 0.013798076923076923 0.012509596928982725