1 0.7909762020398251 0.5712462731067383 0.007683341427877611 0.008145497912939774
1 0.04126274890723652 0.9552534287418009 0.007100534239922292 0.007632677400119261
1 0.1142836328314716 0.9809242695289206 0.006236036911121904 0.00789505068574836
1 0.16200582807187955 0.887793679189028 0.0067799902865468675 0.008389982110912344
1 0.09113647401651287 0.8647644603458557 0.009339485186983973 0.010220632081097197
1 0.054283632831471584 0.8551222420989862 0.011044196211753277 0.013285629099582589
1 0.06328314715881496 0.8201788908765654 0.013443419135502671 0.016827668455575432
1 0.036610004856726566 0.7694215861657722 0.005599805730937348 0.006296958855098391
1 0.11618261291889266 0.8468336314847943 0.0048372996600291405 0.00627906976744186
1 0.1754055366682856 0.8405963029218844 0.007576493443419136 0.01137149672033393
1 0.1601602719766877 0.7996958855098389 0.005677513355998057 0.006189624329159213
1 0.1760806216610005 0.8122898032200359 0.005026711996114618 0.00902206320810972
1 0.22570665371539583 0.7916517590936195 0.004167071393880524 0.006064400715563506
1 0.23440505099562894 0.8242039355992845 0.005964060223409421 0.0073106738223017295
1 0.19758135016998543 0.8663923673225999 0.0064205925206410885 0.005491949910554563
1 0.2849538610976202 0.9246094215861658 0.00565808644973288 0.007000596302921884
1 0.2653035454103934 0.9771138938580798 0.005361826129188926 0.006660703637447823
1 0.40662943176299177 0.9778234943351222 0.005886352598348713 0.009672033392963625
1 0.3576056338028169 0.8605903398926655 0.007945604662457504 0.00825283243887895
1 0.34643030597377367 0.7889505068574836 0.0050947061680427395 0.0070423375074537865
1 0.39857212238950945 0.7750327966607037 0.00537639630888781 0.006338700059630293
1 0.43226809130645943 0.7915205724508051 0.005167557066537154 0.005796064400715564
1 0.44219524040796504 0.8072093023255814 0.008115590092277806 0.006851520572450805
1 0.4724963574550753 0.7623792486583184 0.006313744536182613 0.006577221228384019
1 0.5504905293831958 0.8440250447227192 0.00629917435648373 0.005462134764460346
1 0.5586401165614376 0.9030113297555158 0.004395337542496358 0.006905187835420394
1 0.6103933948518698 0.8658258795468098 0.006488586692569208 0.007561121049493143
1 0.6356629431762991 0.9110852713178296 0.00633317144244779 0.0054979129397734056
1 0.82630403108305 0.9825939177101968 0.007989315201554152 0.008050089445438283
1 0.877226809130646 0.878783542039356 0.004531325886352598 0.006332737030411448
1 0.8166294317629917 0.8346869409660107 0.008139873725109277 0.007531305903398927
1 0.7445798931520154 0.7680262373285629 0.007051966974259349 0.006696481812760883
1 0.8297085964060222 0.6962075134168157 0.01089849441476445 0.013106738223017294
1 0.8497328800388537 0.6292069171138939 0.008042739193783389 0.01
1 0.6478387566779991 0.665933214072749 0.009878581835842642 0.01321407274895647
1 0.6217144244779018 0.7297078115682767 0.005730937348227295 0.005080500894454383
1 0.8718309859154929 0.6050447227191413 0.01064108790675085 0.011150864639236731
1 0.8704322486644002 0.5346094215861658 0.003943661971830986 0.007549194991055456
1 0.7502865468674114 0.4855694692903995 0.005463817387081107 0.006845557543231962
1 0.7805342399222923 0.4410137149672034 0.006158329286061194 0.01191413237924866
1 0.833283147158815 0.37168157423971376 0.005046138902379796 0.010524746571258198
1 0.9424817872753763 0.42808586762075135 0.005026711996114618 0.006809779367918903
1 0.8344827586206897 0.3525521765056649 0.007445361826129189 0.008980322003577818
1 0.9667508499271491 0.18467501490757304 0.006770276833414278 0.01001788908765653
1 0.6415152986886838 0.39097793679189025 0.006338028169014085 0.007608825283243888
1 0.5896940262263235 0.3349731663685152 0.007994171928120446 0.010524746571258198
1 0.5413695968916951 0.2262134764460346 0.006255463817387082 0.006899224806201551
1 0.513895094706168 0.34384615384615386 0.0072073822243807675 0.00751937984496124
1 0.5002185526954833 0.38409660107334526 0.0045604662457503645 0.006624925462134764
1 0.5526177756192326 0.4649493142516398 0.005352112676056338 0.007101967799642219
1 0.46774647887323945 0.35422182468694097 0.005915492957746479 0.005933214072748956
1 0.4383729966002914 0.36030411449016103 0.008271005342399223 0.00851520572450805
1 0.42529868868382714 0.313536076326774 0.0068237008256435165 0.009159212880143113
1 0.3934968431277319 0.3871675611210495 0.005628946090335114 0.006380441264162194
1 0.4621223895094706 0.28667262969588553 0.00636716852841185 0.011293977340488969
1 0.44337056823700827 0.4150805008944544 0.007872753763963089 0.00952892069171139
1 0.4512238950947062 0.4407811568276685 0.0053715395823215155 0.00825283243887895
1 0.46557066537153957 0.47452593917710195 0.005468674113647401 0.0071079308288610615
1 0.4755463817387081 0.4898509242695289 0.005915492957746479 0.007423971377459749
1 0.5818164157357941 0.5103637447823495 0.011748421563865954 0.016523553965414432
1 0.574094220495386 0.5231067382230173 0.00799902865468674 0.011681574239713775
1 0.586270033997086 0.5879248658318426 0.007644487615347256 0.008831246273106738
1 0.5361631860126275 0.6355217650566488 0.0049441476444876155 0.00985092426952892
1 0.5407625060709083 0.6459272510435301 0.006653715395823215 0.006720333929636255
1 0.5329626032054395 0.696499701848539 0.008946090335114135 0.0073047107930828865
1 0.5558135016998543 0.7221407274895647 0.005240407965031568 0.009099582587954682
1 0.501816415735794 0.7267441860465116 0.006449732880038853 0.008735837805605247
1 0.4802671199611462 0.710226595110316 0.0075522098105876645 0.01081097197376267
1 0.4748907236522584 0.6270781156827668 0.011107333657115104 0.010518783542039356
1 0.3988683827100534 0.6853249850924269 0.005968916949975716 0.010494931425163985
1 0.3704419621175328 0.6803518187239118 0.007625060709082078 0.010119260584376863
1 0.3292714910150559 0.7114549791293977 0.007178241864983001 0.00688133571854502
1 0.25228266148615835 0.6770661896243292 0.006619718309859155 0.0227072152653548
1 0.20828557552209812 0.6431961836613 0.007027683341427878 0.010834824090638046
1 0.19175813501699854 0.6432558139534884 0.006478873239436619 0.00776386404293381
1 0.195808644973288 0.6593798449612402 0.0067799902865468675 0.006487775790101372
1 0.16350655658086452 0.6196839594514013 0.007173385138416707 0.008509242695289207
1 0.1241816415735794 0.6315682766845558 0.00782904322486644 0.008330351818723911
1 0.10580864497328801 0.6262254025044723 0.0061826129188926665 0.007221228384019081
1 0.004681884409907722 0.5265235539654144 0.008047595920349685 0.010542635658914728
1 0.18780475959203496 0.5203518187239118 0.008965517241379312 0.012564102564102564
1 0.26087906750849926 0.5384078711985688 0.0056046624575036424 0.010363744782349433
1 0.361699854298203 0.4365235539654144 0.008338999514327344 0.010912343470483006
1 0.35577464788732394 0.4227966607036374 0.00818844099077222 0.00740608228980322
1 0.2830791646430306 0.43465116279069765 0.00840213695968917 0.008759689922480619
1 0.29150072850898495 0.3766785927251044 0.008348712967459933 0.014132379248658318
1 0.2720495386109762 0.2839773404889684 0.005847498785818358 0.007495527728085868
1 0.07593006313744537 0.3114251639833035 0.015327829043224866 0.01451401311866428
1 0.04203011170471103 0.31382230172927844 0.009936862554638175 0.009725700655933213
1 0.2904273919378339 0.22530709600477042 0.00750364254492472 0.009880739415623136
1 0.18963088878096163 0.1298747763864043 0.0087178241864983 0.010560524746571258
1 0.332277804759592 0.08774597495527728 0.005395823215152987 0.009308288610614193
1 0.0404273919378339 0.011556350626118067 0.0054346770276833415 0.006970781156827669