0 0.6410415094339622 0.6959194395796847 0.01981132075471698 0.04597197898423818
1 0.640377358490566 0.8235201401050788 0.10943396226415095 0.28458844133099825
0 0.05156226415094339 0.36287215411558665 0.022664150943396227 0.04469352014010508
0 0.20566792452830188 0.35301225919439577 0.02379622641509434 0.0512784588441331
0 0.14674716981132074 0.5528546409807356 0.021532075471698112 0.05390542907180385
0 0.4739471698113208 0.4128371278458844 0.02209811320754717 0.057845884413309984
0 0.5070867924528302 0.3963922942206655 0.01699622641509434 0.048651488616462346
0 0.5246490566037736 0.4029597197898424 0.0204 0.0512784588441331
1 0.47677735849056607 0.4332049036777583 0.006233962264150943 0.01446584938704028
0 0.6034037735849056 0.28530647985989493 0.014732075471698114 0.039439579684763575
0 0.5957584905660377 0.45686514886164625 0.016430188679245283 0.0433800350262697
0 0.4099169811320755 0.377338003502627 0.019833962264150944 0.042066549912434324
0 0.5048226415094339 0.6337127845884414 0.0204 0.04996497373029773
0 0.5427849056603774 0.6258143607705778 0.021532075471698112 0.039439579684763575
0 0.18017358490566038 0.8756217162872154 0.02379622641509434 0.07099824868651489
0 0.12889811320754715 0.9098073555166375 0.017562264150943394 0.039439579684763575
0 0.5031245283018868 0.901260945709282 0.02379622641509434 0.05390542907180385
0 0.5371169811320754 0.8762697022767075 0.019260377358490566 0.04075306479859895
0 0.6711169811320755 0.4785639229422066 0.02549433962264151 0.04996497373029773
0 0.811343396226415 0.2557092819614711 0.02719245283018868 0.06705779334500875
0 0.7798943396226414 0.3418388791593695 0.02096603773584906 0.03418563922942207
0 0.7328679245283019 0.34709281961471106 0.02209811320754717 0.04996497373029773
0 0.8541207547169811 0.5896672504378283 0.02209811320754717 0.05390542907180385
1 0.9368377358490566 0.7053590192644483 0.014166037735849056 0.03812609457092819
1 0.9085132075471698 0.6784063047285465 0.010762264150943395 0.02628721541155867
1 0.9272075471698112 0.6646059544658494 0.007366037735849057 0.02234676007005254
1 0.9915169811320754 0.6521190893169878 0.0136 0.03418563922942207
1 0.9804679245283018 0.523922942206655 0.006233962264150943 0.01446584938704028
1 0.9614867924528302 0.7921366024518389 0.0068 0.011838879159369526
1 0.9725358490566037 0.690893169877408 0.006233962264150943 0.01446584938704028
1 0.9538339622641508 0.8559019264448336 0.00510188679245283 0.013152364273204903
1 0.8396679245283019 0.877583187390543 0.005667924528301887 0.01446584938704028
1 0.8215396226415094 0.6646059544658494 0.0068 0.01446584938704028
1 0.8408 0.615954465849387 0.005667924528301887 0.011838879159369526
1 0.8266415094339622 0.7283712784588441 0.0068 0.013152364273204903
1 0.8014264150943397 0.7060245183887915 0.006233962264150943 0.013152364273204903
1 0.7563849056603774 0.8118563922942207 0.005667924528301887 0.017092819614711034
1 0.810490566037736 0.585061295971979 0.006233962264150943 0.01840630472854641
1 0.8158716981132075 0.5475831873905429 0.005667924528301887 0.011838879159369526
1 0.8215396226415094 0.5659894921190893 0.009064150943396226 0.019719789842381787
1 0.6458339622641509 0.7283362521891419 0.005169811320754717 0.011996497373029772
1 0.7224679245283019 0.5859719789842381 0.006030188679245283 0.010998248686514887
1 0.6972830188679245 0.5604903677758319 0.004739622641509434 0.013992994746059546
1 0.7054641509433962 0.6194395796847636 0.004739622641509434 0.009982486865148863
1 0.7076150943396227 0.7113485113835377 0.0056 0.011996497373029772
1 0.7020150943396226 0.7692994746059544 0.0056 0.009982486865148863
1 0.7007245283018868 0.8082661996497372 0.007320754716981131 0.013992994746059546
1 0.6974943396226415 0.8437302977232924 0.005169811320754717 0.012994746059544659
1 0.8270943396226416 0.59646234676007 0.006030188679245283 0.01798598949211909
1 0.5069735849056604 0.8652189141856392 0.0056 0.011996497373029772
1 0.517954716981132 0.8372504378283713 0.003441509433962264 0.009982486865148863
1 0.5035320754716981 0.94215411558669 0.006460377358490566 0.011996497373029772
1 0.5450792452830189 0.904185639229422 0.00430188679245283 0.009982486865148863
1 0.5394867924528303 0.9026795096322241 0.00430188679245283 0.010998248686514887
1 0.5734943396226415 0.6429246935201401 0.005169811320754717 0.008984238178633976
1 0.5851245283018868 0.6309281961471103 0.005169811320754717 0.012994746059544659
1 0.578445283018868 0.6843782837127845 0.004739622641509434 0.011996497373029772
1 0.5625207547169812 0.6963747810858143 0.0056 0.011996497373029772
1 0.4477735849056603 0.7043607705779334 0.006030188679245283 0.011996497373029772
1 0.4212981132075472 0.8042732049036778 0.004739622641509434 0.011996497373029772
1 0.4144075471698113 0.7912784588441331 0.007320754716981131 0.013992994746059546
1 0.4124679245283019 0.8916987740805604 0.006030188679245283 0.012994746059544659
1 0.6180603773584905 0.5659894921190893 0.006460377358490566 0.012994746059544659
1 0.6393735849056603 0.5644833625218914 0.006030188679245283 0.011996497373029772
1 0.5530490566037736 0.5445008756567427 0.004739622641509434 0.009982486865148863
1 0.5866264150943395 0.5539929947460596 0.0056 0.010998248686514887
1 0.4458415094339623 0.5884588441330998 0.006460377358490566 0.011996497373029772
1 0.46155471698113204 0.5679859894921191 0.005169811320754717 0.012994746059544659
1 0.48264905660377355 0.5679859894921191 0.005169811320754717 0.012994746059544659
1 0.48824905660377355 0.576970227670753 0.00430188679245283 0.012994746059544659
1 0.5313056603773585 0.5165323992994746 0.005169811320754717 0.013992994746059546
1 0.5414188679245283 0.6014535901926445 0.004739622641509434 0.009982486865148863
1 0.5679018867924529 0.5160245183887916 0.006030188679245283 0.012994746059544659
1 0.6348528301886792 0.37816112084063047 0.0056 0.014991243432574432
1 0.6563773584905661 0.429614711033275 0.0056 0.011996497373029772
1 0.6191396226415095 0.46507880910683014 0.005169811320754717 0.012994746059544659
1 0.5917962264150943 0.4421015761821366 0.0056 0.012994746059544659
1 0.6090188679245283 0.4830647985989492 0.0056 0.010998248686514887
1 0.6520754716981132 0.5115411558669001 0.006460377358490566 0.01598949211908932
1 0.716656603773585 0.37166374781085815 0.0056 0.013992994746059546
1 0.7106264150943397 0.37964973730297724 0.004739622641509434 0.011996497373029772
1 0.7142867924528301 0.4371103327495622 0.007750943396226415 0.02297723292469352
1 0.6944830188679245 0.4411033274956217 0.005169811320754717 0.012994746059544659
1 0.7218264150943396 0.5270227670753065 0.004739622641509434 0.010998248686514887
1 0.7638037735849056 0.43910683012259194 0.006030188679245283 0.010998248686514887
1 0.7700452830188679 0.3177057793345009 0.0056 0.013992994746059546
1 0.7465811320754717 0.3342031523642732 0.005169811320754717 0.010998248686514887
1 0.7698264150943396 0.4585814360770578 0.005169811320754717 0.011996497373029772
1 0.7769358490566038 0.4890542907180385 0.003871698113207547 0.012994746059544659
1 0.8096528301886792 0.4446059544658494 0.004739622641509434 0.009982486865148863
1 0.24196981132075474 0.8207530647985989 0.007750943396226415 0.016987740805604203
1 0.29449811320754715 0.7837828371278459 0.006030188679245283 0.010998248686514887
1 0.3248528301886793 0.708861646234676 0.0056 0.012994746059544659
1 0.3261433962264151 0.781786339754816 0.0056 0.010998248686514887
1 0.3485358490566038 0.8532224168126095 0.0056 0.01798598949211909
1 0.32420377358490565 0.8287565674255692 0.005169811320754717 0.010998248686514887
1 0.3179622641509434 0.8372504378283713 0.0056 0.013992994746059546
1 0.2768452830188679 0.8567250437828371 0.00430188679245283 0.012994746059544659
1 0.26543396226415095 0.9846059544658494 0.003871698113207547 0.010998248686514887
1 0.3343245283018868 0.9746234676007005 0.010762264150943395 0.014991243432574432
1 0.21161509433962264 0.9021891418563922 0.006460377358490566 0.009982486865148863
1 0.1795396226415094 0.979106830122592 0.005169811320754717 0.011996497373029772
1 0.1534943396226415 0.8397373029772329 0.0056 0.012994746059544659
1 0.1483245283018868 0.7153590192644483 0.0056 0.009982486865148863
1 0.1160377358490566 0.8437302977232924 0.0056 0.010998248686514887
1 0.12830188679245283 0.875709281961471 0.006030188679245283 0.014991243432574432
1 0.07427169811320754 0.8602276707530648 0.0056 0.011996497373029772
1 0.059630188679245286 0.9106830122591943 0.0056 0.010998248686514887
1 0.04757735849056604 0.8652189141856392 0.004739622641509434 0.00798598949211909
1 0.008392452830188678 0.7433274956217163 0.0056 0.011996497373029772
1 0.022173584905660376 0.5904728546409808 0.0056 0.013992994746059546
1 0.06716981132075471 0.5170402802101577 0.00430188679245283 0.012994746059544659
1 0.11538867924528301 0.5050437828371278 0.006030188679245283 0.010998248686514887
1 0.1832 0.5370052539404553 0.0056 0.012994746059544659
1 0.22388679245283016 0.6449211908931699 0.006030188679245283 0.012994746059544659
1 0.14014339622641508 0.5050437828371278 0.004739622641509434 0.010998248686514887
1 0.15586415094339623 0.6074430823117338 0.005169811320754717 0.011996497373029772
1 0.12076981132075472 0.6144483362521892 0.004739622641509434 0.011996497373029772
1 0.10591698113207547 0.6858844133099825 0.005169811320754717 0.008984238178633976
1 0.10612830188679245 0.7203502626970227 0.004739622641509434 0.009982486865148863
1 0.12701132075471697 0.7218388791593695 0.005169811320754717 0.010998248686514887
1 0.3164603773584906 0.6089492119089317 0.00430188679245283 0.010998248686514887
1 0.37393962264150943 0.6414185639229422 0.004739622641509434 0.011996497373029772
1 0.37264150943396224 0.6788791593695271 0.004739622641509434 0.010998248686514887
1 0.3601584905660377 0.5090367775831874 0.0056 0.012994746059544659
1 0.00430188679245283 0.4575831873905429 0.005169811320754717 0.009982486865148863
1 0.02669433962264151 0.44359019264448335 0.005169811320754717 0.013992994746059546
1 0.06135094339622642 0.39064798598949213 0.003871698113207547 0.00798598949211909
1 0.16059622641509433 0.44560420315236426 0.005169811320754717 0.011996497373029772
1 0.046067924528301885 0.22429071803852887 0.005169811320754717 0.010998248686514887
1 0.03379622641509434 0.23078809106830123 0.0056 0.009982486865148863
1 0.03874716981132076 0.24677758318739054 0.00430188679245283 0.00798598949211909
1 0.1646867924528302 0.3391943957968476 0.004739622641509434 0.012994746059544659
1 0.18363018867924527 0.3326970227670753 0.0056 0.011996497373029772
1 0.17135849056603775 0.3581786339754816 0.00430188679245283 0.012994746059544659
1 0.17307924528301888 0.4021366024518389 0.005169811320754717 0.010998248686514887
1 0.2066641509433962 0.40313485113835373 0.00430188679245283 0.010998248686514887
1 0.22711698113207548 0.4151313485113835 0.008181132075471697 0.014991243432574432
1 0.2266867924528302 0.3162171628721541 0.0056 0.012994746059544659
1 0.24153962264150944 0.29922942206654995 0.00430188679245283 0.012994746059544659
1 0.2533811320754717 0.30373029772329246 0.004739622641509434 0.009982486865148863
1 0.24627924528301887 0.372661996497373 0.005169811320754717 0.009982486865148863
1 0.2525207547169811 0.41112084063047283 0.0056 0.012994746059544659
1 0.2873962264150943 0.3886514886164623 0.004739622641509434 0.011996497373029772
1 0.27168301886792456 0.4081260945709282 0.00430188679245283 0.010998248686514887
1 0.26780377358490565 0.4181260945709282 0.006030188679245283 0.012994746059544659
1 0.2671622641509434 0.46507880910683014 0.004739622641509434 0.012994746059544659
1 0.3239924528301887 0.43210157618213657 0.006460377358490566 0.010998248686514887
1 0.28244528301886795 0.26276707530647986 0.00430188679245283 0.011996497373029772
1 0.28373584905660376 0.29472854640980733 0.006030188679245283 0.011996497373029772
1 0.2852452830188679 0.30472854640980734 0.004739622641509434 0.011996497373029772
1 0.29471698113207545 0.3067250437828371 0.004739622641509434 0.011996497373029772
1 0.2919169811320755 0.3332049036777583 0.005169811320754717 0.014991243432574432
1 0.30827924528301887 0.30122591943957966 0.00430188679245283 0.010998248686514887
1 0.3149509433962264 0.3277057793345009 0.0056 0.011996497373029772
1 0.313011320754717 0.30122591943957966 0.00430188679245283 0.010998248686514887
1 0.31344150943396226 0.36567425569176887 0.005169811320754717 0.011996497373029772
1 0.30720000000000003 0.37964973730297724 0.003871698113207547 0.009982486865148863
1 0.32980377358490565 0.3222066549912434 0.00430188679245283 0.012994746059544659
1 0.3257132075471698 0.35017513134851136 0.004739622641509434 0.010998248686514887
1 0.3491773584905661 0.326707530647986 0.005169811320754717 0.011996497373029772
1 0.14402264150943397 0.03796847635726795 0.006460377358490566 0.013992994746059546
1 0.0510188679245283 0.16185639229422066 0.0056 0.011996497373029772
1 0.0045207547169811325 0.1263922942206655 0.004739622641509434 0.012994746059544659
1 0.17006792452830188 0.1343782837127846 0.00430188679245283 0.010998248686514887
1 0.23744905660377358 0.07493870402802101 0.004739622641509434 0.011996497373029772
1 0.23550943396226415 0.09791593695271453 0.006030188679245283 0.01598949211908932
1 0.20408301886792454 0.0489492119089317 0.00689056603773585 0.01598949211908932
1 0.3046188679245283 0.03497373029772329 0.0056 0.013992994746059546
1 0.34250566037735847 0.042959719789842386 0.0056 0.013992994746059546
1 0.31193962264150943 0.12288966725043783 0.004739622641509434 0.011996497373029772
1 0.29858867924528304 0.1673555166374781 0.004739622641509434 0.012994746059544659
1 0.30052830188679247 0.22528896672504375 0.00430188679245283 0.008984238178633976
1 0.2938566037735849 0.22080560420315237 0.006460377358490566 0.011996497373029772
1 0.33583396226415096 0.20330998248686516 0.005169811320754717 0.010998248686514887
1 0.41268679245283013 0.0489492119089317 0.0056 0.013992994746059546
1 0.34659622641509436 0.2163047285464098 0.005169811320754717 0.010998248686514887
1 0.3636 0.24928196147110335 0.004739622641509434 0.010998248686514887
1 0.3592981132075472 0.25527145359019265 0.004739622641509434 0.010998248686514887
1 0.3580075471698113 0.27126094570928194 0.004739622641509434 0.010998248686514887
1 0.363388679245283 0.354676007005254 0.005169811320754717 0.013992994746059546
1 0.37393962264150943 0.27425569176882664 0.004739622641509434 0.010998248686514887
1 0.39826415094339623 0.2078108581436077 0.00430188679245283 0.011996497373029772
1 0.4176377358490566 0.20430823117338004 0.006030188679245283 0.012994746059544659
1 0.4200075471698113 0.2727495621716287 0.008181132075471697 0.02597197898423818
1 0.3939547169811321 0.30122591943957966 0.005169811320754717 0.008984238178633976
1 0.39180377358490565 0.29124343257443086 0.005169811320754717 0.010998248686514887
1 0.4156981132075471 0.3252014010507881 0.004739622641509434 0.012994746059544659
1 0.4068754716981132 0.40313485113835373 0.005169811320754717 0.012994746059544659
1 0.4652150943396226 0.036462346760070055 0.004739622641509434 0.012994746059544659
1 0.4731773584905661 0.05345008756567426 0.00430188679245283 0.010998248686514887
1 0.48695849056603774 0.05245183887915937 0.005169811320754717 0.010998248686514887
1 0.4794188679245283 0.11490367775831874 0.0056 0.009982486865148863
1 0.45724528301886797 0.1753415061295972 0.005169811320754717 0.010998248686514887
1 0.35412830188679245 0.43760070052539407 0.004739622641509434 0.009982486865148863
1 0.19848301886792455 0.3836602451838879 0.00430188679245283 0.009982486865148863
1 0.36833962264150943 0.19532399299474607 0.004739622641509434 0.010998248686514887
1 0.33884528301886796 0.2572679509632224 0.00689056603773585 0.012994746059544659
1 0.33712452830188677 0.2402802101576182 0.00689056603773585 0.010998248686514887
1 0.34013584905660377 0.2767425569176883 0.00430188679245283 0.009982486865148863
1 0.3875018867924529 0.5285288966725045 0.006030188679245283 0.021978984238178637
1 0.3963245283018868 0.48355516637478113 0.0056 0.00798598949211909
1 0.3963245283018868 0.49854640980735554 0.0056 0.009982486865148863
1 0.44368301886792455 0.39064798598949213 0.004739622641509434 0.011996497373029772
1 0.4415320754716981 0.4266199649737303 0.006460377358490566 0.01598949211908932
1 0.4303396226415095 0.4021366024518389 0.004739622641509434 0.012994746059544659
1 0.4206490566037736 0.4211208406304729 0.00430188679245283 0.008984238178633976
1 0.4604754716981132 0.30022767075306483 0.006460377358490566 0.012994746059544659
1 0.4647849056603774 0.3391943957968476 0.004739622641509434 0.010998248686514887
1 0.47468679245283024 0.32819614711033274 0.003871698113207547 0.008984238178633976
1 0.48049811320754715 0.3651663747810858 0.00430188679245283 0.010998248686514887
1 0.4122566037735849 0.6649036777583188 0.004739622641509434 0.012994746059544659
1 0.2714641509433962 0.456584938704028 0.006460377358490566 0.01598949211908932
1 0.47446792452830183 0.44809106830122597 0.00430188679245283 0.010998248686514887
1 0.4830792452830189 0.4635726795096322 0.006030188679245283 0.011996497373029772
1 0.5067622641509434 0.429106830122592 0.00430188679245283 0.008984238178633976
1 0.5112830188679246 0.45609457092819616 0.003871698113207547 0.008984238178633976
1 0.4927698113207547 0.2662521891418564 0.004739622641509434 0.012994746059544659
1 0.49061886792452836 0.24577933450087566 0.004739622641509434 0.009982486865148863
1 0.5214037735849056 0.28124343257443085 0.005169811320754717 0.010998248686514887
1 0.501811320754717 0.28623467600700525 0.003871698113207547 0.008984238178633976
1 0.49901132075471705 0.3297022767075306 0.00430188679245283 0.011996497373029772
1 0.5035320754716981 0.3162171628721541 0.004739622641509434 0.008984238178633976
1 0.5063320754716981 0.34469352014010507 0.005169811320754717 0.013992994746059546
1 0.5575698113207547 0.27525394045534146 0.00430188679245283 0.010998248686514887
1 0.5773735849056604 0.29672504378283715 0.005169811320754717 0.009982486865148863
1 0.5442188679245283 0.29623467600700526 0.00430188679245283 0.008984238178633976
1 0.533456603773585 0.04096322241681261 0.005169811320754717 0.013992994746059546
1 0.519245283018868 0.07394045534150613 0.005169811320754717 0.009982486865148863
1 0.5140830188679245 0.07893169877408056 0.006030188679245283 0.011996497373029772
1 0.5707018867924528 0.03845884413309983 0.003871698113207547 0.010998248686514887
1 0.5373283018867925 0.09891418563922942 0.00430188679245283 0.009982486865148863
1 0.5153735849056604 0.15935201401050786 0.00430188679245283 0.010998248686514887
1 0.5420679245283019 0.1753415061295972 0.00430188679245283 0.008984238178633976
1 0.5188150943396226 0.17134851138353765 0.00430188679245283 0.010998248686514887
1 0.5164528301886792 0.19632224168126094 0.003871698113207547 0.008984238178633976
1 0.5887849056603773 0.10940455341506129 0.003871698113207547 0.010998248686514887
1 0.585766037735849 0.15236427320490367 0.004739622641509434 0.010998248686514887
1 0.6255924528301886 0.13936952714535902 0.00430188679245283 0.010998248686514887
1 0.6335622641509434 0.03546409807355517 0.004739622641509434 0.010998248686514887
1 0.6361433962264151 0.054448336252189145 0.004739622641509434 0.012994746059544659
1 0.6329132075471698 0.08691768826619965 0.00430188679245283 0.009982486865148863
1 0.6570264150943396 0.05943957968476357 0.00430188679245283 0.010998248686514887
1 0.6555169811320755 0.0759369527145359 0.004739622641509434 0.013992994746059546
1 0.6423849056603773 0.06693520140105079 0.005169811320754717 0.013992994746059546
1 0.6903924528301887 0.03197898423817864 0.003871698113207547 0.011996497373029772
1 0.718377358490566 0.016987740805604203 0.004739622641509434 0.009982486865148863
1 0.7330188679245283 0.03147110332749562 0.003871698113207547 0.008984238178633976
1 0.7104150943396226 0.05595446584938704 0.006030188679245283 0.011996497373029772
1 0.6977132075471698 0.061436077057793345 0.004739622641509434 0.010998248686514887
1 0.6852226415094339 0.08642732049036778 0.004739622641509434 0.012994746059544659
1 0.6759698113207547 0.09791593695271453 0.00430188679245283 0.009982486865148863
1 0.6725283018867925 0.09541155866900175 0.006030188679245283 0.014991243432574432
1 0.6962037735849057 0.12038528896672504 0.00689056603773585 0.02098073555166375
1 0.715577358490566 0.12038528896672504 0.003441509433962264 0.008984238178633976
1 0.7046037735849057 0.1513660245183888 0.0056 0.008984238178633976
1 0.6824301886792453 0.1513660245183888 0.00430188679245283 0.010998248686514887
1 0.6850113207547169 0.20980735551663748 0.00689056603773585 0.011996497373029772
1 0.6959924528301887 0.22730297723292467 0.0056 0.010998248686514887
1 0.7084754716981132 0.23129597197898422 0.004739622641509434 0.010998248686514887
1 0.661977358490566 0.24178633975481612 0.004739622641509434 0.013992994746059546
1 0.6615471698113207 0.27824868651488616 0.0056 0.012994746059544659
1 0.6774792452830188 0.28674255691768824 0.004739622641509434 0.011996497373029772
1 0.6768301886792453 0.3291943957968476 0.00430188679245283 0.008984238178633976
1 0.6942641509433962 0.3237127845884413 0.006460377358490566 0.009982486865148863
1 0.7330188679245283 0.13788091068301225 0.006460377358490566 0.02597197898423818
1 0.7698264150943396 0.10390542907180385 0.006030188679245283 0.011996497373029772
1 0.7948 0.07642732049036778 0.005169811320754717 0.010998248686514887
1 0.7653056603773585 0.15436077057793346 0.008181132075471697 0.024973730297723293
1 0.5728528301886793 0.326707530647986 0.004739622641509434 0.009982486865148863
1 0.5866264150943395 0.3411908931698774 0.006460377358490566 0.010998248686514887
1 0.6040679245283018 0.38765323992994744 0.005169811320754717 0.009982486865148863
1 0.591577358490566 0.391138353765324 0.005169811320754717 0.010998248686514887
1 0.5584301886792452 0.3771628721541156 0.005169811320754717 0.012994746059544659
1 0.5528301886792453 0.36316987740805606 0.006030188679245283 0.012994746059544659
1 0.5452981132075472 0.35017513134851136 0.0056 0.012994746059544659
1 0.5633811320754717 0.326707530647986 0.006460377358490566 0.011996497373029772
1 0.5672528301886792 0.3332049036777583 0.004739622641509434 0.010998248686514887
1 0.5633811320754717 0.3411908931698774 0.004739622641509434 0.010998248686514887
1 0.5642415094339622 0.35567425569176886 0.004739622641509434 0.013992994746059546
1 0.5743622641509434 0.3521891418563923 0.006030188679245283 0.008984238178633976
1 0.5702716981132075 0.3566725043782837 0.004739622641509434 0.009982486865148863
1 0.5810339622641509 0.37316987740805607 0.0056 0.012994746059544659
1 0.9922113207547171 0.6089492119089317 0.006460377358490566 0.02098073555166375
1 0.9968603773584905 0.7123467600700525 0.006279245283018868 0.029964973730297724
1 0.8658415094339623 0.3401926444833625 0.006030188679245283 0.010998248686514887
1 0.8357056603773585 0.34218914185639226 0.005169811320754717 0.008984238178633976
1 0.8438867924528303 0.37066549912434327 0.006030188679245283 0.013992994746059546
1 0.8372150943396226 0.3986339754816112 0.008181132075471697 0.013992994746059546
1 0.8850037735849058 0.381646234676007 0.006460377358490566 0.01598949211908932
1 0.8688603773584905 0.47607705779334497 0.006030188679245283 0.008984238178633976
1 0.9898415094339622 0.04945709281961471 0.006030188679245283 0.010998248686514887
1 0.9215999999999999 0.058949211908931695 0.004739622641509434 0.013992994746059546
1 0.9362415094339622 0.13737302977232924 0.0056 0.010998248686514887
1 0.9659471698113208 0.19882661996497372 0.0056 0.011996497373029772
1 0.9498037735849056 0.23478108581436077 0.005169811320754717 0.011996497373029772
1 0.8867245283018869 0.20430823117338004 0.006460377358490566 0.008984238178633976
1 0.8624 0.26725043782837127 0.006030188679245283 0.012994746059544659