0 0.24160947712418301 0.11047325102880658 0.022777777777777775 0.05493827160493827
0 0.09111928104575164 0.07323045267489713 0.028112745098039214 0.06835390946502057
0 0.3368464052287582 0.09216049382716049 0.018415032679738562 0.05004115226337449
0 0.30049019607843136 0.10436213991769547 0.022295751633986928 0.03539094650205761
0 0.11462418300653596 0.2361934156378601 0.02084150326797386 0.05004115226337449
0 0.30776143790849675 0.4772633744855967 0.033929738562091506 0.07567901234567902
0 0.40154411764705883 0.4815432098765432 0.016960784313725493 0.04028806584362139
0 0.3792483660130719 0.47117283950617284 0.028594771241830064 0.06590534979423869
0 0.06955065359477124 0.46384773662551443 0.029566993464052286 0.053703703703703705
0 0.12140522875816993 0.6646296296296296 0.025686274509803923 0.059814814814814814
0 0.2142238562091503 0.7598559670781894 0.02035947712418301 0.05248971193415638
0 0.23118464052287585 0.8282098765432099 0.018415032679738562 0.05493827160493827
0 0.30461601307189545 0.8636008230452674 0.026658496732026145 0.062242798353909466
0 0.36519607843137253 0.9100411522633745 0.022777777777777775 0.05502057613168724
0 0.07754901960784313 0.9326748971193415 0.022295751633986928 0.04637860082304526
0 0.019869281045751634 0.9045884773662551 0.018415032679738562 0.05860082304526749
0 0.28741013071895427 0.9485390946502058 0.010661764705882353 0.02197530864197531
0 0.7306372549019607 0.7702263374485596 0.027622549019607846 0.05860082304526749
0 0.6264297385620915 0.8446913580246913 0.025686274509803923 0.04395061728395062
0 0.6051062091503268 0.9453909465020576 0.021813725490196077 0.045164609053497944
0 0.4975081699346406 0.8251440329218107 0.0247140522875817 0.056152263374485596
0 0.525375816993464 0.4540740740740741 0.017450980392156864 0.04395061728395062
0 0.6572058823529412 0.46689300411522633 0.021323529411764706 0.05736625514403292
0 0.8067238562091503 0.9307407407407406 0.018905228758169936 0.045164609053497944
0 0.9833905228758171 0.5462345679012346 0.025204248366013073 0.05736625514403292
0 0.7042238562091504 0.1476954732510288 0.021323529411764706 0.04395061728395062
0 0.9281372549019608 0.21179012345679013 0.017450980392156864 0.045164609053497944
1 0.8442892156862746 0.7122427983539095 0.03586601307189542 0.15746913580246913
1 0.17908496732026144 0.03539094650205761 0.00823529411764706 0.014650205761316872
1 0.09184640522875817 0.010987654320987654 0.00727124183006536 0.012201646090534979
1 0.025931372549019605 0.03967078189300412 0.004362745098039216 0.013436213991769547
1 0.032957516339869285 0.10191358024691358 0.005816993464052287 0.013436213991769547
1 0.014297385620915032 0.2038477366255144 0.004362745098039216 0.012201646090534979
1 0.023022875816993464 0.24779835390946503 0.00823529411764706 0.014650205761316872
1 0.026413398692810456 0.25938271604938273 0.004362745098039216 0.010987654320987654
1 0.12819444444444444 0.13549382716049382 0.006299019607843137 0.012201646090534979
1 0.13497549019607843 0.1324485596707819 0.005334967320261438 0.010987654320987654
1 0.20258986928104575 0.15502057613168724 0.00678921568627451 0.014650205761316872
1 0.25445261437908495 0.20263374485596708 0.005816993464052287 0.014650205761316872
1 0.23239379084967318 0.21545267489711933 0.005334967320261438 0.010987654320987654
1 0.2760212418300654 0.205679012345679 0.005334967320261438 0.015864197530864196
1 0.299281045751634 0.23131687242798354 0.005334967320261438 0.010987654320987654
1 0.28522875816993465 0.2856378600823045 0.004362745098039216 0.014650205761316872
1 0.32593954248366014 0.1983539094650206 0.004362745098039216 0.013436213991769547
1 0.2995261437908497 0.03845679012345679 0.004844771241830065 0.013436213991769547
1 0.2985539215686275 0.06347736625514404 0.00678921568627451 0.014650205761316872
1 0.316968954248366 0.0982716049382716 0.004844771241830065 0.015864197530864196
1 0.19604575163398694 0.09277777777777778 0.004362745098039216 0.012201646090534979
1 0.2503267973856209 0.007325102880658436 0.004362745098039216 0.00977366255144033
1 0.18465686274509804 0.39242798353909464 0.0077532679738562095 0.02806584362139918
1 0.18611111111111112 0.4278395061728395 0.0077532679738562095 0.02318930041152263
1 0.11244281045751633 0.5022839506172839 0.0077532679738562095 0.013436213991769547
1 0.1626062091503268 0.5328189300411522 0.00823529411764706 0.02074074074074074
1 0.05598039215686274 0.25878600823045267 0.004362745098039216 0.012201646090534979
1 0.08409313725490197 0.27769547325102883 0.005334967320261438 0.013436213991769547
1 0.06712418300653594 0.2856378600823045 0.004362745098039216 0.012201646090534979
1 0.05694444444444444 0.3063786008230453 0.005334967320261438 0.012201646090534979
1 0.03780228758169935 0.3118724279835391 0.004844771241830065 0.010987654320987654
1 0.08554738562091503 0.2532921810699588 0.004362745098039216 0.013436213991769547
1 0.11898692810457515 0.3698559670781893 0.005334967320261438 0.014650205761316872
1 0.12480392156862745 0.3942592592592593 0.006299019607843137 0.014650205761316872
1 0.16139705882352942 0.6786831275720164 0.011633986928104575 0.029300411522633744
1 0.12213235294117648 0.5456172839506174 0.005816993464052287 0.014650205761316872
1 0.17883986928104575 0.5633333333333332 0.005816993464052287 0.02563786008230453
1 0.15315359477124182 0.33812757201646093 0.005816993464052287 0.014650205761316872
1 0.1657598039215686 0.32897119341563785 0.004844771241830065 0.013436213991769547
1 0.19774509803921567 0.3820576131687243 0.005816993464052287 0.014650205761316872
1 0.08675653594771242 0.4046502057613169 0.004844771241830065 0.013436213991769547
1 0.12044117647058822 0.46384773662551443 0.005334967320261438 0.014650205761316872
1 0.16066993464052287 0.5102263374485597 0.004362745098039216 0.012201646090534979
1 0.2168872549019608 0.5950617283950617 0.00823529411764706 0.02318930041152263
1 0.22754901960784313 0.5358641975308642 0.005334967320261438 0.014650205761316872
1 0.3744444444444444 0.20695473251028806 0.010179738562091504 0.032962962962962965
1 0.3533578431372549 0.27773662551440326 0.00968954248366013 0.02074074074074074
1 0.36062908496732027 0.42421810699588475 0.0077532679738562095 0.02074074074074074
1 0.375171568627451 0.6506584362139918 0.0077532679738562095 0.024403292181069958
1 0.3092565359477124 0.34121399176954736 0.004844771241830065 0.013436213991769547
1 0.1594934640522876 0.285679012345679 0.004844771241830065 0.012201646090534979
1 0.19899509803921567 0.188641975308642 0.004362745098039216 0.013436213991769547
1 0.17112745098039217 0.25150205761316874 0.004844771241830065 0.012201646090534979
1 0.17790849673202613 0.274074074074074 0.004844771241830065 0.013436213991769547
1 0.16846405228758168 0.3058230452674897 0.005334967320261438 0.013436213991769547
1 0.17985294117647058 0.31069958847736623 0.005816993464052287 0.02074074074074074
1 0.16433823529411765 0.3991975308641975 0.004844771241830065 0.00977366255144033
1 0.09996732026143791 0.46267489711934157 0.005816993464052287 0.012201646090534979
1 0.30062091503267974 0.14409465020576132 0.004844771241830065 0.012201646090534979
1 0.3740441176470588 0.13310699588477365 0.004362745098039216 0.012201646090534979
1 0.3483578431372549 0.23014403292181068 0.005334967320261438 0.013436213991769547
1 0.32994281045751633 0.2569958847736626 0.004362745098039216 0.010987654320987654
1 0.2817156862745098 0.7366666666666666 0.005816993464052287 0.01831275720164609
1 0.3078921568627451 0.7000411522633745 0.005816993464052287 0.013436213991769547
1 0.3236437908496732 0.6591358024691357 0.006299019607843137 0.014650205761316872
1 0.27517156862745096 0.6451028806584361 0.005334967320261438 0.013436213991769547
1 0.14625 0.8269753086419753 0.00727124183006536 0.01831275720164609
1 0.1329248366013072 0.8654320987654321 0.00678921568627451 0.014650205761316872
1 0.16612745098039217 0.8532304526748972 0.006299019607843137 0.012201646090534979
1 0.1656372549019608 0.9099794238683128 0.006299019607843137 0.013436213991769547
1 0.14940359477124182 0.9386625514403292 0.0077532679738562095 0.017098765432098765
1 0.13607843137254902 0.9655349794238683 0.005334967320261438 0.012201646090534979
1 0.0820343137254902 0.7452057613168724 0.005816993464052287 0.013436213991769547
1 0.09730392156862745 0.7763374485596708 0.005334967320261438 0.014650205761316872
1 0.003586601307189542 0.6706995884773662 0.007173202614379084 0.013045267489711933
1 0.026887254901960783 0.6601646090534979 0.005972222222222222 0.012037037037037037
1 0.023905228758169937 0.6747119341563786 0.005580065359477125 0.01102880658436214
1 0.06911764705882352 0.5402674897119342 0.005179738562091503 0.01102880658436214
1 0.05975490196078431 0.5693621399176955 0.004779411764705882 0.01102880658436214
1 0.010955882352941176 0.46602880658436213 0.004379084967320261 0.01102880658436214
1 0.05058823529411765 0.43893004115226336 0.007173202614379084 0.01905349794238683
1 0.046209150326797385 0.45800411522633744 0.004779411764705882 0.023065843621399178
1 0.0023937908496732027 0.44545267489711937 0.0039869281045751635 0.014053497942386832
1 0.0019934640522875817 0.323559670781893 0.0039869281045751635 0.01102880658436214
1 0.028880718954248367 0.3667078189300412 0.005179738562091503 0.015041152263374484
1 0.10158496732026144 0.404320987654321 0.0039869281045751635 0.012037037037037037
1 0.06493464052287581 0.7639917695473252 0.0039869281045751635 0.01102880658436214
1 0.14181372549019608 0.4800617283950617 0.0039869281045751635 0.013045267489711933
1 0.19280228758169934 0.5798971193415637 0.0039869281045751635 0.012037037037037037
1 0.2049591503267974 0.6556378600823045 0.004379084967320261 0.013045267489711933
1 0.21033496732026144 0.6370781893004115 0.0039869281045751635 0.010041152263374485
1 0.18125 0.771522633744856 0.0039869281045751635 0.012037037037037037
1 0.21929738562091505 0.808641975308642 0.006772875816993464 0.018065843621399177
1 0.2191013071895425 0.8407407407407408 0.005580065359477125 0.016049382716049384
1 0.20415849673202613 0.9129835390946501 0.005972222222222222 0.012037037037037037
1 0.23104575163398694 0.870843621399177 0.0039869281045751635 0.010041152263374485
1 0.18383986928104576 0.9240123456790124 0.003586601307189542 0.010041152263374485
1 0.20216503267973857 0.9656584362139917 0.004379084967320261 0.009032921810699588
1 0.1591421568627451 0.9726748971193416 0.005179738562091503 0.009032921810699588
1 0.1695016339869281 0.9541152263374485 0.003586601307189542 0.014053497942386832
1 0.11313725490196078 0.8909053497942387 0.005580065359477125 0.014053497942386832
1 0.2575408496732026 0.9581275720164608 0.004379084967320261 0.012037037037037037
1 0.2603267973856209 0.9731893004115227 0.005179738562091503 0.010041152263374485
1 0.2553513071895425 0.969670781893004 0.0039869281045751635 0.01102880658436214
1 0.07349673202614379 0.5894238683127572 0.004379084967320261 0.01102880658436214
1 0.10098039215686275 0.5307407407407407 0.004379084967320261 0.010041152263374485
1 0.09062908496732026 0.6265432098765432 0.005179738562091503 0.01102880658436214
1 0.11851307189542484 0.8206790123456791 0.004379084967320261 0.010041152263374485
1 0.03605392156862745 0.9551234567901234 0.004379084967320261 0.012037037037037037
1 0.0856454248366013 0.9721810699588478 0.0039869281045751635 0.010041152263374485
1 0.18224673202614378 0.9741769547325103 0.004379084967320261 0.012037037037037037
1 0.18603758169934642 0.9827160493827161 0.0039869281045751635 0.01102880658436214
1 0.1507761437908497 0.9802057613168724 0.005179738562091503 0.012037037037037037
1 0.11751633986928105 0.7404115226337448 0.005580065359477125 0.014053497942386832
1 0.2579411764705883 0.4826337448559671 0.004379084967320261 0.012139917695473252
1 0.25176470588235295 0.5428806584362139 0.0039869281045751635 0.010041152263374485
1 0.29299019607843135 0.8182716049382717 0.005179738562091503 0.013045267489711933
1 0.2886111111111111 0.7841563786008231 0.004379084967320261 0.01102880658436214
1 0.329640522875817 0.8869958847736625 0.006772875816993464 0.018065843621399177
1 0.32048202614379084 0.9000411522633746 0.004379084967320261 0.012037037037037037
1 0.3465767973856209 0.9010493827160494 0.0039869281045751635 0.012037037037037037
1 0.34059640522875817 0.9030452674897119 0.0031862745098039215 0.010041152263374485
1 0.32944444444444443 0.9517078189300411 0.0039869281045751635 0.01102880658436214
1 0.33700980392156865 0.9567283950617285 0.004779411764705882 0.01102880658436214
1 0.3192892156862745 0.49020576131687243 0.005179738562091503 0.01102880658436214
1 0.12986928104575163 0.20917695473251027 0.005580065359477125 0.013045267489711933
1 0.10197712418300653 0.18409465020576132 0.004779411764705882 0.009032921810699588
1 0.24777777777777776 0.28141975308641975 0.004779411764705882 0.01102880658436214
1 0.3522058823529412 0.30131687242798355 0.005375816993464053 0.013539094650205762
1 0.3750571895424837 0.2872222222222222 0.005375816993464053 0.012407407407407409
1 0.38200980392156864 0.274238683127572 0.004926470588235294 0.011275720164609055
1 0.3190441176470588 0.32897119341563785 0.004477124183006536 0.012407407407407409
1 0.3427941176470588 0.3216460905349794 0.004477124183006536 0.011275720164609055
1 0.2876797385620915 0.47286008230452675 0.004477124183006536 0.011275720164609055
1 0.3298039215686275 0.5293004115226337 0.005375816993464053 0.011275720164609055
1 0.333390522875817 0.4954320987654321 0.004477124183006536 0.011275720164609055
1 0.38088235294117645 0.5163168724279835 0.007173202614379084 0.014670781893004114
1 0.38715686274509803 0.5535596707818929 0.005375816993464053 0.016934156378600823
1 0.4223366013071896 0.5890946502057613 0.008513071895424837 0.013539094650205762
1 0.4355555555555556 0.5631481481481482 0.019714052287581697 0.047407407407407405
1 0.43958333333333327 0.41473251028806585 0.006274509803921568 0.012407407407407409
1 0.44630718954248366 0.43506172839506174 0.004477124183006536 0.014670781893004114
1 0.4205392156862745 0.3538065843621399 0.0067238562091503275 0.014670781893004114
1 0.43734477124183 0.30018518518518517 0.005375816993464053 0.013539094650205762
1 0.4483251633986928 0.32728395061728394 0.00582516339869281 0.013539094650205762
1 0.3934313725490196 0.3904732510288066 0.005375816993464053 0.013539094650205762
1 0.4095669934640523 0.39555555555555555 0.01165032679738562 0.025946502057613167
1 0.4131454248366013 0.36676954732510286 0.006274509803921568 0.02030864197530864
1 0.40844771241830063 0.37751028806584364 0.004035947712418301 0.010164609053497944
1 0.4250245098039216 0.47172839506172837 0.004926470588235294 0.011275720164609055
1 0.4245751633986928 0.5005144032921811 0.004035947712418301 0.012407407407407409
1 0.44093137254901965 0.4943004115226337 0.003586601307189542 0.011275720164609055
1 0.3750571895424837 0.6099794238683127 0.004477124183006536 0.012407407407407409
1 0.3463807189542484 0.5789506172839506 0.005375816993464053 0.011275720164609055
1 0.346609477124183 0.5975720164609054 0.00582516339869281 0.010164609053497944
1 0.35355392156862747 0.6534362139917695 0.004477124183006536 0.011275720164609055
1 0.34794934640522873 0.664156378600823 0.004926470588235294 0.012407407407407409
1 0.3725980392156863 0.6906790123456791 0.004035947712418301 0.011275720164609055
1 0.39656862745098037 0.6432716049382716 0.005375816993464053 0.013539094650205762
1 0.40463235294117644 0.6523045267489711 0.004477124183006536 0.011275720164609055
1 0.2520588235294117 0.3205144032921811 0.00582516339869281 0.011275720164609055
1 0.2816339869281046 0.39781893004115226 0.004035947712418301 0.014670781893004114
1 0.288578431372549 0.4057201646090535 0.004477124183006536 0.014670781893004114
1 0.2565359477124183 0.34364197530864193 0.004926470588235294 0.014670781893004114
1 0.1729656862745098 0.3696090534979424 0.005375816993464053 0.014670781893004114
1 0.1442892156862745 0.40119341563786004 0.004477124183006536 0.012407407407407409
1 0.16490196078431374 0.44183127572016456 0.004477124183006536 0.010164609053497944
1 0.08178104575163399 0.44520576131687245 0.004035947712418301 0.014670781893004114
1 0.22584150326797386 0.1478395061728395 0.003586601307189542 0.011275720164609055
1 0.3262173202614379 0.2759259259259259 0.003586601307189542 0.010164609053497944
1 0.39141339869281044 0.20088477366255142 0.013888888888888888 0.0338477366255144
1 0.43308823529411766 0.045144032921810705 0.008513071895424837 0.018065843621399177
1 0.2919362745098039 0.5411316872427984 0.004035947712418301 0.010164609053497944
1 0.2787173202614379 0.5829012345679013 0.004477124183006536 0.012407407407407409
1 0.2451143790849673 0.44351851851851853 0.004477124183006536 0.011275720164609055
1 0.40194444444444444 0.7775720164609053 0.004477124183006536 0.011275720164609055
1 0.3990359477124183 0.6889711934156378 0.004926470588235294 0.014670781893004114
1 0.40911764705882353 0.6867283950617284 0.005375816993464053 0.012407407407407409
1 0.4035130718954248 0.6754320987654321 0.004035947712418301 0.012407407407407409
1 0.41337418300653594 0.710432098765432 0.004926470588235294 0.012407407407407409
1 0.4053104575163399 0.71380658436214 0.00582516339869281 0.021440329218106995
1 0.3947794117647059 0.7454115226337448 0.003586601307189542 0.012407407407407409
1 0.4277124183006536 0.7736213991769547 0.00582516339869281 0.019176954732510288
1 0.4467565359477125 0.7770164609053498 0.005375816993464053 0.012407407407407409
1 0.46087418300653593 0.7566872427983539 0.004035947712418301 0.012407407407407409
1 0.3979166666666667 0.8148148148148148 0.005375816993464053 0.009032921810699588
1 0.29507352941176473 0.4311111111111111 0.008513071895424837 0.02483539094650206
1 0.26325980392156867 0.4406995884773663 0.004035947712418301 0.012407407407407409
1 0.3423529411764706 0.44520576131687245 0.004477124183006536 0.010164609053497944
1 0.35310457516339866 0.5580658436213992 0.004477124183006536 0.010164609053497944
1 0.3060539215686275 0.7668518518518519 0.004477124183006536 0.010164609053497944
1 0.4095669934640523 0.9051028806584362 0.005375816993464053 0.013539094650205762
1 0.3954493464052287 0.8893004115226337 0.00582516339869281 0.011275720164609055
1 0.4035130718954248 0.9570164609053499 0.004926470588235294 0.013539094650205762
1 0.424795751633987 0.9558847736625514 0.004477124183006536 0.01580246913580247
1 0.43443627450980393 0.9750617283950617 0.004035947712418301 0.011275720164609055
1 0.4458578431372549 0.9141358024691357 0.005375816993464053 0.01580246913580247
1 0.4339869281045752 0.8639094650205762 0.004035947712418301 0.010164609053497944
1 0.38446895424836597 0.935 0.004477124183006536 0.010164609053497944
1 0.38066176470588237 0.943477366255144 0.004035947712418301 0.011275720164609055
1 0.3761846405228758 0.9429012345679012 0.004035947712418301 0.010164609053497944
1 0.37080065359477127 0.9530658436213991 0.004926470588235294 0.012407407407407409
1 0.41001633986928104 0.9423456790123457 0.004477124183006536 0.011275720164609055
1 0.3663235294117647 0.806358024691358 0.004035947712418301 0.010164609053497944
1 0.3815604575163398 0.9558847736625514 0.00582516339869281 0.011275720164609055
1 0.4637826797385621 0.8571399176954733 0.004477124183006536 0.014670781893004114
1 0.4539297385620915 0.8497942386831275 0.006274509803921568 0.013539094650205762
1 0.4505637254901961 0.8887242798353909 0.009411764705882352 0.016934156378600823
1 0.4485457516339869 0.8593827160493828 0.007173202614379084 0.025946502057613167
1 0.48282679738562095 0.8898559670781894 0.004926470588235294 0.012407407407407409
1 0.46647058823529414 0.892119341563786 0.007173202614379084 0.012407407407407409
1 0.46109477124183007 0.9107407407407407 0.005375816993464053 0.013539094650205762
1 0.49178921568627454 0.9406378600823044 0.004926470588235294 0.012407407407407409
1 0.48282679738562095 0.9259670781893004 0.004035947712418301 0.010164609053497944
1 0.47790032679738564 0.9248559670781893 0.004926470588235294 0.010164609053497944
1 0.48103758169934635 0.9423456790123457 0.004035947712418301 0.009032921810699588
1 0.4835049019607843 0.9581481481481482 0.004477124183006536 0.011275720164609055
1 0.44922385620915034 0.9869135802469136 0.004926470588235294 0.014670781893004114
1 0.4982843137254902 0.7713580246913581 0.005375816993464053 0.016934156378600823
1 0.4852941176470588 0.781522633744856 0.005375816993464053 0.016934156378600823
1 0.5034395424836602 0.71380658436214 0.00582516339869281 0.012407407407407409
1 0.5121813725490196 0.7612139917695473 0.004477124183006536 0.012407407407407409
1 0.5247303921568627 0.7640329218106996 0.009861111111111112 0.01580246913580247
1 0.5339133986928104 0.7634567901234568 0.004926470588235294 0.012407407407407409
1 0.529656862745098 0.7217078189300411 0.004477124183006536 0.012407407407407409
1 0.5211437908496732 0.7995884773662552 0.003586601307189542 0.010164609053497944
1 0.5280882352941176 0.8447119341563786 0.004926470588235294 0.012407407407407409
1 0.5245016339869281 0.9513786008230453 0.004926470588235294 0.011275720164609055
1 0.5106127450980392 0.9524897119341564 0.004926470588235294 0.009032921810699588
1 0.5426470588235295 0.8644650205761317 0.006274509803921568 0.013539094650205762
1 0.5563153594771242 0.8464197530864198 0.004035947712418301 0.013539094650205762
1 0.5843218954248366 0.8436008230452675 0.005375816993464053 0.014670781893004114
1 0.5370506535947712 0.929917695473251 0.004926470588235294 0.011275720164609055
1 0.39858660130718954 0.4512962962962963 0.0053104575163398695 0.014279835390946502
1 0.4759640522875817 0.48563786008230453 0.011331699346405228 0.031213991769547325
1 0.4895996732026144 0.46691358024691354 0.008856209150326796 0.016954732510288065
1 0.4529493464052287 0.578395061728395 0.005669934640522876 0.015164609053497943
1 0.4600326797385621 0.5980246913580247 0.003537581699346405 0.011604938271604937
1 0.4890686274509804 0.5619135802469135 0.004248366013071896 0.010699588477366255
1 0.47065359477124186 0.578395061728395 0.004959150326797386 0.011604938271604937
1 0.4818055555555556 0.5226543209876543 0.004607843137254901 0.010699588477366255
1 0.5120915032679738 0.44059670781893 0.004959150326797386 0.01248971193415638
1 0.5138562091503268 0.5944650205761317 0.005669934640522876 0.011604938271604937
1 0.5444117647058824 0.37580246913580245 0.012761437908496731 0.030349794238683128
1 0.6184885620915033 0.6873456790123457 0.007794117647058823 0.017860082304526747
1 0.5242075163398693 0.42310699588477363 0.009215686274509803 0.021419753086419753
1 0.4965604575163398 0.20351851851851852 0.004959150326797386 0.014279835390946502
1 0.4862826797385621 0.22405349794238683 0.005669934640522876 0.016069958847736626
1 0.49266339869281045 0.24191358024691356 0.014174836601307191 0.06248971193415638
1 0.5160539215686274 0.33296296296296296 0.007091503267973856 0.01962962962962963
1 0.47174836601307185 0.2811934156378601 0.004959150326797386 0.01248971193415638
1 0.48026143790849674 0.28296296296296297 0.004959150326797386 0.01248971193415638
1 0.48238562091503273 0.33652263374485597 0.004959150326797386 0.016069958847736626
1 0.606078431372549 0.5980658436213993 0.007091503267973856 0.035699588477366255
1 0.5366094771241829 0.4945267489711934 0.007091503267973856 0.021419753086419753
1 0.5451225490196079 0.4954115226337449 0.007091503267973856 0.023209876543209874
1 0.5433496732026143 0.5525514403292181 0.007794117647058823 0.01962962962962963
1 0.550702614379085 0.6537860082304527 0.00630718954248366 0.01588477366255144
1 0.5467647058823529 0.7199382716049383 0.005784313725490196 0.01588477366255144
1 0.5501797385620915 0.6881893004115226 0.004207516339869282 0.01323045267489712
1 0.5543790849673202 0.6974485596707819 0.004207516339869282 0.01323045267489712
1 0.5352042483660131 0.8787654320987655 0.004730392156862745 0.010596707818930042
1 0.6279493464052288 0.3321810699588477 0.004207516339869282 0.01323045267489712
1 0.6226960784313725 0.3262345679012346 0.00630718954248366 0.014567901234567901
1 0.5504411764705882 0.43738683127572014 0.005784313725490196 0.01720164609053498
1 0.5743545751633987 0.46386831275720164 0.004207516339869282 0.01191358024691358
1 0.5848611111111112 0.46253086419753087 0.005253267973856209 0.01191358024691358
1 0.5914297385620915 0.4962962962962963 0.005784313725490196 0.01323045267489712
1 0.6113970588235295 0.5373045267489712 0.005784313725490196 0.01588477366255144
1 0.619281045751634 0.5790123456790123 0.004730392156862745 0.014567901234567901
1 0.5570098039215686 0.5174691358024691 0.004207516339869282 0.010596707818930042
1 0.5630555555555555 0.5055555555555555 0.004730392156862745 0.010596707818930042
1 0.5599019607843138 0.4903292181069959 0.004730392156862745 0.01191358024691358
1 0.6200653594771243 0.7311934156378601 0.008406862745098038 0.02779835390946502
1 0.6098202614379085 0.43806584362139916 0.004730392156862745 0.01323045267489712
1 0.6368790849673203 0.7510493827160494 0.008406862745098038 0.01191358024691358
1 0.6271650326797386 0.7603086419753087 0.005784313725490196 0.01191358024691358
1 0.6219035947712419 0.762962962962963 0.005784313725490196 0.01191358024691358
1 0.6208578431372549 0.7788477366255143 0.005784313725490196 0.01191358024691358
1 0.6150735294117647 0.7867901234567901 0.005784313725490196 0.01191358024691358
1 0.6156045751633987 0.8139094650205762 0.004730392156862745 0.01323045267489712
1 0.6573774509803921 0.7795061728395061 0.005253267973856209 0.01323045267489712
1 0.663423202614379 0.8218518518518518 0.007883986928104575 0.018518518518518517
1 0.6697222222222222 0.828477366255144 0.004730392156862745 0.01588477366255144
1 0.6923202614379085 0.7239094650205761 0.006830065359477124 0.018518518518518517
1 0.6865441176470588 0.7166460905349795 0.007883986928104575 0.01720164609053498
1 0.623218954248366 0.4962962962962963 0.008406862745098038 0.02117283950617284
1 0.6284722222222222 0.5134979423868313 0.00630718954248366 0.01588477366255144
1 0.6334640522875817 0.5313580246913581 0.005784313725490196 0.014567901234567901
1 0.6555392156862745 0.5088683127572017 0.005784313725490196 0.01720164609053498
1 0.45901143790849674 0.6848765432098766 0.006830065359477124 0.014567901234567901
1 0.481078431372549 0.661707818930041 0.005784313725490196 0.01323045267489712
1 0.4634722222222222 0.6570781893004115 0.016813725490196076 0.03308641975308642
1 0.41513071895424836 0.3083539094650206 0.004207516339869282 0.01323045267489712
1 0.5669934640522876 0.28917695473251026 0.005253267973856209 0.014567901234567901
1 0.5903758169934641 0.16277777777777777 0.005784313725490196 0.018518518518518517
1 0.633733660130719 0.3924074074074074 0.005253267973856209 0.014567901234567901
1 0.6318872549019607 0.2514609053497942 0.006830065359477124 0.01588477366255144
1 0.6615767973856209 0.2812345679012346 0.00630718954248366 0.022489711934156376
1 0.6781372549019608 0.40166666666666667 0.011037581699346405 0.03574074074074074
1 0.6686764705882353 0.424156378600823 0.006830065359477124 0.0198559670781893
1 0.6755065359477125 0.42746913580246915 0.006830065359477124 0.01588477366255144
1 0.5704084967320261 0.5359876543209877 0.008929738562091503 0.02382716049382716
1 0.663423202614379 0.5346707818930042 0.004730392156862745 0.01323045267489712
1 0.6079820261437908 0.386440329218107 0.004207516339869282 0.01588477366255144
1 0.6082434640522876 0.41555555555555557 0.004730392156862745 0.010596707818930042
1 0.6074591503267973 0.4023251028806584 0.005253267973856209 0.01323045267489712
1 0.6166503267973856 0.3970370370370371 0.009983660130718955 0.03176954732510288
1 0.6358333333333334 0.3447530864197531 0.004207516339869282 0.01191358024691358
1 0.6489705882352942 0.35401234567901235 0.005253267973856209 0.014567901234567901
1 0.6481781045751634 0.36724279835390944 0.005784313725490196 0.014567901234567901
1 0.7033578431372549 0.38512345679012344 0.004730392156862745 0.01323045267489712
1 0.6959967320261438 0.3262345679012346 0.006830065359477124 0.01191358024691358
1 0.6910049019607842 0.30901234567901237 0.005253267973856209 0.01720164609053498
1 0.7115032679738562 0.19983539094650207 0.01156045751633987 0.02382716049382716
1 0.705718954248366 0.22497942386831277 0.00630718954248366 0.01588477366255144
1 0.7180718954248365 0.22034979423868314 0.006830065359477124 0.014567901234567901
1 0.6786601307189543 0.1905761316872428 0.004730392156862745 0.01323045267489712
1 0.6129738562091503 0.1938888888888889 0.005784313725490196 0.01191358024691358
1 0.6245343137254902 0.1938888888888889 0.004730392156862745 0.01191358024691358
1 0.6408251633986928 0.262037037037037 0.005784313725490196 0.01323045267489712
1 0.6408251633986928 0.15358024691358024 0.004730392156862745 0.015740740740740743
1 0.41513071895424836 0.01800411522633745 0.007352941176470588 0.01720164609053498
1 0.46794117647058825 0.012695473251028806 0.007883986928104575 0.01720164609053498
1 0.4795016339869281 0.03189300411522634 0.007883986928104575 0.01323045267489712
1 0.49920751633986926 0.10006172839506174 0.00630718954248366 0.014567901234567901
1 0.6045669934640523 0.024609053497942388 0.006830065359477124 0.01720164609053498
1 0.5914297385620915 0.0808641975308642 0.005784313725490196 0.01588477366255144
1 0.6027287581699347 0.10866255144032923 0.00630718954248366 0.01588477366255144
1 0.6360947712418301 0.09740740740740741 0.004730392156862745 0.01191358024691358
1 0.5599019607843138 0.14372427983539093 0.005784313725490196 0.014567901234567901
1 0.5593709150326797 0.07092592592592592 0.004730392156862745 0.01191358024691358
1 0.5714624183006536 0.02792181069958848 0.004730392156862745 0.01323045267489712
1 0.43956699346405226 0.018662551440329217 0.005784313725490196 0.010596707818930042
1 0.4400898692810457 0.033888888888888885 0.004730392156862745 0.01191358024691358
1 0.753014705882353 0.1026954732510288 0.007352941176470588 0.0198559670781893
1 0.5953676470588235 0.2548971193415638 0.005253267973856209 0.014567901234567901
1 0.5189133986928104 0.28532921810699585 0.004730392156862745 0.01191358024691358
1 0.5320506535947712 0.3237037037037037 0.004730392156862745 0.01191358024691358
1 0.7564297385620915 0.0411522633744856 0.007883986928104575 0.01588477366255144
1 0.487124183006536 0.2952674897119342 0.005253267973856209 0.01323045267489712
1 0.6308415032679738 0.4605555555555556 0.004730392156862745 0.010596707818930042
1 0.6282107843137255 0.4506378600823045 0.004730392156862745 0.01191358024691358
1 0.6245343137254902 0.4565843621399177 0.005784313725490196 0.01323045267489712
1 0.6941584967320261 0.45724279835390946 0.00630718954248366 0.014567901234567901
1 0.7425081699346405 0.4632098765432099 0.00946078431372549 0.02117283950617284
1 0.7254248366013072 0.4281275720164609 0.006830065359477124 0.022489711934156376
1 0.7254248366013072 0.48504115226337446 0.005784313725490196 0.014567901234567901
1 0.7193872549019608 0.47246913580246913 0.005253267973856209 0.01323045267489712
1 0.7238480392156863 0.4506378600823045 0.004730392156862745 0.014567901234567901
1 0.7238480392156863 0.4665020576131687 0.004730392156862745 0.01191358024691358
1 0.70625 0.48304526748971194 0.005253267973856209 0.01588477366255144
1 0.7033578431372549 0.49761316872427985 0.005784313725490196 0.01323045267489712
1 0.6988888888888889 0.5108436213991769 0.004207516339869282 0.010596707818930042
1 0.6920588235294118 0.5445884773662552 0.00630718954248366 0.014567901234567901
1 0.7054575163398693 0.535329218106996 0.004730392156862745 0.014567901234567901
1 0.6445016339869281 0.31563786008230454 0.004730392156862745 0.01191358024691358
1 0.6113970588235295 0.36195473251028804 0.004730392156862745 0.014567901234567901
1 0.42958333333333326 0.369238683127572 0.005784313725490196 0.010596707818930042
1 0.682859477124183 0.2951234567901235 0.005784313725490196 0.01588477366255144
1 0.7900571895424836 0.14094650205761317 0.006830065359477124 0.01720164609053498
1 0.8068790849673203 0.1687448559670782 0.005784313725490196 0.014567901234567901
1 0.7953186274509804 0.1257201646090535 0.005784313725490196 0.018518518518518517
1 0.7383006535947712 0.2957818930041152 0.005253267973856209 0.014567901234567901
1 0.7766584967320261 0.2779218106995885 0.00630718954248366 0.018518518518518517
1 0.7640522875816994 0.3162962962962963 0.005253267973856209 0.01588477366255144
1 0.7577450980392157 0.25806584362139917 0.005253267973856209 0.01323045267489712
1 0.7929493464052288 0.3791563786008231 0.005253267973856209 0.014567901234567901
1 0.8087173202614379 0.3745267489711934 0.005253267973856209 0.01323045267489712
1 0.8042483660130719 0.4883539094650206 0.005784313725490196 0.01323045267489712
1 0.7779738562091504 0.43209876543209874 0.005784313725490196 0.01191358024691358
1 0.7945261437908496 0.6967901234567901 0.00946078431372549 0.0198559670781893
1 0.8460212418300653 0.608127572016461 0.005253267973856209 0.014567901234567901
1 0.8410294117647059 0.5551851851851852 0.005784313725490196 0.014567901234567901
1 0.8562745098039215 0.4718106995884774 0.006830065359477124 0.01720164609053498
1 0.875187908496732 0.5161316872427983 0.006830065359477124 0.018518518518518517
1 0.8381454248366014 0.3460699588477366 0.005253267973856209 0.014567901234567901
1 0.8449754901960784 0.3282098765432099 0.004207516339869282 0.01323045267489712
1 0.6691993464052288 0.5598148148148148 0.004730392156862745 0.010596707818930042
1 0.6153349673202614 0.6147325102880659 0.004207516339869282 0.009259259259259259
1 0.49894607843137256 0.6848765432098766 0.004730392156862745 0.01191358024691358
1 0.4910620915032679 0.7001028806584362 0.004730392156862745 0.010596707818930042
1 0.6910049019607842 0.8125925925925926 0.005253267973856209 0.01323045267489712
1 0.6952124183006536 0.7960493827160494 0.005253267973856209 0.014567901234567901
1 0.7075571895424836 0.800679012345679 0.005784313725490196 0.010596707818930042
1 0.7049346405228758 0.7894238683127572 0.004730392156862745 0.01191358024691358
1 0.70625 0.852962962962963 0.004207516339869282 0.009259259259259259
1 0.6996813725490196 0.8589094650205762 0.004730392156862745 0.010596707818930042
1 0.7044035947712419 0.8774279835390947 0.004730392156862745 0.01323045267489712
1 0.6723529411764706 0.852962962962963 0.004730392156862745 0.014567901234567901
1 0.6618464052287582 0.8641975308641975 0.004730392156862745 0.01588477366255144
1 0.6804983660130719 0.8946502057613169 0.004207516339869282 0.010596707818930042
1 0.6718300653594772 0.9058847736625514 0.005784313725490196 0.014567901234567901
1 0.6994117647058824 0.9072222222222223 0.005253267973856209 0.01191358024691358
1 0.6087663398692811 0.907880658436214 0.004730392156862745 0.010596707818930042
1 0.6279493464052288 0.8754526748971194 0.004207516339869282 0.009259259259259259
1 0.6268954248366013 0.9475720164609053 0.004207516339869282 0.01323045267489712
1 0.5775 0.9270576131687243 0.00630718954248366 0.01191358024691358
1 0.5827614379084967 0.9923251028806584 0.007352941176470588 0.01537037037037037
1 0.5754003267973856 0.9694238683127572 0.005253267973856209 0.014567901234567901
1 0.6016748366013073 0.9813168724279836 0.005253267973856209 0.01191358024691358
1 0.5599019607843138 0.962798353909465 0.007883986928104575 0.02779835390946502
1 0.6408251633986928 0.9184567901234568 0.004730392156862745 0.010596707818930042
1 0.6728758169934641 0.9508847736625514 0.005784313725490196 0.014567901234567901
1 0.6502859477124183 0.9316872427983539 0.007883986928104575 0.01588477366255144
1 0.6684150326797386 0.9760288065843622 0.005253267973856209 0.01191358024691358
1 0.6739297385620915 0.9932304526748971 0.005784313725490196 0.01191358024691358
1 0.6379330065359478 0.9422839506172839 0.005253267973856209 0.01323045267489712
1 0.6353104575163399 0.9522016460905349 0.005253267973856209 0.01191358024691358
1 0.6489705882352942 0.9575102880658437 0.004207516339869282 0.01191358024691358
1 0.6526470588235295 0.9647736625514404 0.005253267973856209 0.010596707818930042
1 0.6408251633986928 0.9667695473251029 0.004730392156862745 0.014567901234567901
1 0.6450245098039216 0.9674279835390946 0.005784313725490196 0.010596707818930042
1 0.7335702614379085 0.8721399176954733 0.007352941176470588 0.01588477366255144
1 0.7398774509803921 0.8443415637860083 0.00630718954248366 0.01323045267489712
1 0.7564297385620915 0.8231687242798355 0.006830065359477124 0.01323045267489712
1 0.7582679738562091 0.8489917695473251 0.00630718954248366 0.01720164609053498
1 0.7451307189542483 0.845679012345679 0.005253267973856209 0.010596707818930042
1 0.7398774509803921 0.9204526748971192 0.00630718954248366 0.014567901234567901
1 0.7808660130718954 0.872798353909465 0.005253267973856209 0.01720164609053498
1 0.8037254901960784 0.8721399176954733 0.004730392156862745 0.01588477366255144
1 0.8197467320261438 0.8813991769547326 0.005253267973856209 0.018518518518518517
1 0.7911111111111111 0.8813991769547326 0.006830065359477124 0.01588477366255144
1 0.5890604575163398 0.3222633744855967 0.004207516339869282 0.009259259259259259
1 0.4014705882352941 0.17337448559670782 0.004207516339869282 0.010596707818930042
1 0.4104003267973856 0.18131687242798356 0.004207516339869282 0.010596707818930042
1 0.600890522875817 0.4340946502057613 0.004730392156862745 0.01323045267489712
1 0.741454248366013 0.6861934156378601 0.00630718954248366 0.014567901234567901
1 0.7262173202614379 0.6544444444444445 0.005253267973856209 0.01720164609053498
1 0.481078431372549 0.6603909465020575 0.005784313725490196 0.010596707818930042
1 0.48922385620915027 0.3302057613168724 0.004207516339869282 0.01191358024691358
1 0.503406862745098 0.4645267489711934 0.004207516339869282 0.01323045267489712
1 0.7921650326797386 0.6187037037037036 0.007883986928104575 0.01720164609053498
1 0.8470751633986927 0.1680658436213992 0.005253267973856209 0.01588477366255144
1 0.8633660130718954 0.02646090534979424 0.005253267973856209 0.01588477366255144
1 0.8896405228758171 0.10786008230452675 0.008406862745098038 0.01720164609053498
1 0.9411356209150327 0.02911522633744856 0.005253267973856209 0.01588477366255144
1 0.9227450980392158 0.022489711934156376 0.005253267973856209 0.010596707818930042
1 0.9293137254901961 0.135 0.012083333333333333 0.02117283950617284
1 0.911968954248366 0.09925925925925927 0.004730392156862745 0.01323045267489712
1 0.8977859477124184 0.1740329218106996 0.005784313725490196 0.014567901234567901
1 0.9487581699346405 0.22631687242798354 0.012083333333333333 0.02911522633744856
1 0.9382434640522876 0.17534979423868313 0.009983660130718955 0.0251440329218107
1 0.8993627450980392 0.24681069958847737 0.005784313725490196 0.014567901234567901
1 0.9287908496732026 0.2607201646090535 0.004730392156862745 0.018518518518518517
1 0.9059313725490196 0.3215843621399177 0.00630718954248366 0.01588477366255144
1 0.9145996732026144 0.31563786008230454 0.005784313725490196 0.014567901234567901
1 0.9148611111111111 0.3308641975308642 0.00630718954248366 0.01323045267489712
1 0.8762418300653595 0.3235802469135802 0.005784313725490196 0.014567901234567901
1 0.8825490196078432 0.2779218106995885 0.004730392156862745 0.01323045267489712
1 0.8856944444444443 0.29777777777777775 0.004730392156862745 0.01323045267489712
1 0.8962091503267974 0.35600823045267493 0.004730392156862745 0.01323045267489712
1 0.8925326797385621 0.41290123456790123 0.007883986928104575 0.02646090534979424
1 0.8983088235294118 0.46584362139917695 0.005784313725490196 0.01588477366255144
1 0.9080310457516341 0.414238683127572 0.005253267973856209 0.01323045267489712
1 0.9040931372549019 0.43078189300411523 0.005784313725490196 0.014567901234567901
1 0.9111846405228757 0.42746913580246915 0.013660130718954248 0.02646090534979424
1 0.9561846405228758 0.7223251028806584 0.005040849673202614 0.012695473251028806
1 0.985923202614379 0.7077366255144032 0.006045751633986928 0.016502057613168725
1 0.9813888888888889 0.7356584362139917 0.005040849673202614 0.01397119341563786
1 0.8795751633986927 0.8023045267489712 0.005040849673202614 0.015226337448559672
1 0.9093137254901961 0.8378395061728395 0.008063725490196077 0.012695473251028806
1 0.9085539215686274 0.8289711934156379 0.004534313725490196 0.012695473251028806
1 0.9398039215686274 0.834670781893004 0.004534313725490196 0.01397119341563786
1 0.9125898692810458 0.9597119341563787 0.004534313725490196 0.012695473251028806
1 0.8435294117647059 0.8308641975308643 0.005547385620915033 0.01397119341563786
1 0.787328431372549 0.9489300411522634 0.005040849673202614 0.01397119341563786
1 0.9526633986928104 0.5782510288065843 0.006045751633986928 0.01397119341563786
1 0.8752859477124182 0.7521604938271605 0.005547385620915033 0.011419753086419753
1 0.8677287581699346 0.9349588477366255 0.004534313725490196 0.01397119341563786
1 0.8470588235294118 0.8892592592592593 0.005547385620915033 0.01397119341563786
1 0.8493300653594771 0.9044855967078189 0.006045751633986928 0.011419753086419753
1 0.8556290849673203 0.8816460905349794 0.004534313725490196 0.011419753086419753
1 0.8526062091503267 0.9457613168724279 0.005547385620915033 0.012695473251028806
1 0.8279084967320262 0.9140123456790124 0.004534313725490196 0.012695473251028806
1 0.781282679738562 0.9825720164609053 0.004035947712418301 0.010164609053497944
1 0.7870751633986928 0.9781275720164609 0.005547385620915033 0.01397119341563786
1 0.7822875816993464 0.655679012345679 0.007058823529411765 0.016502057613168725
1 0.7933823529411765 0.5706172839506173 0.005040849673202614 0.01397119341563786
1 0.8213562091503268 0.7978600823045268 0.010588235294117648 0.021584362139917695
1 0.7243218954248366 0.622037037037037 0.005040849673202614 0.012695473251028806
1 0.7913643790849673 0.4576337448559671 0.005040849673202614 0.011419753086419753
1 0.7840522875816993 0.4665226337448559 0.004534313725490196 0.01397119341563786
1 0.7775 0.4944650205761317 0.004534313725490196 0.011419753086419753
1 0.7734722222222222 0.4969958847736625 0.004534313725490196 0.011419753086419753
1 0.7477614379084967 0.44685185185185183 0.004534313725490196 0.010164609053497944
1 0.8654575163398692 0.5833127572016461 0.005040849673202614 0.01397119341563786
1 0.8957026143790849 0.5979218106995884 0.005040849673202614 0.012695473251028806
1 0.8652042483660131 0.6582098765432098 0.005547385620915033 0.01397119341563786
1 0.9783660130718954 0.8295884773662552 0.007058823529411765 0.01397119341563786
1 0.9793709150326797 0.8397530864197531 0.006045751633986928 0.008888888888888889
1 0.947622549019608 0.9476543209876543 0.004035947712418301 0.011419753086419753
1 0.9488807189542484 0.9717695473251028 0.004534313725490196 0.01397119341563786
1 0.7951470588235294 0.995082304526749 0.004534313725490196 0.009814814814814814
1 0.8407598039215686 0.992716049382716 0.005040849673202614 0.012695473251028806
1 0.7180228758169934 0.97940329218107 0.004534313725490196 0.011419753086419753
1 0.7036601307189543 0.992716049382716 0.005040849673202614 0.010164609053497944
1 0.8589052287581699 0.9102057613168725 0.004035947712418301 0.012695473251028806
1 0.7243218954248366 0.9419341563786008 0.004035947712418301 0.010164609053497944
1 0.7316339869281046 0.9019547325102881 0.005547385620915033 0.01397119341563786
1 0.9269526143790849 0.9571810699588478 0.003022875816993464 0.010164609053497944
1 0.912843137254902 0.9800205761316872 0.005040849673202614 0.012695473251028806
1 0.9302287581699346 0.8568930041152263 0.004534313725490196 0.010164609053497944
1 0.9856781045751635 0.21390946502057612 0.005547385620915033 0.01397119341563786
1 0.9826470588235294 0.2621399176954733 0.005547385620915033 0.011419753086419753
1 0.9864297385620916 0.2710288065843621 0.005040849673202614 0.011419753086419753
1 0.9652614379084967 0.33639917695473254 0.005040849673202614 0.015226337448559672
1 0.9471160130718954 0.34528806584362143 0.005040849673202614 0.012695473251028806
1 0.9342647058823529 0.33639917695473254 0.004534313725490196 0.012695473251028806
1 0.9511437908496733 0.45257201646090534 0.008063725490196077 0.016502057613168725
1 0.9735784313725491 0.45637860082304527 0.008570261437908497 0.01903292181069959
1 0.9980065359477124 0.4957201646090535 0.0039869281045751635 0.021584362139917695
1 0.9176307189542484 0.47858024691358025 0.005547385620915033 0.012695473251028806
1 0.9309885620915033 0.49382716049382713 0.005040849673202614 0.012695473251028806
1 0.8989787581699346 0.5503086419753086 0.004534313725490196 0.01397119341563786
1 0.8735212418300654 0.4386008230452675 0.005040849673202614 0.011419753086419753
1 0.8515931372549019 0.3947942386831276 0.004534313725490196 0.012695473251028806
1 0.8533578431372549 0.41131687242798354 0.005040849673202614 0.012695473251028806
1 0.8334477124183006 0.4766872427983539 0.005547385620915033 0.011419753086419753
1 0.8732679738562092 0.14598765432098765 0.004534313725490196 0.010164609053497944
1 0.8505882352941175 0.2132716049382716 0.004534313725490196 0.010164609053497944
1 0.845547385620915 0.2697530864197531 0.005547385620915033 0.011419753086419753
1 0.9874428104575165 0.3738477366255144 0.007058823529411765 0.016502057613168725
1 0.9844117647058824 0.3840123456790123 0.007058823529411765 0.016502057613168725
1 0.9776143790849673 0.3986213991769547 0.005547385620915033 0.017777777777777778
1 0.9710539215686274 0.41893004115226334 0.006552287581699346 0.012695473251028806
1 0.9977532679738562 0.42462962962962963 0.004493464052287581 0.011419753086419753
1 0.9390522875816995 0.40179012345679016 0.005040849673202614 0.011419753086419753
1 0.8868790849673203 0.506522633744856 0.004534313725490196 0.012695473251028806
1 0.8810866013071896 0.4868312757201646 0.005040849673202614 0.01397119341563786
1 0.8374836601307188 0.5319135802469136 0.004534313725490196 0.010164609053497944
1 0.6988725490196078 0.29261316872427984 0.00755718954248366 0.03172839506172839
1 0.7210457516339869 0.27864197530864193 0.005547385620915033 0.01397119341563786
1 0.5118627450980392 0.5744238683127573 0.004534313725490196 0.016502057613168725
1 0.4556617647058824 0.7369341563786008 0.005040849673202614 0.01397119341563786
1 0.6169281045751634 0.01720164609053498 0.008406862745098038 0.02382716049382716