1 0.6661619984859954 0.13544891640866874 0.020189250567751706 0.043854489164086685
1 0.9099394398183195 0.07897832817337462 0.007781983345950037 0.018374613003095973
1 0.8234065102195307 0.031222910216718268 0.009583648750946253 0.018374613003095973
1 0.6578274034822105 0.01346749226006192 0.00898561695685087 0.017136222910216718
1 0.699447388342165 0.2663467492260062 0.007183951551854656 0.01346749226006192
1 0.7551400454201362 0.18368421052631578 0.007183951551854656 0.014690402476780186
1 0.6060257380772142 0.09246130030959752 0.005987887963663891 0.011021671826625386
1 0.6000378501135504 0.10775541795665634 0.007183951551854656 0.012244582043343654
1 0.5350643451930356 0.1861300309597523 0.010181680545041635 0.019597523219814242
1 0.8518546555639667 0.33921052631578946 0.005389856169568509 0.012244582043343654
1 0.5090158970476911 0.25777089783281737 0.011975775927327782 0.020820433436532507
1 0.7317865253595761 0.40227554179566566 0.010779712339137017 0.015913312693498452
1 0.6236941710825132 0.36676470588235294 0.007781983345950037 0.018374613003095973
1 0.5979409538228615 0.4163467492260062 0.007781983345950037 0.014690402476780186
1 0.6075246025738077 0.40287925696594423 0.005389856169568509 0.012244582043343654
1 0.6617183951551855 0.3655263157894737 0.005987887963663891 0.01346749226006192
1 0.6751930355791067 0.5259442724458204 0.01376987130961393 0.018374613003095973
1 0.5946479939439818 0.4720743034055727 0.014375473126419378 0.025712074303405573
0 0.5548296744890234 0.4671671826625387 0.02934140802422407 0.05020123839009288
1 0.4685919757759273 0.3808359133126935 0.010181680545041635 0.014690402476780186
1 0.48775927327781987 0.26143962848297214 0.007781983345950037 0.01346749226006192
1 0.7925662376987131 0.48676470588235293 0.010181680545041635 0.02326625386996904
1 0.7578349735049206 0.45492260061919504 0.005389856169568509 0.01346749226006192
1 0.7698107494322483 0.44941176470588234 0.006585919757759273 0.017136222910216718
1 0.7755034065102195 0.4641176470588235 0.005987887963663891 0.012244582043343654
1 0.7608327024981074 0.4941176470588235 0.006585919757759273 0.01346749226006192
1 0.8560484481453444 0.5271826625386997 0.010181680545041635 0.01346749226006192
1 0.8886828160484482 0.5522755417956656 0.007183951551854656 0.017136222910216718
1 0.9386828160484482 0.5039164086687306 0.005389856169568509 0.01346749226006192
1 0.934791824375473 0.701671826625387 0.00838001514004542 0.014690402476780186
1 0.7638228614685844 0.623297213622291 0.00898561695685087 0.017136222910216718
1 0.7479560938682815 0.6422910216718266 0.00838001514004542 0.015913312693498452
1 0.7039364118092354 0.6508513931888544 0.01376987130961393 0.015913312693498452
1 0.681778955336866 0.6630959752321982 0.006585919757759273 0.01346749226006192
1 0.7045344436033308 0.7188235294117648 0.00898561695685087 0.017136222910216718
1 0.5844738834216503 0.6080030959752322 0.011975775927327782 0.025712074303405573
1 0.5751854655563967 0.604938080495356 0.005389856169568509 0.014690402476780186
0 0.9746177138531416 0.8020897832817337 0.018561695685087056 0.031842105263157894
1 0.9225132475397427 0.828421052631579 0.006585919757759273 0.01346749226006192
1 0.9937774413323239 0.9655727554179566 0.007781983345950037 0.015913312693498452
1 0.9060484481453445 0.8988390092879257 0.013171839515518546 0.02693498452012384
1 0.5653065859197578 0.7065789473684211 0.00838001514004542 0.014690402476780186
1 0.6009386828160485 0.701671826625387 0.006585919757759273 0.012244582043343654
1 0.5961468584405754 0.7506656346749226 0.007781983345950037 0.017136222910216718
1 0.5671006813020439 0.7873993808049536 0.00838001514004542 0.017136222910216718
1 0.6129144587433762 0.8137306501547987 0.007781983345950037 0.018374613003095973
1 0.5467448902346707 0.8584210526315789 0.007183951551854656 0.014690402476780186
1 0.5524299772899318 0.8443343653250774 0.005389856169568509 0.01346749226006192
1 0.586563209689629 0.9227089783281734 0.010181680545041635 0.018374613003095973
1 0.6224981074943226 0.9373993808049534 0.00898561695685087 0.015913312693498452
1 0.6227933383800152 0.8663777089783281 0.007183951551854656 0.015913312693498452
1 0.6665102195306586 0.9116873065015481 0.010779712339137017 0.01346749226006192
1 0.791672975018925 0.8847523219814241 0.00838001514004542 0.015913312693498452
1 0.809333838001514 0.9196439628482973 0.006585919757759273 0.009798761609907121
1 0.8371839515518548 0.9953405572755418 0.009583648750946253 0.009318885448916408
1 0.7057380772142317 0.9943498452012385 0.005389856169568509 0.009798761609907121
1 0.47338380015140047 0.8810835913312692 0.007781983345950037 0.01346749226006192
1 0.5135049205147616 0.9839473684210526 0.007781983345950037 0.01346749226006192
1 0.5760862982588948 0.9753715170278638 0.005987887963663891 0.011021671826625386
1 0.9719227857683573 0.9619040247678018 0.004791824375473127 0.011021671826625386
1 0.7755034065102195 0.9790402476780187 0.007183951551854656 0.01346749226006192
1 0.44823618470855414 0.017755417956656347 0.007781983345950037 0.015913312693498452
1 0.4593111279333838 0.034287925696594425 0.005987887963663891 0.012244582043343654
1 0.4440423921271764 0.3539009287925697 0.014973504920514762 0.017136222910216718
1 0.4335654806964421 0.3906346749226006 0.005987887963663891 0.012244582043343654
1 0.4060181680545042 0.5204489164086687 0.007183951551854656 0.019597523219814242
1 0.4075094625283876 0.042863777089783284 0.006585919757759273 0.019597523219814242
1 0.3503255109765329 0.05571207430340558 0.007183951551854656 0.011021671826625386
1 0.39912944738834216 0.08695046439628483 0.006585919757759273 0.009798761609907121
1 0.33146101438304315 0.13777089783281735 0.005389856169568509 0.01346749226006192
1 0.2709765329295988 0.32390092879256965 0.005389856169568509 0.011021671826625386
1 0.25241483724451175 0.06551083591331269 0.006585919757759273 0.01346749226006192
1 0.25660105980317943 0.37410216718266254 0.006585919757759273 0.01346749226006192
1 0.4048145344436033 0.2687925696594427 0.007183951551854656 0.008575851393188855
1 0.1562982588947767 0.15552631578947368 0.00838001514004542 0.019597523219814242
1 0.30630582891748676 0.6251393188854488 0.007781983345950037 0.015913312693498452
1 0.15779712339137017 0.5706501547987616 0.00898561695685087 0.019597523219814242
1 0.19941710825132475 0.5639164086687307 0.005987887963663891 0.011021671826625386
1 0.31349735049205146 0.5945201238390093 0.005389856169568509 0.01346749226006192
1 0.3269644208932627 0.8921052631578946 0.007183951551854656 0.011021671826625386
1 0.36888720666162 0.9478173374613003 0.00838001514004542 0.014690402476780186
1 0.3715821347464042 0.7378018575851393 0.01376987130961393 0.028157894736842107
1 0.4236790310370931 0.9288390092879256 0.007781983345950037 0.01346749226006192
1 0.010181680545041635 0.9551702786377708 0.00838001514004542 0.014690402476780186
1 0.16228614685844056 0.983328173374613 0.00838001514004542 0.017136222910216718
1 0.07485238455715366 0.55656346749226 0.007183951551854656 0.01346749226006192
1 0.07126419379258138 0.581671826625387 0.007183951551854656 0.014690402476780186
0 0.11947009841029523 0.6931114551083591 0.018561695685087056 0.03917956656346749
1 0.12815291445874338 0.9912848297213622 0.005987887963663891 0.011021671826625386
1 0.09551854655563967 0.5926934984520124 0.005389856169568509 0.009798761609907121
1 0.26169568508705526 0.4488080495356037 0.005987887963663891 0.011021671826625386
1 0.1443224829674489 0.8835294117647059 0.005987887963663891 0.008575851393188855
1 0.02036336109008327 0.05755417956656347 0.011975775927327782 0.017136222910216718
1 0.08443603330809993 0.19959752321981425 0.005987887963663891 0.017136222910216718
1 0.03503406510219531 0.21613003095975233 0.005389856169568509 0.01346749226006192
1 0.017070401211203633 0.2087925696594427 0.006585919757759273 0.01346749226006192
1 0.10030280090840273 0.3379876160990712 0.007781983345950037 0.017136222910216718
1 0.07665404996214989 0.06428792569659443 0.003595760787282362 0.011021671826625386
1 0.6204012112036336 0.22226006191950468 0.005987887963663891 0.011021671826625386
1 0.5922558667676003 0.22837461300309597 0.007183951551854656 0.01346749226006192