1 0.43009272467903 0.37879032258064516 0.007432239657631954 0.013044354838709677
1 0.495114122681883 0.27102822580645164 0.009743223965763196 0.011008064516129032
1 0.47827389443651924 0.6262600806451613 0.005534950071326676 0.008578629032258065
1 0.19164764621968616 0.25067540322580645 0.006148359486447931 0.00942540322580645
1 0.45507845934379454 0.25016129032258067 0.00717546362339515 0.014314516129032258
1 0.10192582025677605 0.7245967741935483 0.004557774607703281 0.008820564516129033
1 0.7114265335235378 0.5852016129032258 0.008216833095577745 0.01722782258064516
1 0.5874037089871612 0.23980846774193548 0.00731811697574893 0.015171370967741937
1 0.16320970042796004 0.46546370967741935 0.004793152639087019 0.008387096774193548
1 0.35937232524964335 0.1871875 0.00644079885877318 0.012741935483870969
1 0.5029315263908702 0.6969959677419354 0.006169757489300999 0.011401209677419356
1 0.5683594864479316 0.8253528225806451 0.005470756062767475 0.011401209677419356
1 0.3398430813124108 0.16252016129032257 0.00391583452211127 0.008850806451612903
1 0.9360342368045649 0.450625 0.005599144079885877 0.008749999999999999
1 0.5688445078459343 0.5845060483870969 0.009015691868758917 0.01126008064516129
1 0.1118188302425107 0.2851814516129032 0.004793152639087019 0.010181451612903226
1 0.38549928673323824 0.23808467741935485 0.004415121255349501 0.008195564516129033
1 0.23522824536376608 0.7204536290322581 0.004329529243937233 0.008850806451612903
1 0.6474607703281027 0.5127419354838709 0.010057061340941512 0.01126008064516129
1 0.10339514978601998 0.4330342741935484 0.006669044222539229 0.01251008064516129
1 0.8642582025677604 0.6890524193548386 0.0076390870185449366 0.012449596774193548
1 0.8149429386590584 0.20305443548387098 0.007375178316690442 0.010877016129032257
1 0.1899429386590585 0.2889717741935484 0.004429386590584878 0.007439516129032258
1 0.2751497860199715 0.6793951612903226 0.004793152639087019 0.006673387096774194
1 0.36987161198288154 0.7190725806451613 0.003851640513552069 0.007641129032258064
1 0.29320970042796 0.4413104838709677 0.004607703281027104 0.009838709677419354
1 0.20703281027104137 0.22565524193548386 0.004101283880171184 0.008064516129032258
1 0.410641940085592 0.3495262096774194 0.004229671897289586 0.007641129032258064
1 0.43164051355206845 0.04198588709677419 0.004572039942938659 0.008457661290322582
1 0.3408202567760342 0.3816229838709677 0.005221112696148359 0.013195564516129032
1 0.4348145506419401 0.8205141129032258 0.00731811697574893 0.012358870967741934
1 0.1666262482168331 0.7014818548387097 0.00891583452211127 0.01340725806451613
1 0.22436519258202567 0.7715221774193549 0.006961483594864479 0.011441532258064515
1 0.5063480741797433 0.6141834677419354 0.008851640513552068 0.01658266129032258
1 0.8466761768901568 0.7673790322580645 0.006797432239657631 0.013568548387096774
1 0.33520684736091294 0.5686391129032259 0.005121255349500713 0.007348790322580645
1 0.48901569186875893 0.5289516129032258 0.00891583452211127 0.014092741935483872
1 0.17712553495007133 0.6528225806451613 0.003972895863052782 0.006592741935483871
1 0.2113052781740371 0.8184475806451613 0.0050213980028530674 0.009909274193548387
1 0.2551283880171184 0.604516129032258 0.010777460770328103 0.013195564516129032
1 0.25171184022824533 0.3327923387096774 0.004607703281027104 0.006743951612903226
1 0.07922253922967189 0.6938911290322581 0.008188302425106991 0.010584677419354838
1 0.42602710413694717 0.11015120967741936 0.004251069900142654 0.012993951612903227
1 0.2573252496433666 0.5268850806451613 0.010206847360912982 0.011895161290322582
1 0.4921897289586305 0.753578629032258 0.004978601997146934 0.008487903225806451
1 0.8740228245363767 0.8971169354838711 0.004793152639087019 0.010584677419354838
1 0.30420114122681885 0.9481854838709678 0.005178316690442226 0.007409274193548387
1 0.03768901569186876 0.705967741935484 0.004907275320970043 0.007580645161290322
1 0.17285306704707562 0.9081552419354838 0.004165477888730385 0.009949596774193548
1 0.851077032810271 0.6497177419354838 0.006148359486447931 0.010745967741935484
1 0.6767546362339515 0.5303326612903226 0.007753209700427959 0.010262096774193548
1 0.34863052781740367 0.8225907258064517 0.0058416547788873036 0.00942540322580645
1 0.8754850213980029 0.6738709677419356 0.006562054208273894 0.009838709677419354
1 0.18225392296718973 0.40818548387096776 0.006611982881597717 0.009606854838709676
1 0.05792439372325249 0.11153225806451612 0.005756062767475036 0.014264112903225807
1 0.030855920114122682 0.7356350806451613 0.004179743223965763 0.007459677419354839
1 0.03790299572039943 0.16890120967741937 0.01029243937232525 0.013770161290322581
1 0.6162125534950071 0.16191532258064517 0.004572039942938659 0.008961693548387098
1 0.21972895863052783 0.6117641129032259 0.010613409415121256 0.014143145161290322
1 0.5942368045649072 0.7735887096774193 0.004365192582025678 0.008749999999999999
1 0.2573252496433666 0.9233467741935484 0.0038231098430813125 0.009274193548387096
1 0.4606918687589158 0.8363911290322581 0.003566333808844508 0.007852822580645161
1 0.14880171184022825 0.5955443548387096 0.004022824536376605 0.007641129032258064
1 0.3964835948644793 0.8702016129032258 0.0038231098430813125 0.008487903225806451
1 0.2286376604850214 0.8840020161290322 0.003751783166904422 0.007973790322580646
1 0.44433666191155496 0.8833165322580645 0.003245363766048502 0.00942540322580645
1 0.8813480741797433 0.842600806451613 0.005164051355206848 0.008548387096774194
1 0.6035164051355206 0.4661592741935484 0.004300998573466477 0.009203629032258066
1 0.7993152639087019 0.4547681451612903 0.004793152639087019 0.007610887096774193
1 0.9697289586305278 0.8253528225806451 0.010328102710413695 0.014596774193548387
1 0.3330099857346648 0.8681350806451613 0.004165477888730385 0.006955645161290323
1 0.9497075606276748 0.7294254032258065 0.006512125534950072 0.009717741935483871
1 0.3789087018544936 0.6866431451612903 0.00420114122681883 0.008256048387096773
1 0.8876961483594864 0.5658770161290323 0.0094151212553495 0.018840725806451613
1 0.8481455064194008 0.5938205645161291 0.010563480741797433 0.009495967741935485
1 0.6323252496433666 0.9019455645161291 0.006540656205420828 0.016975806451612903
1 0.5434593437945792 0.8708971774193548 0.006768901569186876 0.012550403225806452
1 0.8935520684736091 0.924717741935484 0.005427960057061341 0.008195564516129033
1 0.19470042796005707 0.7659979838709677 0.008067047075606277 0.01091733870967742
1 0.5307631954350928 0.49824596774193547 0.006148359486447931 0.01280241935483871
1 0.7084950071326676 0.7715221774193549 0.005 0.010423387096774194
1 0.07587018544935806 0.04912298387096774 0.004087018544935806 0.011663306451612903
1 0.7348644793152639 0.863991935483871 0.005955777460770328 0.011088709677419355
1 0.3098145506419401 0.08444556451612903 0.0038373751783166905 0.007258064516129033
1 0.6796861626248216 0.9040221774193548 0.005320970042796006 0.011935483870967743
1 0.3125035663338088 0.5596673387096774 0.009272467902995721 0.020181451612903224
1 0.4265121255349501 0.9267943548387096 0.007724679029957204 0.020423387096774194
1 0.3847646219686163 0.08022177419354838 0.00420114122681883 0.006391129032258064
1 0.16748216833095578 0.5413810483870968 0.004215406562054208 0.006723790322580645
1 0.15710413694721825 0.7521975806451613 0.008851640513552068 0.011713709677419354
1 0.28466476462196866 0.8702016129032258 0.0062910128388017125 0.010705645161290321
1 0.5712910128388018 0.44579637096774194 0.005242510699001426 0.008457661290322582
1 0.5073252496433666 0.9109173387096774 0.005064194008559201 0.01091733870967742
1 0.9609343794579173 0.8957358870967742 0.004507845934379458 0.0075504032258064515
1 0.802246790299572 0.5789818548387097 0.011825962910128386 0.012036290322580644
1 0.1840798858773181 0.7563407258064516 0.007289586305278174 0.009949596774193548
1 0.427246790299572 0.4858266129032258 0.004607703281027104 0.01658266129032258
1 0.22106990014265335 0.8598487903225807 0.006768901569186876 0.011481854838709678
1 0.6630884450784593 0.9516330645161291 0.006768901569186876 0.009647177419354839
1 0.6059557774607703 0.11524193548387096 0.005449358059914408 0.00752016129032258
1 0.7124037089871612 0.44545362903225805 0.006854493580599144 0.010745967741935484
1 0.689450784593438 0.6956149193548387 0.007203994293865906 0.009455645161290323
1 0.3347146932952924 0.7963608870967742 0.00796718972895863 0.016139112903225807
1 0.4604493580599144 0.5424092741935485 0.006982881597717545 0.019264112903225807
1 0.6699215406562055 0.29190524193548384 0.006069900142653352 0.006411290322580645
1 0.9628887303851641 0.7666935483870967 0.0049429386590584875 0.006592741935483871
1 0.6708987161198289 0.6241834677419356 0.005135520684736092 0.007237903225806451
1 0.7915049928673324 0.6704233870967742 0.0037375178316690445 0.007641129032258064
1 0.11517118402282453 0.47305443548387094 0.004151212553495007 0.006149193548387096
1 0.8476533523537804 0.8771068548387098 0.0035092724679029958 0.00910282258064516
1 0.2612339514978602 0.12913306451612902 0.00362339514978602 0.006441532258064516
1 0.3347146932952924 0.5182560483870968 0.0049429386590584875 0.006048387096774193
1 0.09790299572039943 0.8439818548387097 0.009714693295292438 0.012600806451612902
1 0.41748216833095575 0.9730241935483871 0.006904422253922967 0.015776209677419356
1 0.5146504992867332 0.8087903225806452 0.01073466476462197 0.014929435483870969
1 0.047239657631954354 0.4547681451612903 0.004008559201141227 0.006461693548387097
1 0.3449714693295292 0.06555443548387097 0.0035805991440798855 0.0065625
1 0.6796861626248216 0.5534576612903226 0.005242510699001426 0.008004032258064517
1 0.5942368045649072 0.9116129032258065 0.008744650499286733 0.019647177419354837
1 0.7993152639087019 0.7763508064516129 0.005263908701854493 0.010383064516129033
1 0.38940085592011414 0.14380040322580645 0.008987161198288159 0.016451612903225808
1 0.021697574893009986 0.5103225806451613 0.011597717546362341 0.016078629032258065
1 0.31738231098430814 0.637641129032258 0.007874465049928673 0.01658266129032258
1 0.7519543509272468 0.7970564516129032 0.007460770328102711 0.009909274193548387
1 0.6601569186875891 0.32141129032258065 0.004165477888730385 0.006723790322580645
1 0.33373751783166905 0.611421370967742 0.013223965763195435 0.01284274193548387
1 0.3085948644793152 0.12534274193548386 0.010057061340941512 0.01722782258064516
1 0.7460912981455065 0.2168649193548387 0.0071255349500713265 0.015171370967741937
1 0.6840798858773182 0.9343850806451612 0.0064621968616262486 0.008296370967741936
1 0.7495149786019971 0.41232862903225803 0.012011412268188302 0.011754032258064517
1 0.3027318116975749 0.1400907258064516 0.006961483594864479 0.009455645161290323
1 0.32690442225392297 0.26240927419354837 0.004415121255349501 0.00590725806451613
1 0.920413694721826 0.35143145161290323 0.005955777460770328 0.006794354838709678
1 0.08166191155492154 0.04328629032258064 0.003651925820256776 0.007116935483870967
1 0.8183594864479314 0.16277217741935485 0.012724679029957204 0.01280241935483871
1 0.7958987161198288 0.05848790322580646 0.00369472182596291 0.008064516129032258
1 0.4001497860199715 0.8191330645161291 0.009857346647646219 0.01280241935483871
1 0.7441440798858773 0.6473084677419355 0.006825962910128388 0.010463709677419355
1 0.3852567760342368 0.03185483870967742 0.003024251069900143 0.007641129032258064
1 0.13171184022824536 0.9116129032258065 0.008095577746077033 0.01529233870967742
1 0.379885877318117 0.9419758064516129 0.005777460770328102 0.012116935483870968
1 0.5317403708987162 0.9067842741935483 0.006718972895863053 0.010745967741935484
1 0.7124037089871612 0.006391129032258064 0.005 0.012318548387096775
1 0.7509771754636233 0.022752016129032257 0.0037375178316690445 0.008850806451612903
1 0.21081312410841654 0.4916935483870968 0.006412268188302425 0.013044354838709677
1 0.5483380884450785 0.9889012096774193 0.006069900142653352 0.012893145161290321
1 0.3803708987161198 0.9730241935483871 0.008644793152639087 0.011895161290322582
1 0.8823252496433666 0.9723387096774193 0.004429386590584878 0.008094758064516129
1 0.7944365192582026 0.8398387096774194 0.00861626248216833 0.015231854838709678
1 0.5288088445078459 0.9751008064516129 0.006048502139800286 0.010584677419354838
1 0.8930670470756062 0.5075604838709677 0.003972895863052782 0.005957661290322581
1 0.5493152639087019 0.9281754032258065 0.007753209700427959 0.009385080645161291
1 0.18432952924393725 0.03905241935483871 0.00391583452211127 0.005705645161290323
1 0.7778316690442225 0.20513104838709678 0.004643366619115549 0.007883064516129032
1 0.3627960057061341 0.7791129032258064 0.012524964336661911 0.017641129032258066
1 0.29980741797432237 0.6693850806451612 0.008288159771754636 0.02807459677419355
1 0.3081027104136947 0.5361995967741935 0.014614835948644793 0.01722782258064516
1 0.8105492154065621 0.5924395161290323 0.011547788873038518 0.01529233870967742
1 0.4018544935805991 0.7432258064516128 0.010613409415121256 0.018125
1 0.5742154065620542 0.019415322580645163 0.009714693295292438 0.01280241935483871
0 0.5068330955777461 0.528266129032258 0.015777460770328103 0.02723790322580645
1 0.9873038516405136 0.3165826612903226 0.004179743223965763 0.00532258064516129
1 0.03037803138373752 0.9440423387096775 0.004151212553495007 0.006643145161290323
1 0.9570328102710414 0.5496572580645162 0.014950071326676178 0.018054435483870968
1 0.5361340941512125 0.9205846774193549 0.011248216833095577 0.014425403225806451
1 0.5571255349500713 0.9716532258064516 0.005641940085592012 0.0059375
1 0.9575178316690443 0.20927419354838708 0.0029029957203994296 0.006149193548387096
1 0.03108416547788873 0.043931451612903225 0.00405848787446505 0.006441532258064516
1 0.7656276747503566 0.7349495967741936 0.005641940085592012 0.01559475806451613
1 0.024564907275320968 0.9205846774193549 0.0033594864479315266 0.006441532258064516
1 0.5620114122681883 0.8812500000000001 0.013537803138373753 0.012953629032258064
0 0.3244650499286733 0.47995967741935486 0.012574893009985735 0.022923387096774193
1 0.6025392296718973 0.9613004032258065 0.008345221112696147 0.011663306451612903
1 0.03747503566333809 0.9240322580645162 0.010092724679029958 0.02065524193548387
1 0.05911554921540656 0.6797379032258064 0.016462196861626248 0.0234375
1 0.809079885877318 0.7439213709677419 0.011469329529243935 0.024455645161290323
1 0.42920114122681885 0.7618649193548387 0.018159771754636234 0.01665322580645161
1 0.7285164051355206 0.8405342741935483 0.012867332382310984 0.02065524193548387
1 0.6381811697574893 0.8729637096774193 0.012289586305278174 0.016774193548387096
1 0.7358416547788874 0.9675100806451613 0.015192582025677604 0.01626008064516129
1 0.7646504992867332 0.9481854838709678 0.011961483594864479 0.016008064516129034
1 0.3498502139800285 0.9405947580645162 0.014450784593437948 0.021633064516129032
1 0.7490228245363767 0.7715221774193549 0.016405135520684736 0.02719758064516129
0 0.5795863052781741 0.5306754032258064 0.02333095577746077 0.03254032258064516
0 0.3579101283880171 0.6248790322580645 0.022845934379457918 0.04080645161290322
0 0.23315263908701855 0.9219657258064516 0.015841654778887305 0.031078629032258064
0 0.44699714693295295 0.7250604838709678 0.02304564907275321 0.0389616935483871
1 0.7636733238231099 0.7563407258064516 0.01710413694721826 0.019264112903225807
0 0.7827175463623395 0.968891129032258 0.0257132667617689 0.030020161290322582
1 0.8983238231098432 0.31710685483870965 0.03771754636233952 0.08743951612903225
1 0.773922967189729 0.9744052419354838 0.012097004279600572 0.015473790322580646
1 0.3264835948644793 0.8492540322580645 0.011098430813124109 0.02567540322580645
1 0.3893723252496433 0.8599697580645161 0.005164051355206848 0.00908266129032258
1 0.34569186875891583 0.8850907258064517 0.007774607703281027 0.012127016129032258
1 0.4183166904422254 0.6765927419354838 0.008323823109843082 0.010675403225806452
1 0.4604422253922967 0.6873286290322581 0.0053922967189728955 0.008568548387096774
1 0.4395007132667617 0.6451915322580645 0.006184022824536377 0.006875
1 0.2834950071326676 0.6215625 0.004893009985734665 0.008125
1 0.4005492154065621 0.5850504032258065 0.006191155492154065 0.008508064516129031
1 0.37853780313837376 0.48369959677419355 0.0048359486447931525 0.009002016129032257
1 0.4528815977175464 0.5561290322580644 0.005106990014265335 0.007026209677419354
1 0.5343366619115549 0.5583467741935484 0.005706134094151213 0.006219758064516129
1 0.5577389443651927 0.6294354838709677 0.00427246790299572 0.008125
1 0.5443937232524965 0.6596673387096774 0.003559201141226819 0.006985887096774193
1 0.5410627674750357 0.7546875 0.0033808844507845935 0.008256048387096773
1 0.512111269614836 0.7720060483870969 0.0039229671897289585 0.00751008064516129
1 0.5249714693295292 0.7961895161290323 0.00645506419400856 0.00998991935483871
1 0.5438730385164051 0.8891431451612903 0.004379457917261055 0.007116935483870967
1 0.6197503566333809 0.8481854838709677 0.005863052781740372 0.00911290322580645
1 0.5908559201141227 0.963608870967742 0.0037303851640513555 0.013165322580645162
1 0.5255777460770328 0.9652923387096775 0.00673323823109843 0.007368951612903225
1 0.6876676176890157 0.8865725806451613 0.00442225392296719 0.009838709677419354
1 0.7228815977175463 0.7602016129032259 0.005285306704707561 0.010110887096774194
1 0.7769614835948645 0.7293850806451613 0.005848787446504992 0.008780241935483872
1 0.6808059914407989 0.7473387096774193 0.005542082738944365 0.007983870967741936
1 0.6583380884450785 0.7332157258064517 0.005121255349500713 0.005957661290322581
1 0.6402995720399429 0.6982459677419355 0.005228245363766049 0.008104838709677419
1 0.6416405135520685 0.7073387096774193 0.006005706134094151 0.006471774193548387
1 0.6770256776034237 0.6904032258064516 0.005399429386590585 0.006834677419354839
1 0.6963980028530671 0.6119354838709677 0.005185449358059914 0.008528225806451614
1 0.6977318116975749 0.5753931451612903 0.005078459343794579 0.010171370967741936
1 0.6919686162624822 0.5307661290322581 0.003758915834522111 0.007419354838709678
1 0.6496647646219686 0.5886895161290323 0.004479315263908702 0.006602822580645161
1 0.6278316690442226 0.590524193548387 0.005335235378031384 0.008971774193548387
1 0.5904493580599144 0.5886895161290323 0.004771754636233951 0.006602822580645161
1 0.6189514978601997 0.5490423387096774 0.00427246790299572 0.005967741935483871
1 0.6257845934379458 0.503679435483871 0.007731811697574893 0.008316532258064516
1 0.5848858773181169 0.49266129032258066 0.004771754636233951 0.008558467741935484
1 0.5824037089871612 0.45425403225806454 0.006312410841654779 0.00909274193548387
1 0.85339514978602 0.4514818548387097 0.0038231098430813125 0.007479838709677419
1 0.8471184022824537 0.42744959677419353 0.0061055634807417975 0.013165322580645162
1 0.8651640513552069 0.41461693548387096 0.0050998573466476465 0.005957661290322581
1 0.7943723252496434 0.48859879032258063 0.00543509272467903 0.008316532258064516
1 0.7040014265335235 0.4596572580645161 0.005556348074179743 0.008094758064516129
1 0.7113480741797432 0.46872983870967744 0.005713266761768901 0.005211693548387097
1 0.7178102710413695 0.4257157258064516 0.005342368045649073 0.0057560483870967745
1 0.709336661911555 0.3797379032258064 0.006019971469329529 0.006885080645161291
1 0.7425106990014265 0.4174899193548387 0.005584878744650499 0.007661290322580645
1 0.7391369472182596 0.3589112903225807 0.007189728958630528 0.009798387096774195
1 0.7669971469329528 0.3073487903225806 0.005406562054208274 0.007600806451612903
1 0.7954850213980028 0.25355846774193547 0.00579172610556348 0.006209677419354838
1 0.8408345221112695 0.2972278225806452 0.008388017118402282 0.009667338709677419
1 0.77169757489301 0.22611895161290324 0.005527817403708987 0.01032258064516129
1 0.7830741797432239 0.2261693548387097 0.004165477888730385 0.00780241935483871
1 0.6793223965763195 0.2862903225806452 0.00536376604850214 0.0074294354838709675
1 0.5925035663338089 0.3567943548387097 0.006091298145506419 0.006864919354838709
1 0.6114407988587732 0.3618346774193548 0.0050213980028530674 0.006471774193548387
1 0.5775891583452211 0.3476411290322581 0.005948644793152639 0.008225806451612904
1 0.5786447931526391 0.3327822580645161 0.00898002853067047 0.01129032258064516
1 0.6056490727532097 0.28315524193548386 0.005485021398002853 0.006421370967741935
1 0.5851711840228245 0.2639415322580645 0.005342368045649073 0.007318548387096774
1 0.497453637660485 0.3640020161290322 0.006141226818830242 0.008185483870967741
1 0.4707061340941512 0.3992641129032258 0.005520684736091299 0.009223790322580645
1 0.4636305278174037 0.2944858870967742 0.0034165477888730388 0.008104838709677419
1 0.45114122681883023 0.2963810483870968 0.004415121255349501 0.007953629032258065
1 0.4388516405135521 0.3055040322580645 0.00674037089871612 0.007852822580645161
1 0.4310912981455064 0.2806451612903226 0.005135520684736092 0.007943548387096775
1 0.3827603423680456 0.2884879032258065 0.006783166904422253 0.009213709677419355
1 0.3579029957203994 0.3730745967741935 0.005306704707560628 0.006663306451612903
1 0.3414265335235378 0.36931451612903227 0.005734664764621968 0.005695564516129033
1 0.28472895863052783 0.33370967741935487 0.0027104136947218257 0.007893145161290322
1 0.3051355206847361 0.19799395161290323 0.005128388017118402 0.00969758064516129
1 0.45320970042796005 0.20836693548387095 0.005014265335235378 0.007368951612903225
1 0.438944365192582 0.10355846774193549 0.005442225392296719 0.007620967741935484
1 0.6935663338088445 0.09994959677419356 0.003758915834522111 0.0038306451612903224
1 0.6116405135520685 0.13559475806451612 0.0052068473609129815 0.005141129032258064
1 0.280206847360913 0.4875100806451613 0.004579172610556348 0.006441532258064516
1 0.27302425106990014 0.49943548387096776 0.003659058487874465 0.00690524193548387
1 0.25184736091298143 0.44109879032258065 0.006847360912981455 0.00872983870967742
1 0.08445791726105563 0.4056451612903226 0.00536376604850214 0.008024193548387097
1 0.10330955777460771 0.5383870967741936 0.0068330955777460775 0.00872983870967742