1 0.022864468864468863 0.05452307692307692 0.014293040293040293 0.027015384615384615
1 0.017384615384615384 0.008 0.00619047619047619 0.01
1 0.04215384615384615 0.05152307692307693 0.007142857142857143 0.013
1 0.04287179487179488 0.07752307692307693 0.005714285714285714 0.011000000000000001
1 0.04072527472527473 0.08952307692307691 0.005238095238095239 0.015
1 0.03215384615384615 0.14353846153846153 0.008095238095238096 0.013
1 0.04024908424908425 0.16255384615384616 0.00619047619047619 0.015
1 0.05978021978021977 0.16755384615384614 0.007142857142857143 0.015
1 0.040014652014652013 0.3611076923076923 0.006666666666666666 0.016
1 0.007142857142857143 0.21956923076923077 0.007619047619047619 0.021
1 0.06406593406593407 0.014 0.00619047619047619 0.012
1 0.09407326007326007 0.06601538461538461 0.008095238095238096 0.016
1 0.07906959706959707 0.05301538461538462 0.005714285714285714 0.012
1 0.06835164835164835 0.05601538461538461 0.005238095238095239 0.012
1 0.10455677655677656 0.05401538461538462 0.00619047619047619 0.01
1 0.10717948717948719 0.06352307692307692 0.005714285714285714 0.009
1 0.11336996336996337 0.24156923076923079 0.007619047619047619 0.021
1 0.060974358974358975 0.3326 0.006666666666666666 0.011000000000000001
0 0.06835164835164835 0.38061538461538463 0.020483516483516484 0.03701538461538462
1 0.07145054945054945 0.3496153846153846 0.015245421245421244 0.021
1 0.14242490842490843 0.05752307692307693 0.006666666666666666 0.015
1 0.1247985347985348 0.05301538461538462 0.004761904761904762 0.014
0 0.15767032967032968 0.19555384615384616 0.022864468864468863 0.04101538461538461
1 0.18267399267399267 0.03201538461538461 0.004285714285714285 0.014
1 0.1833919413919414 0.008 0.0038095238095238095 0.01
1 0.18624908424908423 0.013 0.004761904761904762 0.008
1 0.2022051282051282 0.009507692307692307 0.004285714285714285 0.011000000000000001
1 0.22078388278388278 0.06752307692307692 0.007142857142857143 0.013
1 0.20172893772893774 0.10303076923076923 0.009047619047619047 0.018
1 0.18553113553113554 0.09953846153846155 0.00619047619047619 0.011000000000000001
1 0.17815384615384616 0.11953846153846154 0.006666666666666666 0.013
1 0.1555238095238095 0.14753846153846153 0.00619047619047619 0.013
1 0.21221245421245422 0.3180923076923077 0.009047619047619047 0.016
1 0.2291208791208791 0.17204615384615385 0.007619047619047619 0.014
1 0.23673992673992672 0.03201538461538461 0.004761904761904762 0.014
1 0.24865201465201467 0.04350769230769231 0.005714285714285714 0.011000000000000001
1 0.25150915750915753 0.13404615384615384 0.006666666666666666 0.014
1 0.30104761904761906 0.03701538461538462 0.00857142857142857 0.018
1 0.26984615384615385 0.06952307692307692 0.005238095238095239 0.015
1 0.2762783882783883 0.08752307692307693 0.006666666666666666 0.011000000000000001
1 0.2588937728937729 0.08752307692307693 0.005238095238095239 0.009
1 0.2672234432234432 0.11103076923076924 0.004761904761904762 0.012
1 0.3048571428571428 0.12404615384615383 0.005714285714285714 0.01
1 0.3100952380952381 0.11403076923076924 0.0038095238095238095 0.01
1 0.3332014652014652 0.14104615384615385 0.007142857142857143 0.014
1 0.312952380952381 0.14653846153846153 0.005714285714285714 0.013
1 0.26531868131868136 0.2940923076923077 0.01334065934065934 0.026015384615384617
1 0.20982417582417584 0.46613846153846156 0.01 0.022000000000000002
1 0.2965201465201465 0.3336 0.008095238095238096 0.017
1 0.3443956043956044 0.3836153846153846 0.011428571428571429 0.019
1 0.397978021978022 0.3861230769230769 0.01 0.018
1 0.4541904761904762 0.12053846153846152 0.005238095238095239 0.013
1 0.3686886446886447 0.006 0.005714285714285714 0.008
1 0.46895238095238095 0.17204615384615385 0.005238095238095239 0.012
1 0.4532380952380952 0.3571076923076923 0.007142857142857143 0.012
1 0.4718168498168498 0.38912307692307696 0.007142857142857143 0.018
1 0.6235311355311355 0.03350769230769231 0.00857142857142857 0.017
1 0.5782783882783883 0.07052307692307692 0.009523809523809525 0.021
1 0.5820879120879121 0.13404615384615384 0.007619047619047619 0.016
1 0.5692234432234432 0.17406153846153846 0.009523809523809525 0.016
1 0.5635091575091575 0.19306153846153845 0.005714285714285714 0.014
1 0.5408791208791208 0.06901538461538462 0.005238095238095239 0.012
1 0.6756849816849817 0.12753846153846154 0.005238095238095239 0.011000000000000001
1 0.5723223443223443 0.2675846153846154 0.008095238095238096 0.015
1 0.5620805860805861 0.3621076923076923 0.00857142857142857 0.014
1 0.7123663003663003 0.12003076923076922 0.00619047619047619 0.018
0 0.7757142857142857 0.3496153846153846 0.03572893772893773 0.0710153846153846
1 0.7600000000000001 0.15504615384615386 0.009047619047619047 0.022000000000000002
1 0.7907252747252747 0.23807692307692307 0.004761904761904762 0.014
1 0.7659560439560439 0.5386615384615384 0.00857142857142857 0.019
1 0.6049523809523809 0.45764615384615387 0.009523809523809525 0.021
1 0.6018534798534798 0.49866153846153843 0.01 0.019
1 0.624007326007326 0.6066923076923078 0.006666666666666666 0.019
1 0.7907252747252747 0.06501538461538461 0.007619047619047619 0.016
1 0.8364542124542125 0.06801538461538462 0.010476190476190477 0.02
1 0.8926593406593407 0.06352307692307692 0.030483516483516482 0.05101538461538461
1 0.9169523809523811 0.3251076923076923 0.010476190476190477 0.022000000000000002
1 0.8883736263736265 0.2970923076923077 0.006666666666666666 0.018
1 0.9631575091575092 0.38661538461538464 0.005714285714285714 0.013
1 0.939098901098901 0.3166 0.007142857142857143 0.017
1 0.9703003663003663 0.3156 0.00857142857142857 0.015
1 0.8209670329670329 0.45364615384615387 0.009047619047619047 0.013
1 0.7635677655677655 0.6196923076923078 0.009523809523809525 0.017
1 0.9633919413919414 0.5876769230769231 0.00619047619047619 0.013
1 0.9436263736263736 0.4636461538461539 0.007619047619047619 0.013
1 0.9393406593406594 0.47415384615384615 0.006666666666666666 0.012
1 0.8745567765567765 0.7867384615384615 0.054300366300366304 0.07503076923076923
1 0.8214432234432234 0.7302307692307692 0.008095238095238096 0.014
1 0.7619047619047619 0.7077230769230769 0.00619047619047619 0.015
1 0.819062271062271 0.8317538461538462 0.008095238095238096 0.019
1 0.7283223443223443 0.7622307692307693 0.007619047619047619 0.018
1 0.7340366300366301 0.6792153846153847 0.006666666666666666 0.012
0 0.625912087912088 0.7042153846153846 0.023816849816849815 0.06001538461538461
1 0.805010989010989 0.705723076923077 0.007619047619047619 0.013
1 0.9964981684981685 0.8117538461538462 0.005714285714285714 0.019
1 0.9348131868131868 0.10103076923076923 0.00619047619047619 0.014
1 0.8616996336996338 0.04350769230769231 0.006666666666666666 0.013
1 0.5425494505494506 0.48415384615384616 0.005714285714285714 0.012
1 0.4858681318681319 0.5161538461538462 0.006666666666666666 0.012
1 0.43251282051282053 0.5186615384615385 0.005714285714285714 0.013
1 0.4206080586080586 0.5231692307692307 0.00857142857142857 0.016
1 0.40608058608058606 0.6101846153846154 0.008095238095238096 0.014
1 0.4175091575091575 0.5911846153846153 0.00619047619047619 0.014
1 0.4082197802197802 0.6597076923076923 0.009523809523809525 0.023
1 0.548981684981685 0.6592 0.007142857142857143 0.016
1 0.543025641025641 0.6406923076923077 0.006666666666666666 0.013
1 0.5758901098901099 0.6322 0.00857142857142857 0.016
1 0.538974358974359 0.7082153846153846 0.007142857142857143 0.016
1 0.3848791208791209 0.6326923076923077 0.011428571428571429 0.021
1 0.3627326007326007 0.6657076923076922 0.008095238095238096 0.015
1 0.3744029304029304 0.6852153846153846 0.00857142857142857 0.018
1 0.3998827838827839 0.7427384615384615 0.00619047619047619 0.017
1 0.34296703296703296 0.7032153846153846 0.010476190476190477 0.02
1 0.4003663003663004 0.6967230769230769 0.007142857142857143 0.017
1 0.442043956043956 0.7877384615384615 0.011428571428571429 0.019
1 0.4303736263736264 0.8412615384615385 0.009047619047619047 0.02
1 0.4303736263736264 0.8622615384615385 0.005238095238095239 0.012
1 0.5068278388278389 0.9618 0.007619047619047619 0.017
1 0.24364835164835164 0.6927230769230769 0.011912087912087914 0.025015384615384616
1 0.28675457875457877 0.8937846153846154 0.009523809523809525 0.019
1 0.31057142857142855 0.8722769230769231 0.007619047619047619 0.018
1 0.3048571428571428 0.45913846153846155 0.006666666666666666 0.016
1 0.296996336996337 0.5121538461538461 0.005238095238095239 0.012
1 0.33772161172161175 0.5061538461538462 0.059069597069597066 0.09403076923076922
1 0.432989010989011 0.5756769230769231 0.01334065934065934 0.019
1 0.36964102564102563 0.9673076923076923 0.010476190476190477 0.02
1 0.2681758241758242 0.9778000000000001 0.00857142857142857 0.013
1 0.5835164835164836 0.991646153846154 0.01334065934065934 0.01669230769230769
1 0.7321684981684982 0.991323076923077 0.00846886446886447 0.017353846153846154
0 0.14736263736263736 0.9363999999999999 0.03472527472527472 0.07113846153846154
0 0.12788278388278387 0.7412153846153846 0.03133333333333334 0.05246153846153846
1 0.06267399267399267 0.7932307692307693 0.007619047619047619 0.01423076923076923
1 0.07347252747252747 0.8541538461538463 0.008043956043956045 0.013338461538461539
1 0.0016923076923076924 0.8710461538461538 0.003384615384615385 0.013338461538461539
1 0.0307032967032967 0.6540615384615385 0.008893772893772894 0.02223076923076923
1 0.04255677655677656 0.6989692307692308 0.006351648351648352 0.016
1 0.03112820512820513 0.7034153846153847 0.00465934065934066 0.010676923076923077
1 0.03578021978021978 0.767 0.008043956043956045 0.013338461538461539
1 0.12131868131868132 0.6442769230769231 0.005501831501831501 0.011553846153846154
1 0.11878388278388277 0.6309384615384616 0.006351648351648352 0.011553846153846154
1 0.019054945054945056 0.7843384615384615 0.005084249084249084 0.008892307692307692
1 0.15371428571428572 0.6358307692307693 0.007619047619047619 0.01423076923076923
1 0.15456410256410255 0.8532615384615385 0.00846886446886447 0.018676923076923077
1 0.21405860805860805 0.6469538461538461 0.007201465201465202 0.016892307692307693
1 0.1679047619047619 0.6802923076923076 0.006351648351648352 0.016
1 0.09909157509157508 0.6731846153846154 0.005084249084249084 0.012446153846153846
1 0.0973992673992674 0.6985230769230769 0.005926739926739926 0.013338461538461539
1 0.10501831501831502 0.6985230769230769 0.006776556776556777 0.011553846153846154
1 0.05928205128205128 0.4553076923076923 0.00846886446886447 0.02133846153846154
1 0.07156776556776556 0.4677538461538462 0.005084249084249084 0.012446153846153846
1 0.04213186813186813 0.5357846153846154 0.01482051282051282 0.024015384615384616
1 0.07601465201465202 0.5704615384615385 0.005501831501831501 0.015123076923076923
1 0.7048571428571428 0.506 0.005501831501831501 0.012446153846153846
1 0.8579340659340658 0.4797692307692308 0.005084249084249084 0.013338461538461539
1 0.8045787545787546 0.5611384615384616 0.005084249084249084 0.010676923076923077