0 0.5666276517922458 0.43643962848297213 0.0215508412582297 0.03535603715170279
1 0.45910753474762256 0.29126934984520125 0.008792977322604242 0.022337461300309596
1 0.41798829553767375 0.2968575851393189 0.009231894659839063 0.018606811145510837
1 0.3929261155815655 0.32476780185758514 0.010117044623262619 0.016749226006191952
1 0.46900512070226774 0.34291021671826627 0.007476225310899781 0.01582043343653251
1 0.5024213606437454 0.3484984520123839 0.0048354059985369425 0.01582043343653251
1 0.6026847110460863 0.3289628482972136 0.005713240673006583 0.019535603715170276
1 0.6235771762984638 0.33826625386996906 0.007037307973664959 0.017678018575851395
1 0.6277542062911485 0.3201238390092879 0.007476225310899781 0.014891640866873064
1 0.6273152889539136 0.30569659442724456 0.008354059985369422 0.013962848297213622
1 0.6570007315288954 0.298250773993808 0.009678127286027799 0.017678018575851395
1 0.7594586686174104 0.3378018575851393 0.008792977322604242 0.018606811145510837
1 0.7121872713972202 0.3661764705882353 0.01099487929773226 0.019535603715170276
1 0.6710680321872714 0.37828173374613006 0.007915142648134602 0.017678018575851395
1 0.6818434528163863 0.39222910216718265 0.007476225310899781 0.021408668730650154
1 0.7066934893928309 0.20054179566563468 0.01055596196049744 0.021408668730650154
1 0.7845281638624726 0.20425696594427242 0.006159473299195318 0.017678018575851395
1 0.8159692757863936 0.1926315789473684 0.006598390636430139 0.016749226006191952
0 0.752201901975128 0.47599071207430343 0.020665691294806145 0.04001547987616099
1 0.7095464520848573 0.49879256965944274 0.009231894659839063 0.016749226006191952
1 0.6875640087783468 0.5299535603715171 0.007476225310899781 0.012089783281733745
1 0.7807900512070226 0.3815325077399381 0.005713240673006583 0.011160990712074303
1 0.7216459400146306 0.5415944272445821 0.008792977322604242 0.01303405572755418
1 0.7372567666422823 0.5457739938080495 0.010117044623262619 0.01582043343653251
1 0.7959619604974396 0.4336532507739938 0.007037307973664959 0.01303405572755418
1 0.7922238478419897 0.46249226006191946 0.006598390636430139 0.011160990712074303
1 0.8307022677395757 0.40201238390092875 0.007915142648134602 0.014891640866873064
1 0.8216898317483541 0.43411764705882355 0.018910021945866863 0.030712074303405574
1 0.9206291148500366 0.46434984520123845 0.01099487929773226 0.02047987616099071
1 0.6303950256035113 0.48575851393188857 0.01099487929773226 0.022337461300309596
1 0.6189612289685442 0.49506191950464395 0.005713240673006583 0.01303405572755418
1 0.591697147037308 0.34756965944272444 0.01099487929773226 0.025123839009287927
1 0.6202779809802487 0.5397368421052632 0.009231894659839063 0.022337461300309596
1 0.6460058522311631 0.48297213622291024 0.005274323335771763 0.011160990712074303
1 0.6444623262618874 0.5085603715170278 0.003957571324067301 0.008374613003095976
1 0.6624945135332846 0.5285603715170278 0.006598390636430139 0.011160990712074303
1 0.6875640087783468 0.5792879256965945 0.005713240673006583 0.013962848297213622
1 0.7124067300658377 0.6216253869969041 0.005274323335771763 0.016749226006191952
1 0.752201901975128 0.5574148606811146 0.005713240673006583 0.011160990712074303
1 0.7697951719092904 0.5071671826625387 0.008354059985369422 0.01303405572755418
0 0.7827651792245793 0.5713777089783282 0.020226773957571324 0.033498452012383904
1 0.7682589612289685 0.5560216718266254 0.007037307973664959 0.01582043343653251
1 0.7678200438917336 0.5336842105263158 0.007037307973664959 0.012089783281733745
1 0.8740160936356985 0.3885139318885449 0.005713240673006583 0.01582043343653251
1 0.8645647403072421 0.469938080495356 0.006159473299195318 0.016749226006191952
1 0.8344403803950257 0.4717956656346749 0.005713240673006583 0.018606811145510837
1 0.8447768836869056 0.47506191950464394 0.005274323335771763 0.013962848297213622
1 0.8489539136795903 0.4927399380804954 0.007476225310899781 0.019535603715170276
1 0.8603730797366497 0.5055108359133127 0.007037307973664959 0.017678018575851395
1 0.9098610095098756 0.5653250773993808 0.007037307973664959 0.019535603715170276
1 0.9133796634967081 0.3708359133126935 0.006159473299195318 0.01582043343653251
1 0.8702779809802488 0.3480340557275542 0.0035186539868324795 0.011160990712074303
1 0.8361960497439649 0.3601238390092879 0.019787856620336504 0.026052631578947365
1 0.8610460863204096 0.3601238390092879 0.004396488661302121 0.011160990712074303
1 0.8493928310168251 0.38339009287925696 0.0048354059985369425 0.009303405572755418
1 0.8258668617410388 0.569969040247678 0.005274323335771763 0.013962848297213622
1 0.8212509144111193 0.5890557275541796 0.007476225310899781 0.01303405572755418
1 0.8416971470373079 0.5811455108359134 0.008792977322604242 0.01023219814241486
1 0.8430138990490125 0.596501547987616 0.006159473299195318 0.011160990712074303
1 0.8678639356254572 0.5657894736842105 0.007476225310899781 0.014891640866873064
1 0.8707168983174836 0.5304179566563467 0.005274323335771763 0.01303405572755418
1 0.9070007315288953 0.6295356037151703 0.005713240673006583 0.013962848297213622
1 0.754403803950256 0.6797832817337461 0.007476225310899781 0.013962848297213622
1 0.7379151426481346 0.710030959752322 0.008792977322604242 0.01303405572755418
1 0.8880907095830285 0.5969659442724458 0.008354059985369422 0.019535603715170276
1 0.9969275786393562 0.4662229102167183 0.006144842721287491 0.018606811145510837
1 0.9665837600585223 0.469938080495356 0.008792977322604242 0.014891640866873064
1 0.9909948792977323 0.5592724458204335 0.005713240673006583 0.02047987616099071
1 0.9514191660570592 0.6597678018575851 0.008354059985369422 0.018606811145510837
1 0.9195318215069496 0.3415170278637771 0.005274323335771763 0.009303405572755418
1 0.7895830285296268 0.5208513931888545 0.0048354059985369425 0.01023219814241486
1 0.7827651792245793 0.5143498452012384 0.0035186539868324795 0.01023219814241486
1 0.9659253840526701 0.48828173374613004 0.0048354059985369425 0.008374613003095976
1 0.9239283101682516 0.4859597523219814 0.005274323335771763 0.011160990712074303
1 0.9050182882223848 0.6058049535603716 0.007915142648134602 0.018606811145510837
1 0.8065179224579371 0.6290712074303405 0.009678127286027799 0.016749226006191952
1 0.687117776152158 0.7039783281733746 0.010117044623262619 0.013962848297213622
1 0.6868983174835406 0.7439938080495356 0.007915142648134602 0.013962848297213622
1 0.8452158010241405 0.8519349845201238 0.005274323335771763 0.012089783281733745
0 0.759239209948793 0.855201238390093 0.019787856620336504 0.04653250773993808
1 0.7957425018288222 0.8961455108359133 0.009231894659839063 0.01303405572755418
1 0.8054133138258961 0.9868730650154799 0.009231894659839063 0.021408668730650154
1 0.9527359180687638 0.8975386996904023 0.0048354059985369425 0.012089783281733745
1 0.7568251645940014 0.9254489164086688 0.007915142648134602 0.013962848297213622
1 0.7102121433796635 0.8984674922600618 0.006159473299195318 0.012089783281733745
1 0.6457863935625457 0.6634984520123839 0.009231894659839063 0.018606811145510837
1 0.818390636430139 0.9147523219814241 0.005274323335771763 0.01303405572755418
1 0.6391880029261156 0.9380185758513933 0.005713240673006583 0.01303405572755418
1 0.6103803950256035 0.8919504643962849 0.004396488661302121 0.01023219814241486
1 0.5668471104608632 0.8719504643962848 0.011433796634967082 0.016749226006191952
1 0.5752011704462326 0.9468575851393188 0.008792977322604242 0.01582043343653251
1 0.5378200438917338 0.9575541795665635 0.006159473299195318 0.014891640866873064
1 0.596532553035845 0.930108359133127 0.003957571324067301 0.01023219814241486
1 0.6086247256766643 0.7007120743034057 0.004396488661302121 0.01303405572755418
1 0.5899341623994148 0.6360526315789473 0.006598390636430139 0.013962848297213622
1 0.5932333577176299 0.7011919504643963 0.008792977322604242 0.017678018575851395
1 0.7537454279444037 0.11724458204334365 0.006159473299195318 0.014891640866873064
1 0.7497878566203365 0.13679566563467493 0.007037307973664959 0.01303405572755418
0 0.7438478419897586 0.15679566563467492 0.020665691294806145 0.030712074303405574
0 0.9194732991953183 0.09486068111455108 0.015098756400877836 0.045557275541795665
1 0.9053401609363569 0.058823529411764705 0.007388441843452816 0.014272445820433438
1 0.8783467446964155 0.041130030959752324 0.005464520848573518 0.012925696594427244
1 0.8457351865398682 0.040123839009287926 0.008354059985369422 0.013606811145510834
1 0.8671031455742502 0.0598297213622291 0.006744696415508413 0.01631578947368421
1 0.8303072421360643 0.06425696594427244 0.006430138990490124 0.016996904024767803
1 0.7890197512801755 0.037739938080495354 0.008675932699341624 0.021083591331269348
1 0.7430651060716899 0.0676625386996904 0.007388441843452816 0.014272445820433438
1 0.8804316020482809 0.2107894736842105 0.005142648134601317 0.010882352941176471
1 0.9149743964886613 0.19140866873065016 0.0061082662765179225 0.019721362229102167
1 0.9972348207754207 0.16795665634674922 0.004177029992684711 0.01631578947368421
1 0.9273518653986833 0.12476780185758513 0.005786393562545721 0.012925696594427244
1 0.9363423555230431 0.15503095975232198 0.008354059985369422 0.023111455108359134
1 0.8229188002926116 0.018359133126934983 0.005786393562545721 0.017678018575851395
1 0.8634016093635698 0.1611455108359133 0.005786393562545721 0.012244582043343654
1 0.7400146305779078 0.029922600619195043 0.0032114118507681052 0.006795665634674922
1 0.92542062911485 0.03501547987616099 0.003855157278712509 0.01020123839009288
1 0.9720117044623263 0.15944272445820434 0.003855157278712509 0.011563467492260062
1 0.9676737381126554 0.5888390092879257 0.0028895391367959036 0.008157894736842105
1 0.6927798098024872 0.04419504643962848 0.005142648134601317 0.014953560371517028
1 0.7147915142648135 0.004086687306501548 0.004177029992684711 0.008157894736842105
1 0.6484345281638625 0.043854489164086685 0.0044989027066569135 0.01020123839009288
1 0.6632187271397221 0.08159442724458205 0.0044989027066569135 0.010882352941176471
1 0.6095537673738113 0.05678018575851393 0.005142648134601317 0.008839009287925697
1 0.6318873445501098 0.06323529411764706 0.005464520848573518 0.01904024767801858
1 0.5889904901243599 0.1023374613003096 0.006430138990490124 0.01563467492260062
1 0.6296415508412583 0.1101547987616099 0.0061082662765179225 0.017678018575851395
1 0.6394367227505486 0.1353095975232198 0.006430138990490124 0.010882352941176471
1 0.6431382589612289 0.14959752321981423 0.007388441843452816 0.017678018575851395
1 0.6670738844184345 0.1703250773993808 0.003855157278712509 0.01020123839009288
1 0.6744623262618874 0.19277089783281734 0.0044989027066569135 0.007476780185758514
1 0.618551572787125 0.13667182662538702 0.0044989027066569135 0.010882352941176471
1 0.6388002926115581 0.19072755417956655 0.007710314557425018 0.014272445820433438
1 0.6011997073884419 0.19752321981424148 0.006430138990490124 0.014272445820433438
1 0.5729261155815655 0.120015479876161 0.0025676664228237015 0.006114551083591332
1 0.5827286027798099 0.1189938080495356 0.0035332845647403073 0.006795665634674922
1 0.6163057790782736 0.16761609907120742 0.008354059985369422 0.014272445820433438
0 0.7025822970007315 0.0934984520123839 0.029239209948792977 0.05371517027863777
1 0.7263569861009509 0.1115170278637771 0.0035332845647403073 0.00952012383900929
1 0.7306949524506218 0.1189938080495356 0.005142648134601317 0.012244582043343654
0 0.6453840526700805 0.23287925696594428 0.02731528895391368 0.045557275541795665
1 0.5574981711777616 0.19922600619195044 0.005786393562545721 0.013606811145510834
1 0.525852231163131 0.10981424148606811 0.008675932699341624 0.014272445820433438
1 0.5541258229700073 0.12069659442724458 0.0035332845647403073 0.008839009287925697
1 0.5420775420629115 0.3495046439628483 0.008997805413313827 0.021764705882352943
1 0.508983174835406 0.3658204334365325 0.005142648134601317 0.012244582043343654
1 0.5110680321872714 0.37738390092879254 0.004820775420629115 0.00952012383900929
1 0.5129992684711046 0.3892724458204334 0.007388441843452816 0.011563467492260062
1 0.5186247256766643 0.41953560371517024 0.007710314557425018 0.02040247678018576
1 0.5504316020482809 0.4178328173374613 0.005786393562545721 0.011563467492260062
1 0.5467373811265545 0.4457120743034056 0.0061082662765179225 0.01563467492260062
1 0.49709583028529625 0.42565015479876167 0.005142648134601317 0.012244582043343654
1 0.4387710314557425 0.36684210526315786 0.006744696415508413 0.014272445820433438
1 0.42784930504754937 0.3715944272445821 0.0061082662765179225 0.016996904024767803
1 0.4180468178493051 0.37193498452012386 0.008354059985369422 0.012244582043343654
1 0.433306510607169 0.41578947368421054 0.004820775420629115 0.008839009287925697
1 0.4382882223847842 0.4814086687306502 0.007066569129480615 0.014953560371517028
1 0.49130943672275057 0.5055417956656346 0.008997805413313827 0.014272445820433438
0 0.5076956839795171 0.4627089783281734 0.027637161667885882 0.04419504643962848
1 0.5443306510607169 0.5480495356037152 0.003855157278712509 0.010882352941176471
1 0.5754937820043892 0.5361455108359133 0.003855157278712509 0.01020123839009288
1 0.5597512801755669 0.5759287925696595 0.003855157278712509 0.008157894736842105
1 0.5819239209948793 0.5803405572755418 0.007710314557425018 0.01563467492260062
1 0.6020043891733724 0.5589318885448916 0.008675932699341624 0.01631578947368421
1 0.5194220921726408 0.6547987616099071 0.006744696415508413 0.012244582043343654
1 0.4813460131675201 0.5677708978328173 0.00964155084125823 0.02040247678018576
1 0.47186539868324795 0.6041486068111455 0.006744696415508413 0.014272445820433438
1 0.44985369422092175 0.5507739938080496 0.008354059985369422 0.029922600619195043
1 0.4138697878566203 0.6357585139318885 0.008997805413313827 0.01631578947368421
1 0.4313825896122897 0.6949226006191951 0.00803218727139722 0.012244582043343654
1 0.3687198244330651 0.5789783281733746 0.005464520848573518 0.016996904024767803
0 0.37932699341623993 0.5405727554179566 0.014462326261887344 0.03808049535603716
1 0.3942648134601317 0.5534829721362229 0.008997805413313827 0.014953560371517028
1 0.3923408924652524 0.45863777089783275 0.012209217264081931 0.029241486068111455
1 0.4090490124359912 0.4321207430340557 0.014784198975859548 0.023792569659442722
1 0.3904096561814192 0.4960371517027864 0.005786393562545721 0.011563467492260062
1 0.34751280175566934 0.5045356037151703 0.006744696415508413 0.010882352941176471
1 0.34639356254572057 0.5354643962848298 0.010285296269202633 0.019721362229102167
1 0.3974835405998537 0.6354179566563468 0.007066569129480615 0.01563467492260062
1 0.45371616678858817 0.6802941176470588 0.012209217264081931 0.016996904024767803
1 0.30863204096561814 0.7037616099071208 0.00803218727139722 0.014953560371517028
1 0.35570592538405266 0.7251702786377708 0.007710314557425018 0.014272445820433438
1 0.3960351133869788 0.7159907120743033 0.009963423555230432 0.01631578947368421
1 0.3647037307973665 0.6371207430340557 0.0044989027066569135 0.00952012383900929
1 0.4400585223116313 0.8030340557275542 0.006744696415508413 0.013606811145510834
1 0.34462326261887344 0.7720897832817337 0.021528895391367958 0.03195046439628483
1 0.33819312362838333 0.7969195046439628 0.008675932699341624 0.01631578947368421
1 0.32775420629114854 0.8604953560371517 0.008997805413313827 0.018359133126934983
1 0.34847841989758593 0.9036687306501547 0.005464520848573518 0.013606811145510834
1 0.31136795903438186 0.9397058823529411 0.007066569129480615 0.01631578947368421
1 0.2916020482809071 0.8958513931888545 0.010607168983174835 0.018359133126934983
1 0.23922457937088515 0.9152321981424149 0.006744696415508413 0.017678018575851395
1 0.27408924652523775 0.9900154798761609 0.007710314557425018 0.01631578947368421
1 0.2193050475493782 0.8417956656346749 0.00803218727139722 0.017678018575851395
1 0.3621360643745428 0.8853095975232198 0.010921726408193123 0.02040247678018576
1 0.3749890270665691 0.8992414860681114 0.007066569129480615 0.016996904024767803
1 0.3348207754206291 0.9560216718266255 0.005786393562545721 0.008157894736842105
1 0.35699341623994146 0.948204334365325 0.005142648134601317 0.01020123839009288
1 0.35586686174103876 0.9155572755417958 0.004177029992684711 0.008839009287925697
1 0.34607168983174835 0.9771052631578948 0.003855157278712509 0.010882352941176471
1 0.3843087051938552 0.9424303405572755 0.003855157278712509 0.00952012383900929
1 0.39860277980980247 0.8975386996904023 0.004177029992684711 0.00952012383900929
1 0.4268836869056327 0.8971981424148607 0.008675932699341624 0.01563467492260062
1 0.4423043160204828 0.908421052631579 0.009319678127286029 0.017678018575851395
1 0.4190124359912216 0.9114860681114552 0.005786393562545721 0.012925696594427244
1 0.4606217995610826 0.9345975232198143 0.004820775420629115 0.011563467492260062
1 0.45114118507681056 0.9560216718266255 0.005786393562545721 0.012244582043343654
1 0.47636430138990493 0.9519349845201239 0.007388441843452816 0.013606811145510834
1 0.5166934893928311 0.9369814241486067 0.007710314557425018 0.017678018575851395
1 0.4930724213606437 0.9736996904024767 0.004177029992684711 0.008157894736842105
1 0.5192611558156548 0.9587461300309598 0.007066569129480615 0.013606811145510834
1 0.09141916605705926 0.9196439628482973 0.0061082662765179225 0.01563467492260062
1 0.10234089246525238 0.8955108359133127 0.009963423555230432 0.021764705882352943
1 0.19584491587417704 0.90671826625387 0.007388441843452816 0.016996904024767803
0 0.04241404535479151 0.9499071207430341 0.028917337234820775 0.04896284829721362
1 0.12804681784930505 0.9424303405572755 0.00803218727139722 0.017678018575851395
1 0.1505413313825896 0.9407275541795667 0.013174835405998538 0.01563467492260062
1 0.12724213606437454 0.9754024767801858 0.007710314557425018 0.014272445820433438
1 0.11648134601316751 0.9845820433436532 0.005464520848573518 0.012244582043343654
1 0.12338697878566203 0.9947832817337461 0.007066569129480615 0.00952012383900929
1 0.09768105340160936 0.7741331269349845 0.011565471836137528 0.025154798761609906
1 0.08611558156547183 0.7979256965944272 0.008997805413313827 0.018359133126934983
1 0.17255303584491588 0.7163312693498453 0.00964155084125823 0.02244582043343653
1 0.16853694220921725 0.6826780185758514 0.007388441843452816 0.017678018575851395
1 0.1842794440380395 0.6670433436532508 0.005464520848573518 0.01631578947368421
1 0.10523774689100221 0.70171826625387 0.009963423555230432 0.01904024767801858
1 0.24822238478419897 0.7510216718266254 0.006744696415508413 0.016996904024767803
1 0.2612362838332114 0.7176934984520124 0.005786393562545721 0.01020123839009288
1 0.257542062911485 0.7391176470588235 0.0061082662765179225 0.017678018575851395
1 0.26493050475493785 0.729938080495356 0.008675932699341624 0.011563467492260062
1 0.08434528163862472 0.6347368421052632 0.007388441843452816 0.016996904024767803
1 0.07872713972201903 0.6354179566563468 0.0044989027066569135 0.014272445820433438
1 0.13141916605705925 0.5830650154798762 0.007710314557425018 0.014272445820433438
1 0.1785003657644477 0.5959907120743034 0.008675932699341624 0.01563467492260062
1 0.13094367227505485 0.561640866873065 0.010607168983174835 0.01904024767801858
1 0.08964886613021214 0.5507739938080496 0.006430138990490124 0.012244582043343654
1 0.27489392831016823 0.5419349845201238 0.009963423555230432 0.01631578947368421
1 0.2522384784198976 0.5755882352941176 0.005142648134601317 0.011563467492260062
1 0.26621799561082665 0.48888544891640867 0.009963423555230432 0.01904024767801858
1 0.2787490855888808 0.45897832817337464 0.011243599122165325 0.023111455108359134
1 0.24886613021214338 0.4674767801857585 0.006744696415508413 0.014272445820433438
1 0.2552962692026335 0.5106501547987616 0.004177029992684711 0.010882352941176471
1 0.13206291148500365 0.48447368421052633 0.011565471836137528 0.016996904024767803
1 0.17335771762984636 0.480046439628483 0.004820775420629115 0.012244582043343654
1 0.15407461594732993 0.5562074303405573 0.004820775420629115 0.010882352941176471
1 0.15712509144111192 0.5296904024767802 0.007710314557425018 0.01631578947368421
1 0.13623994147768836 0.41953560371517024 0.00964155084125823 0.01904024767801858
1 0.13752743233357717 0.4528482972136223 0.005786393562545721 0.010882352941176471
1 0.15905632772494513 0.4045820433436533 0.0044989027066569135 0.010882352941176471
1 0.14170446232626188 0.4705263157894736 0.007066569129480615 0.01631578947368421
1 0.20548646671543525 0.41205882352941176 0.006744696415508413 0.01631578947368421
1 0.21223847841989757 0.4066099071207431 0.007388441843452816 0.014953560371517028
1 0.22525237746891003 0.43925696594427244 0.008354059985369422 0.01904024767801858
1 0.20195318215069494 0.7306191950464397 0.004820775420629115 0.012925696594427244
1 0.19424286759326992 0.7268730650154799 0.004820775420629115 0.00952012383900929
1 0.0022457937088514995 0.8142569659442724 0.004491587417702999 0.011563467492260062
1 0.0363130943672275 0.5912229102167182 0.010285296269202633 0.014272445820433438
1 0.028756400877834674 0.4926315789473684 0.0061082662765179225 0.012925696594427244
1 0.00787125091441112 0.4236068111455108 0.007388441843452816 0.01631578947368421
1 0.013013899049012435 0.49874613003095974 0.006744696415508413 0.011563467492260062
1 0.007549378200438918 0.5062229102167183 0.004177029992684711 0.008839009287925697
1 0.008836869056327724 0.5371671826625387 0.004177029992684711 0.008157894736842105
1 0.08226042428675932 0.2594117647058824 0.008354059985369422 0.01563467492260062
1 0.02731528895391368 0.2967956656346749 0.0044989027066569135 0.007476780185758514
1 0.03952450621799561 0.3321671826625387 0.00964155084125823 0.01563467492260062
1 0.06795903438185809 0.31176470588235294 0.007388441843452816 0.011563467492260062
1 0.0731016825164594 0.29442724458204333 0.004177029992684711 0.00952012383900929
1 0.09061448427212876 0.2889783281733746 0.007066569129480615 0.014953560371517028
1 0.09752011704462327 0.3090402476780186 0.009319678127286029 0.011563467492260062
1 0.05591075347476226 0.37363777089783284 0.007710314557425018 0.01563467492260062
1 0.036627651792245794 0.38859133126934986 0.0044989027066569135 0.008839009287925697
1 0.03213606437454279 0.3947213622291022 0.008997805413313827 0.012925696594427244
1 0.09719824433065107 0.4168111455108359 0.00803218727139722 0.01631578947368421
1 0.08482809070958303 0.32128482972136224 0.006430138990490124 0.01563467492260062
1 0.0698902706656913 0.32298761609907123 0.004820775420629115 0.00952012383900929
1 0.05092904169714704 0.33760061919504647 0.0035332845647403073 0.01020123839009288
1 0.058639356254572055 0.3957430340557276 0.005464520848573518 0.010882352941176471
1 0.08209948792977323 0.4123993808049536 0.007388441843452816 0.012925696594427244
1 0.08482809070958303 0.42939628482972136 0.006430138990490124 0.01020123839009288
1 0.04386247256766642 0.46134674922600616 0.005464520848573518 0.008839009287925697
1 0.05912216532553035 0.6167182662538699 0.007066569129480615 0.010882352941176471
1 0.10475493782004389 0.4695046439628483 0.0044989027066569135 0.011563467492260062
1 0.09334308705193854 0.46373065015479875 0.005464520848573518 0.012244582043343654
1 0.09977322604242866 0.4895665634674922 0.004820775420629115 0.012244582043343654
1 0.11776883686905633 0.4185139318885449 0.008675932699341624 0.014272445820433438
1 0.13688368690563277 0.3947213622291022 0.010285296269202633 0.018359133126934983
1 0.11535479151426481 0.3161764705882353 0.01606437454279444 0.023111455108359134
1 0.11037307973664959 0.34507739938080495 0.00803218727139722 0.012925696594427244
1 0.11182150694952452 0.37873065015479873 0.01606437454279444 0.028560371517027863
1 0.08836137527432333 0.3406656346749226 0.006430138990490124 0.013606811145510834
1 0.1147110460863204 0.23321981424148605 0.00964155084125823 0.023111455108359134
1 0.16500365764447697 0.2610990712074303 0.010607168983174835 0.01904024767801858
1 0.16419897585954646 0.2879566563467492 0.008997805413313827 0.018359133126934983
1 0.20372348207754207 0.24989164086687307 0.008354059985369422 0.01563467492260062
1 0.19472567666422824 0.271640866873065 0.008997805413313827 0.016996904024767803
0 0.20307973664959766 0.3097213622291022 0.020563277249451353 0.029241486068111455
1 0.2077395757132407 0.27743034055727556 0.005464520848573518 0.013606811145510834
1 0.21962692026335043 0.29510835913312694 0.007388441843452816 0.01631578947368421
0 0.16500365764447697 0.18461300309597525 0.016386247256766642 0.03195046439628483
1 0.1513460131675201 0.16357585139318886 0.007710314557425018 0.01438080495356037
1 0.23247988295537675 0.3054024767801857 0.006744696415508413 0.01904024767801858
1 0.23007315288953914 0.40840557275541794 0.005142648134601317 0.014272445820433438
1 0.24292611558156546 0.4220123839009288 0.006430138990490124 0.016996904024767803
1 0.22991221653255306 0.3937925696594427 0.00803218727139722 0.014953560371517028
1 0.257542062911485 0.2856811145510836 0.005464520848573518 0.013606811145510834
1 0.2797147037307974 0.36625386996904025 0.007388441843452816 0.012925696594427244
0 0.1882955376737381 0.16770897832817339 0.018639356254572057 0.03739938080495356
1 0.2136795903438186 0.18538699690402477 0.007066569129480615 0.012925696594427244
1 0.18910021945866862 0.22856037151702788 0.005464520848573518 0.012244582043343654
1 0.24276517922457938 0.17450464396284832 0.00803218727139722 0.01563467492260062
1 0.23569129480614484 0.18334365325077398 0.00803218727139722 0.01563467492260062
1 0.22669348939283102 0.18708978328173376 0.005464520848573518 0.014953560371517028
1 0.020724213606437454 0.15614551083591333 0.007388441843452816 0.016996904024767803
1 0.27007315288953915 0.1778018575851393 0.005464520848573518 0.01020123839009288
1 0.2731309436722751 0.1706656346749226 0.005142648134601317 0.00952012383900929
1 0.2800365764447696 0.1635294117647059 0.009319678127286029 0.014272445820433438
1 0.27939283101682516 0.1798452012383901 0.008675932699341624 0.018359133126934983
1 0.27907095830285295 0.25362229102167183 0.00803218727139722 0.014953560371517028
1 0.2536869056327725 0.21724458204334365 0.005464520848573518 0.011563467492260062
1 0.27730797366495974 0.27334365325077403 0.008354059985369422 0.013606811145510834
1 0.2689539136795904 0.26620743034055727 0.005786393562545721 0.014272445820433438
1 0.254491587417703 0.3002012383900929 0.006430138990490124 0.012925696594427244
1 0.2511192392099488 0.31074303405572756 0.0061082662765179225 0.00952012383900929
1 0.24067300658376006 0.33794117647058824 0.005786393562545721 0.012244582043343654
1 0.13623994147768836 0.37261609907120746 0.006430138990490124 0.012244582043343654
1 0.3079882955376737 0.3046284829721362 0.005464520848573518 0.012244582043343654
1 0.2938551572787125 0.3226470588235294 0.0061082662765179225 0.012925696594427244
1 0.2871031455742502 0.339984520123839 0.0061082662765179225 0.013606811145510834
1 0.2988368690563277 0.36684210526315786 0.005786393562545721 0.012925696594427244
1 0.29963423555230434 0.43551083591331263 0.010607168983174835 0.019721362229102167
1 0.30188734455010974 0.4123993808049536 0.009319678127286029 0.018359133126934983
1 0.3275932699341624 0.21588235294117647 0.01574250182882224 0.026517027863777087
1 0.3108851499634236 0.21894736842105264 0.010607168983174835 0.021764705882352943
1 0.34349670811997074 0.20976780185758512 0.003855157278712509 0.01020123839009288
1 0.35522311631309433 0.15605263157894736 0.004820775420629115 0.01020123839009288
1 0.36807607900512074 0.22608359133126937 0.009963423555230432 0.021083591331269348
1 0.33691294806144845 0.3620743034055728 0.00803218727139722 0.019721362229102167
1 0.3311265544989027 0.38588235294117645 0.0061082662765179225 0.012925696594427244
1 0.36615215801024137 0.3855417956656347 0.006744696415508413 0.012244582043343654
1 0.34783467446964156 0.4174922600619195 0.006744696415508413 0.014953560371517028
1 0.3643818580833943 0.41476780185758516 0.007066569129480615 0.014953560371517028
1 0.3165032918800293 0.4144272445820434 0.005142648134601317 0.01020123839009288
1 0.31538405267008046 0.4378947368421053 0.00803218727139722 0.013606811145510834
1 0.39892465252377474 0.37839009287925696 0.008675932699341624 0.021083591331269348
1 0.4323482077542063 0.1805263157894737 0.00803218727139722 0.016996904024767803
1 0.4988588149231895 0.1370123839009288 0.014462326261887344 0.03060371517027864
1 0.5329188002926115 0.04623839009287926 0.007388441843452816 0.01631578947368421
1 0.5146013167520117 0.04351393188854489 0.007388441843452816 0.017678018575851395
1 0.5388661302121434 0.01258513931888545 0.008997805413313827 0.016996904024767803
1 0.5322750548646672 0.00543343653250774 0.005464520848573518 0.00952012383900929
1 0.46978054133138264 0.01869969040247678 0.012852962692026335 0.02244582043343653
1 0.43202633504023413 0.051671826625387 0.004820775420629115 0.010882352941176471
1 0.4339502560351134 0.06289473684210527 0.004820775420629115 0.008839009287925697
1 0.3939429407461595 0.06900928792569659 0.010285296269202633 0.021083591331269348
1 0.36389904901243597 0.021764705882352943 0.017029992684711046 0.033993808049535605
1 0.38960497439648867 0.008839009287925697 0.0061082662765179225 0.014953560371517028
1 0.42125822970007315 0.04589783281733746 0.008997805413313827 0.02244582043343653
1 0.4098536942209217 0.005092879256965944 0.00803218727139722 0.010185758513931888
1 0.43427212874908555 0.03128482972136223 0.006744696415508413 0.012244582043343654
1 0.44391367959034383 0.014272445820433438 0.010607168983174835 0.017678018575851395
1 0.34735186539868323 0.10708978328173376 0.008997805413313827 0.01563467492260062
1 0.3851133869787857 0.08804953560371517 0.005464520848573518 0.014272445820433438
1 0.39314557425018287 0.10640866873065015 0.004177029992684711 0.007476780185758514
1 0.36100950987564007 0.13462848297213623 0.004820775420629115 0.013606811145510834
1 0.29947329919531823 0.12953560371517028 0.006430138990490124 0.014272445820433438
1 0.26605705925384054 0.08668730650154799 0.008354059985369422 0.016996904024767803
1 0.30172640819312363 0.005773993808049536 0.006430138990490124 0.011547987616099072
1 0.27826627651792246 0.01326625386996904 0.007066569129480615 0.014272445820433438
1 0.2861448427212875 0.029922600619195043 0.005464520848573518 0.012244582043343654
1 0.2080614484272129 0.09859133126934984 0.01188734455010973 0.01904024767801858
1 0.19584491587417704 0.13157894736842105 0.011243599122165325 0.019721362229102167
1 0.14765179224579372 0.1302167182662539 0.008675932699341624 0.01563467492260062
1 0.15439648866130212 0.14789473684210527 0.004820775420629115 0.011563467492260062
1 0.1490929041697147 0.01801857585139319 0.007710314557425018 0.016996904024767803
1 0.17447695683979517 0.03501547987616099 0.007066569129480615 0.016996904024767803
1 0.16869787856620339 0.041811145510835916 0.007710314557425018 0.014272445820433438
1 0.18669348939283104 0.06085139318885449 0.006430138990490124 0.012925696594427244
1 0.1836356986100951 0.08023219814241486 0.008675932699341624 0.014953560371517028
1 0.16564740307242135 0.0598297213622291 0.0061082662765179225 0.013606811145510834
1 0.08354791514264813 0.007136222910216719 0.005142648134601317 0.011563467492260062
1 0.11214337966349672 0.04487616099071207 0.0044989027066569135 0.010882352941176471
1 0.12435259692757865 0.12408668730650155 0.00964155084125823 0.016996904024767803
1 0.11904901243599122 0.08397832817337461 0.00803218727139722 0.019721362229102167
1 0.027637161667885882 0.08839009287925696 0.008997805413313827 0.01631578947368421
1 0.029400146305779078 0.03331269349845201 0.00803218727139722 0.017678018575851395
1 0.05302121433796635 0.02413312693498452 0.00964155084125823 0.014272445820433438
1 0.04466715435259693 0.03808049535603716 0.00964155084125823 0.017678018575851395
1 0.036627651792245794 0.04147058823529411 0.0044989027066569135 0.013606811145510834
1 0.0750329188002926 0.07003095975232199 0.007388441843452816 0.014953560371517028
1 0.06313825896122897 0.0696904024767802 0.007388441843452816 0.012925696594427244
1 0.09735918068763716 0.08907120743034055 0.008354059985369422 0.017678018575851395
1 0.0756693489392831 0.08975232198142415 0.009963423555230432 0.017678018575851395
0 0.05992684711046086 0.10777089783281735 0.021528895391367958 0.04147058823529411
1 0.024579370885149963 0.1104953560371517 0.004177029992684711 0.01020123839009288
1 0.05302121433796635 0.0591640866873065 0.0044989027066569135 0.00952012383900929
1 0.04546452084857352 0.08499999999999999 0.004820775420629115 0.008157894736842105
1 0.41017556693489393 0.9492260061919505 0.004820775420629115 0.012244582043343654
1 0.6911704462326262 0.9896749226006193 0.007710314557425018 0.01563467492260062
1 0.8397878566203365 0.06664086687306502 0.004820775420629115 0.010882352941176471