1 0.5253770491803279 0.4276020408163265 0.013549180327868853 0.017826530612244897
1 0.49536065573770494 0.6741122448979592 0.01069672131147541 0.02089795918367347
1 0.3144508196721311 0.24071428571428571 0.009524590163934426 0.010153061224489794
0 0.6782213114754098 0.3911530612244898 0.02369672131147541 0.027071428571428573
1 0.09271311475409837 0.8127142857142857 0.01205737704918033 0.013785714285714285
1 0.5336147540983607 0.4628265306122449 0.019581967213114754 0.03553061224489796
1 0.3999016393442623 0.39024489795918366 0.014385245901639344 0.024316326530612244
1 0.41454918032786886 0.9148265306122448 0.01790983606557377 0.026591836734693876
1 0.37841803278688524 0.02326530612244898 0.012967213114754099 0.016653061224489795
1 0.41870491803278687 0.7719795918367347 0.014229508196721311 0.01589795918367347
1 0.13867213114754098 0.42216326530612247 0.010450819672131148 0.018051020408163268
1 0.47387704918032786 0.8613367346938776 0.011639344262295081 0.0245
1 0.9882786885245902 0.9178673469387755 0.013590163934426228 0.015061224489795919
1 0.33984426229508197 0.814530612244898 0.026811475409836066 0.04585714285714285
1 0.6137704918032787 0.8011632653061225 0.009377049180327869 0.018265306122448977
1 0.15161475409836064 0.8339795918367346 0.0164672131147541 0.02026530612244898
1 0.45531967213114755 0.4695714285714286 0.03954918032786885 0.026346938775510205
1 0.9814426229508196 0.8461428571428572 0.00948360655737705 0.01063265306122449
1 0.056975409836065576 0.15006122448979592 0.013737704918032789 0.019275510204081633
1 0.5673852459016394 0.8230408163265307 0.016401639344262295 0.017775510204081635
1 0.2070327868852459 0.8078469387755103 0.005934426229508197 0.01096938775510204
1 0.06372131147540983 0.40635714285714286 0.010295081967213114 0.008693877551020407
1 0.5312540983606557 0.9330612244897959 0.017245901639344263 0.015010204081632655
1 0.7021475409836065 0.4923673469387755 0.007696721311475411 0.02560204081632653
1 0.4899918032786885 0.1633673469387755 0.007696721311475411 0.012816326530612246
1 0.3320327868852459 0.6947857142857142 0.006639344262295082 0.007959183673469388
1 0.5776393442622951 0.654061224489796 0.006459016393442623 0.011622448979591837
1 0.8310573770491804 0.1706530612244898 0.007040983606557377 0.011357142857142857
1 0.10089344262295082 0.7093775510204082 0.008032786885245903 0.009612244897959183
1 0.3913606557377049 0.9184795918367347 0.005532786885245901 0.01529591836734694
1 0.7763688524590163 0.46835714285714286 0.010008196721311476 0.016091836734693877
1 0.5463852459016394 0.9585918367346938 0.0068278688524590165 0.012316326530612246
1 0.21728688524590162 0.8102755102040817 0.007262295081967213 0.007857142857142858
1 0.6665 0.9816938775510203 0.010450819672131148 0.011020408163265306
1 0.4167459016393443 0.7877857142857143 0.0065409836065573775 0.011622448979591837
1 0.27319672131147543 0.8461428571428572 0.0068278688524590165 0.012908163265306123
1 0.8208032786885245 0.7203163265306122 0.009672131147540983 0.009510204081632653
1 0.48462295081967216 0.6036020408163265 0.016721311475409836 0.02579591836734694
1 0.7387704918032787 0.8066326530612244 0.006049180327868852 0.01096938775510204
1 0.7617213114754098 0.8121020408163265 0.009377049180327869 0.012704081632653061
1 0.49829508196721306 0.847969387755102 0.008778688524590164 0.008663265306122448
1 0.9077131147540984 0.2580408163265306 0.0068770491803278695 0.012
1 0.8828114754098361 0.8121020408163265 0.013795081967213114 0.01736734693877551
1 0.9609344262295081 0.8534387755102041 0.00909016393442623 0.008663265306122448
1 0.04535245901639344 0.694173469387755 0.008745901639344262 0.01096938775510204
1 0.23901639344262296 0.8418877551020407 0.004942622950819672 0.011275510204081633
1 0.7548852459016394 0.9695408163265306 0.008475409836065574 0.013102040816326531
1 0.7163114754098361 0.48203061224489796 0.005196721311475409 0.01
1 0.681155737704918 0.5485918367346939 0.009778688524590164 0.017102040816326533
1 0.1640655737704918 0.7093775510204082 0.005467213114754098 0.008173469387755102
1 0.6162131147540983 0.8832244897959183 0.006721311475409835 0.010275510204081633
1 0.23473770491803278 0.8589081632653062 0.005385245901639344 0.013255102040816327
1 0.931639344262295 0.9476530612244899 0.008032786885245903 0.012704081632653061
1 0.9409180327868853 0.7877857142857143 0.015188524590163935 0.01383673469387755
1 0.9986393442622951 0.940969387755102 0.0027131147540983606 0.011142857142857144
1 0.41870491803278687 0.1385204081632653 0.004647540983606558 0.009581632653061225
1 0.5058606557377049 0.31730612244897954 0.005598360655737705 0.009071428571428572
1 0.8168934426229508 0.09308163265306123 0.008647540983606558 0.014663265306122449
1 0.2614754098360656 0.6996428571428571 0.009377049180327869 0.014612244897959184
1 0.3654754098360656 0.6923571428571429 0.008 0.013061224489795919
1 0.29052459016393445 0.5382653061224489 0.00821311475409836 0.008795918367346937
1 0.45531967213114755 0.41851020408163264 0.003704918032786885 0.010112244897959184
1 0.5234344262295082 0.9689285714285714 0.010491803278688525 0.007591836734693878
1 0.06322950819672131 0.2937448979591837 0.01228688524590164 0.012561224489795918
1 0.6015655737704918 0.8163571428571428 0.006172131147540984 0.010081632653061225
1 0.8071311475409837 0.5528469387755102 0.010204918032786885 0.012275510204081632
1 0.45531967213114755 0.7798877551020408 0.007147540983606558 0.011857142857142856
1 0.8339836065573771 0.9306326530612244 0.0076393442622950825 0.013571428571428573
1 0.06597540983606556 0.5428163265306123 0.012672131147540984 0.016142857142857143
1 0.6254918032786886 0.9318469387755103 0.015901639344262294 0.012275510204081632
1 0.7641639344262295 0.9105714285714286 0.0054918032786885245 0.01060204081632653
1 0.16174590163934427 0.8807857142857143 0.008877049180327869 0.009806122448979592
1 0.4873032786885246 0.9306326530612244 0.005385245901639344 0.013632653061224489
1 0.7583032786885245 0.2595612244897959 0.005163934426229508 0.007918367346938775
1 0.02194262295081967 0.35772448979591837 0.007573770491803279 0.006153061224489796
1 0.14575409836065573 0.9111836734693878 0.0057786885245901635 0.009000000000000001
1 0.7138688524590163 0.3215612244897959 0.005196721311475409 0.007653061224489796
1 0.11517213114754098 0.19770408163265307 0.00760655737704918 0.007448979591836735
1 0.05224590163934426 0.9750102040816326 0.005959016393442622 0.01653061224489796
1 0.3154262295081967 0.9914183673469388 0.007459016393442623 0.008142857142857143
1 0.3220245901639344 0.7020816326530612 0.017581967213114752 0.020816326530612245
1 0.736327868852459 0.5449489795918366 0.007008196721311476 0.006520408163265306
1 0.5937540983606557 0.5534591836734694 0.005180327868852459 0.008306122448979592
1 0.323483606557377 0.959204081632653 0.004516393442622951 0.009836734693877552
1 0.44482786885245906 0.30621428571428566 0.008155737704918032 0.006469387755102041
1 0.5122049180327869 0.9883775510204081 0.012868852459016393 0.015775510204081633
1 0.9677704918032788 0.5416020408163265 0.0057295081967213115 0.006755102040816327
1 0.8310573770491804 0.4397857142857143 0.003795081967213115 0.007795918367346938
1 0.03875409836065574 0.8139285714285714 0.005844262295081967 0.007357142857142857
1 0.3935573770491803 0.7677244897959183 0.006237704918032787 0.008632653061224491
1 0.25341803278688524 0.49175510204081635 0.018344262295081966 0.01833673469387755
1 0.8754918032786885 0.7701632653061224 0.006008196721311475 0.00886734693877551
1 0.7250983606557377 0.03506122448979592 0.004278688524590164 0.00853061224489796
1 0.9731475409836066 0.32763265306122447 0.006442622950819672 0.0059897959183673475
1 0.01718032786885246 0.3774795918367347 0.004450819672131148 0.006918367346938775
1 0.12335245901639345 0.871061224489796 0.007459016393442623 0.00896938775510204
1 0.7167950819672131 0.0053265306122448975 0.0038688524590163934 0.009428571428571429
1 0.046540983606557375 0.37626530612244896 0.005098360655737704 0.006102040816326531
1 0.29248360655737704 0.8759285714285714 0.006122950819672131 0.007561224489795918
1 0.7294918032786886 0.6178877551020407 0.005532786885245901 0.0074795918367346935
1 0.8286147540983606 0.04301020408163265 0.004557377049180328 0.008040816326530613
1 0.07739344262295082 0.8680204081632653 0.006614754098360656 0.006969387755102041
1 0.9819344262295082 0.6443367346938776 0.006508196721311476 0.008459183673469386
1 0.7890655737704918 0.9312448979591836 0.00948360655737705 0.008928571428571428
1 0.26977868852459014 0.9883775510204081 0.009196721311475411 0.00896938775510204
1 0.9331065573770493 0.6826224489795919 0.005426229508196721 0.006377551020408163
1 0.054598360655737706 0.4422142857142857 0.0038360655737704917 0.006653061224489796
1 0.9858360655737705 0.9671020408163266 0.00590983606557377 0.010357142857142858
1 0.3803688524590164 0.8625510204081632 0.010327868852459015 0.008836734693877552
1 0.38672131147540983 0.6911326530612244 0.015188524590163935 0.01956122448979592
1 0.09912295081967214 0.31457142857142856 0.004942622950819672 0.006306122448979591
1 0.9384754098360656 0.5075612244897959 0.005663934426229508 0.005693877551020408
1 0.556155737704918 0.8631632653061224 0.016221311475409835 0.03712244897959184
1 0.5131803278688525 0.11997959183673469 0.005081967213114754 0.006551020408163266
1 0.050508196721311474 0.03415306122448979 0.004098360655737705 0.00976530612244898
1 0.32495081967213113 0.7549591836734694 0.005598360655737705 0.009540816326530612
1 0.9287131147540983 0.9002448979591837 0.008713114754098361 0.009540816326530612
1 0.20837704918032787 0.28022448979591835 0.004868852459016393 0.005918367346938775
1 0.5473606557377049 0.6136326530612245 0.006901639344262295 0.007561224489795918
1 0.5498032786885246 0.29420408163265305 0.0034590163934426228 0.006153061224489796
1 0.10284426229508196 0.6589183673469388 0.0039262295081967215 0.006377551020408163
1 0.8980327868852458 0.9620102040816326 0.0646311475409836 0.07043877551020408
1 0.7910163934426229 0.9743979591836734 0.005385245901639344 0.008306122448979592
1 0.061311475409836065 0.8832244897959183 0.005163934426229508 0.007163265306122449
1 0.6582049180327869 0.32551020408163267 0.0047377049180327875 0.006397959183673469
1 0.16626229508196722 0.5403877551020408 0.004647540983606558 0.005806122448979593
1 0.33959836065573773 0.6589183673469388 0.004647540983606558 0.006571428571428572
1 0.02104098360655738 0.7257857142857143 0.0058196721311475404 0.005826530612244898
1 0.9140655737704919 0.9087551020408163 0.010057377049180328 0.012663265306122449
1 0.3259262295081967 0.1086530612244898 0.004868852459016393 0.005877551020408163
1 0.46484426229508197 0.36015306122448976 0.006590163934426229 0.006102040816326531
1 0.9682622950819672 0.1344081632653061 0.004385245901639344 0.0059387755102040815
1 0.06347540983606557 0.26016326530612244 0.0039262295081967215 0.005806122448979593
1 0.35718032786885245 0.4036224489795919 0.006237704918032787 0.0059897959183673475
1 0.7001967213114754 0.45802040816326534 0.004647540983606558 0.0057857142857142855
1 0.7280245901639345 0.5993469387755103 0.004483606557377049 0.0059387755102040815
1 0.5058606557377049 0.5643979591836735 0.004647540983606558 0.006244897959183674
1 0.3574180327868853 0.2078877551020408 0.004098360655737705 0.006081632653061224
1 0.09948360655737705 0.10941836734693879 0.0038852459016393446 0.006224489795918367
1 0.12695081967213115 0.7245714285714286 0.004229508196721312 0.006755102040816327
1 0.178344262295082 0.9877755102040816 0.007262295081967213 0.006704081632653062
1 0.3659672131147541 0.4285408163265306 0.004557377049180328 0.005673469387755102
1 0.6415983606557377 0.9610306122448979 0.011114754098360656 0.008234693877551021
1 0.644532786885246 0.9245510204081632 0.008286885245901638 0.019204081632653063
1 0.6582049180327869 0.5273163265306122 0.004008196721311475 0.004489795918367347
1 0.06781147540983606 0.851 0.007008196721311476 0.016785714285714286
1 0.611327868852459 0.7270000000000001 0.004311475409836066 0.005418367346938775
1 0.1810327868852459 0.345265306122449 0.0038852459016393446 0.00536734693877551
1 0.7089836065573771 0.8686326530612245 0.005934426229508197 0.0055
1 0.660155737704918 0.8157448979591836 0.011549180327868853 0.014438775510204081
1 0.6040081967213115 0.9526836734693878 0.005516393442622951 0.008357142857142856
1 0.5978688524590163 0.9784999999999999 0.005549180327868852 0.0057346938775510205
1 0.6085245901639345 0.9798673469387755 0.0069672131147540985 0.008459183673469386
1 0.3842704918032787 0.7531122448979591 0.00760655737704918 0.009132653061224488
1 0.3872540983606557 0.7211428571428572 0.006008196721311475 0.007704081632653061
1 0.4900081967213114 0.6565816326530612 0.007770491803278689 0.007163265306122449
1 0.9364344262295082 0.8051224489795918 0.0070573770491803274 0.008142857142857143
1 0.9059508196721311 0.7881428571428571 0.0076885245901639355 0.007224489795918367
1 0.6762868852459016 0.8905204081632654 0.006983606557377049 0.006714285714285714
1 0.6124016393442623 0.7622653061224489 0.006188524590163934 0.005010204081632654
1 0.5289590163934427 0.37448979591836734 0.004122950819672132 0.008918367346938776
1 0.7288196721311475 0.4919387755102041 0.004516393442622951 0.006775510204081632
1 0.14157377049180328 0.4373673469387755 0.006204918032786885 0.0059387755102040815
1 0.15550819672131147 0.4883877551020408 0.0063032786885245905 0.008428571428571428