1 0.4382874162323157 0.34061571125265394 0.004862248696947133 0.007101910828025478
1 0.41357408786299327 0.3317091295116773 0.0049664929262844375 0.008301486199575372
1 0.27807892777364107 0.31290870488322714 0.004020848845867461 0.00708067940552017
1 0.3269024571854058 0.4389171974522293 0.00462397617274758 0.008205944798301487
1 0.4455547282204021 0.4751167728237792 0.0049218168279970215 0.006751592356687899
1 0.38525688756515264 0.1471443736730361 0.0038272524199553237 0.007441613588110403
1 0.1514892032762472 0.36233545647558385 0.004326135517498138 0.007802547770700637
1 0.17565897244973938 0.4636305732484077 0.003991064780342517 0.008046709129511677
1 0.31909158600148924 0.3275371549893843 0.004944154877140729 0.009575371549893843
1 0.08050632911392405 0.7406900212314226 0.003536857781087118 0.006592356687898089
1 0.12829486224869696 0.24365180467091296 0.004177215189873418 0.008014861995753715
1 0.19591958302308266 0.6059872611464968 0.0035219657483246468 0.0076220806794055195
1 0.2418242740134028 0.5760509554140127 0.0046835443037974685 0.008970276008492569
1 0.38037230081906176 0.4970382165605095 0.0038272524199553237 0.008333333333333333
1 0.1354951600893522 0.18464968152866243 0.004646314221891289 0.0062526539278131635
1 0.5498064035740878 0.9195966029723991 0.005532390171258376 0.007048832271762208
1 0.4116232315711094 0.27079617834394903 0.0067982129560685035 0.007887473460721868
1 0.4560536113179449 0.8186624203821655 0.004787788533134773 0.009840764331210191
1 0.08416976917349218 0.1825583864118896 0.006023827252419955 0.008492569002123142
1 0.44604616530156366 0.8534607218683652 0.0037527922561429636 0.009883227176220807
1 0.24865971705137752 0.20466029723991508 0.004266567386448251 0.005690021231422505
1 0.7929709605361132 0.31012738853503186 0.005800446760982874 0.011857749469214437
1 0.6684586746090841 0.4455307855626327 0.006023827252419955 0.008460721868365181
1 0.10211466865227102 0.3755626326963906 0.006314221891288161 0.008014861995753715
1 0.40502606105733435 0.8639065817409766 0.005889798957557707 0.008694267515923566
1 0.1065078183172003 0.3160509554140128 0.006291883842144452 0.0076220806794055195
1 0.2863737900223381 0.6251273885350318 0.0041995532390171255 0.008789808917197451
1 0.9443335815338794 0.43230360934182593 0.005100521221146686 0.005912951167728238
1 0.2934549516008935 0.02429936305732484 0.003886820551005212 0.007101910828025478
1 0.3427699180938198 0.6592462845010616 0.006262099776619508 0.007048832271762208
1 0.6826135517498139 0.1628131634819533 0.007118391660461653 0.00673036093418259
1 0.20996276991809384 0.03843949044585988 0.0042516753536857785 0.007802547770700637
1 0.9487341772151899 0.3357112526539278 0.004102755026061057 0.006220806794055202
1 0.08154132539091587 0.3511995753715499 0.005934475055845123 0.010477707006369425
1 0.7695309009679822 0.36477707006369425 0.007609828741623232 0.009469214437367304
1 0.6220699925539837 0.056730360934182586 0.005100521221146686 0.01110403397027601
1 0.5332017870439315 0.7775902335456476 0.005725986597170514 0.008970276008492569
1 0.07226358897989575 0.8506794055201699 0.00584512285927029 0.00842887473460722
1 0.37353685778108714 0.1305307855626327 0.004385703648548026 0.013481953290870487
1 0.4206552494415488 0.8889702760084925 0.006336559940431869 0.011316348195329087
1 0.9706999255398363 0.12983014861995754 0.004385703648548026 0.00564755838641189
1 0.36645569620253166 0.8778343949044586 0.00648548026805659 0.0057643312101910826
1 0.4667982129560685 0.04163481953290871 0.005182427401340283 0.009840764331210191
1 0.7221667907669397 0.14792993630573248 0.007207743857036485 0.00872611464968153
1 0.5961950856291884 0.11434182590233545 0.004385703648548026 0.011178343949044585
1 0.439210722263589 0.9676326963906582 0.004720774385703648 0.008789808917197451
1 0.6762695457930008 0.37348195329087047 0.0071779597915115415 0.00980891719745223
1 0.8579076693968727 0.8158704883227176 0.005725986597170514 0.008333333333333333
1 0.9658227848101265 0.07348195329087048 0.006120625465376024 0.006995753715498938
1 0.3730454206999255 0.9718046709129512 0.0035219657483246468 0.007239915074309979
1 0.5224646314221891 0.7573991507430998 0.005137751303052867 0.013365180467091295
1 0.6108413998510797 0.5732696390658174 0.005078183172002979 0.006624203821656051
1 0.4521518987341772 0.09302547770700637 0.005040953090096798 0.01208067940552017
1 0.32544303797468355 0.5656157112526539 0.00548771407297096 0.009883227176220807
1 0.28808637379002233 0.9683227176220807 0.004415487714072971 0.007855626326963907
1 0.1621072226358898 0.16559447983014863 0.005323901712583768 0.01153927813163482
1 0.919434102755026 0.02215498938428875 0.0036485480268056594 0.006549893842887474
1 0.37817572598659716 0.5314968152866242 0.007937453462397617 0.010679405520169851
1 0.8442367833209232 0.5085244161358811 0.005063291139240506 0.010031847133757961
1 0.2934549516008935 0.8555520169851379 0.004519731943410276 0.010966029723991508
1 0.6831049888309754 0.29585987261146496 0.007230081906180194 0.0075583864118895965
1 0.265867460908414 0.7664437367303609 0.006440804169769174 0.014607218683651805
1 0.919434102755026 0.6735138004246285 0.009486224869694714 0.012420382165605095
1 0.1730975428145942 0.05181528662420382 0.0037527922561429636 0.006348195329087049
1 0.885740878629933 0.01421443736730361 0.005078183172002979 0.007473460721868365
1 0.718265078183172 0.7344267515923567 0.005800446760982874 0.011411889596602972
1 0.43627699180938195 0.5948513800424629 0.0067982129560685035 0.007643312101910828
1 0.22778108711839168 0.9001061571125265 0.008413998510796725 0.007101910828025478
1 0.6206031273268802 0.21510615711252654 0.00874162323157111 0.00826963906581741
1 0.1153536857781087 0.8284076433121019 0.005346239761727475 0.006963906581740976
1 0.013536857781087118 0.5795329087048832 0.007691734921816828 0.01059447983014862
1 0.23583767684288906 0.9794692144373672 0.00695457930007446 0.0081104033970276
1 0.7558600148920328 0.45666666666666667 0.008257632166790766 0.01194267515923567
1 0.03644080416976917 0.8583333333333333 0.00584512285927029 0.011273885350318471
1 0.3029784065524944 0.8318895966029723 0.005323901712583768 0.009766454352441613
1 0.9462918838421444 0.9035881104033969 0.005510052122114669 0.00708067940552017
1 0.4638644825018615 0.14897027600849258 0.00864482501861504 0.011719745222929935
1 0.93994043186895 0.6004140127388535 0.008093819806403573 0.01615711252653928
1 0.2722189128816083 0.9098513800424629 0.005867460908413998 0.006167728237791932
1 0.7929709605361132 0.09249469214437367 0.009195830230826508 0.007983014861995753
1 0.8789054355919582 0.7490445859872612 0.009739389426656739 0.011411889596602972
1 0.8906254653760237 0.8562526539278132 0.008413998510796725 0.012558386411889597
1 0.06008935219657483 0.2908067940552017 0.009300074460163812 0.008492569002123142
1 0.941891288160834 0.5492569002123142 0.008883097542814593 0.014394904458598727
1 0.12231571109456442 0.8297983014861995 0.0083469843633656 0.010074309978768578
1 0.6831049888309754 0.925859872611465 0.00734921816827997 0.00807855626326964
1 0.27856291883842144 0.4737261146496815 0.007840655249441547 0.014501061571125266
1 0.3059046909903202 0.33849256900212316 0.008808637379002233 0.015658174097664544
1 0.729493670886076 0.10354564755838642 0.008548026805658972 0.013216560509554139
1 0.8315413253909159 0.8966242038216561 0.009970215934475056 0.008630573248407644
1 0.14587490692479524 0.9613694267515924 0.005361131794489948 0.008014861995753715
1 0.8232390171258376 0.8715605095541401 0.009739389426656739 0.011008492569002123
1 0.4304169769173492 0.9244692144373673 0.006120625465376024 0.013163481953290871
1 0.22717051377513028 0.7608811040339702 0.010052122114668651 0.010966029723991508
1 0.5385778108711838 0.2520063694267516 0.011332836932241252 0.01162420382165605
1 0.6782204020848847 0.9502229299363057 0.007066269545793001 0.006825902335456475
1 0.01150409530900968 0.9975371549893842 0.004668652271034996 0.004925690021231422
1 0.075867460908414 0.5342887473460722 0.0077587490692479525 0.01591295116772824
1 0.13366344005956812 0.2747983014861996 0.010565897244973938 0.01421443736730361
1 0.6821295606850335 0.9620594479830149 0.0048324646314221896 0.0076220806794055195
1 0.6718763961280715 0.5593418259023354 0.013119880863737901 0.023651804670912952
1 0.9096649292628445 0.2243312101910828 0.013023082650781831 0.015127388535031847
1 0.09808637379002233 0.6595859872611466 0.0052568875651526435 0.01967091295116773
1 0.1738272524199553 0.003524416135881104 0.007096053611317945 0.007048832271762208
1 0.896969471332837 0.37 0.012673119880863738 0.018067940552016985
1 0.26367088607594935 0.07030785562632696 0.010007446016381236 0.01578556263269639
1 0.7773417721518987 0.5342887473460722 0.011593447505584513 0.011273885350318471
1 0.9160163812360388 0.7006581740976645 0.015718540580789277 0.023757961783439488
1 0.3737825763216679 0.20727176220806795 0.014787788533134772 0.022080679405520172
1 0.40454206999255393 0.5210615711252654 0.014177215189873417 0.0281104033970276
1 0.0955174981384959 0.5788428874734607 0.01710349962769918 0.017526539278131636
1 0.9584959046909903 0.9189065817409766 0.016664184661206255 0.023651804670912952
1 0.31420699925539836 0.8179617834394904 0.011198808637379001 0.020042462845010614
1 0.1341548771407297 0.7124946921443737 0.014333581533879374 0.01673036093418259
1 0.7866195085629188 0.5823142250530785 0.01785554728220402 0.027218683651804673
1 0.8290990320178705 0.5614331210191082 0.020595681310498885 0.02545647558386412
1 0.4245569620253164 0.5099256900212314 0.021042442293373046 0.032632696390658175
1 0.2059344750558451 0.9578874734607219 0.014005956813104988 0.026581740976645434
1 0.5234400595681311 0.2850636942675159 0.01646314221891288 0.022494692144373673
1 0.0944825018615041 0.9655414012738853 0.010699925539836187 0.01400212314225053
1 0.03271779597915115 0.27340764331210193 0.0221072226358898 0.03256900212314225
1 0.3466790766939687 0.7358174097664544 0.021772151898734177 0.03576433121019108
1 0.5893521965748325 0.26940552016985136 0.021526433358153386 0.04567940552016985
1 0.4873045420699926 0.6853503184713376 0.0250409530900968 0.03947983014861996
1 0.5398064035740879 0.3717622080679405 0.0336783320923306 0.0720276008492569
1 0.43725241995532393 0.34076433121019106 0.0042516753536857785 0.008556263269639066
1 0.324951600893522 0.5680467091295117 0.013224125093075205 0.020605095541401275
1 0.43725241995532393 0.34076433121019106 0.0042516753536857785 0.008556263269639066
1 0.41357408786299327 0.3317091295116773 0.0049664929262844375 0.008301486199575372
1 0.27807892777364107 0.31290870488322714 0.004020848845867461 0.00708067940552017
1 0.3269024571854058 0.4389171974522293 0.00462397617274758 0.008205944798301487
1 0.4455547282204021 0.4751167728237792 0.0049218168279970215 0.006751592356687899
1 0.38525688756515264 0.1471443736730361 0.0038272524199553237 0.007441613588110403
1 0.1514892032762472 0.36233545647558385 0.004326135517498138 0.007802547770700637
1 0.17565897244973938 0.4636305732484077 0.003991064780342517 0.008046709129511677
1 0.31909158600148924 0.3275371549893843 0.004944154877140729 0.009575371549893843
1 0.08050632911392405 0.7406900212314226 0.003536857781087118 0.006592356687898089
1 0.12829486224869696 0.24365180467091296 0.004177215189873418 0.008014861995753715
1 0.19591958302308266 0.6059872611464968 0.0035219657483246468 0.0076220806794055195
1 0.2418242740134028 0.5760509554140127 0.0046835443037974685 0.008970276008492569
1 0.38037230081906176 0.4970382165605095 0.0038272524199553237 0.008333333333333333
1 0.1354951600893522 0.18464968152866243 0.004646314221891289 0.0062526539278131635
1 0.5498064035740878 0.9195966029723991 0.005532390171258376 0.007048832271762208
1 0.4116232315711094 0.27079617834394903 0.0067982129560685035 0.007887473460721868
1 0.4560536113179449 0.8186624203821655 0.004787788533134773 0.009840764331210191
1 0.08416976917349218 0.1825583864118896 0.006023827252419955 0.008492569002123142
1 0.44604616530156366 0.8534607218683652 0.0037527922561429636 0.009883227176220807
1 0.24865971705137752 0.20466029723991508 0.004266567386448251 0.005690021231422505
1 0.7929709605361132 0.31012738853503186 0.005800446760982874 0.011857749469214437
1 0.6684586746090841 0.4455307855626327 0.006023827252419955 0.008460721868365181
1 0.10211466865227102 0.3755626326963906 0.006314221891288161 0.008014861995753715
1 0.40502606105733435 0.8639065817409766 0.005889798957557707 0.008694267515923566
1 0.1065078183172003 0.3160509554140128 0.006291883842144452 0.0076220806794055195
1 0.2863737900223381 0.6251273885350318 0.0041995532390171255 0.008789808917197451
1 0.9443335815338794 0.43230360934182593 0.005100521221146686 0.005912951167728238
1 0.2934549516008935 0.02429936305732484 0.003886820551005212 0.007101910828025478
1 0.3427699180938198 0.6592462845010616 0.006262099776619508 0.007048832271762208
1 0.6826135517498139 0.1628131634819533 0.007118391660461653 0.00673036093418259
1 0.20996276991809384 0.03843949044585988 0.0042516753536857785 0.007802547770700637
1 0.9487341772151899 0.3357112526539278 0.004102755026061057 0.006220806794055202
1 0.08154132539091587 0.3511995753715499 0.005934475055845123 0.010477707006369425
1 0.7695309009679822 0.36477707006369425 0.007609828741623232 0.009469214437367304
1 0.6220699925539837 0.056730360934182586 0.005100521221146686 0.01110403397027601
1 0.5332017870439315 0.7775902335456476 0.005725986597170514 0.008970276008492569
1 0.07226358897989575 0.8506794055201699 0.00584512285927029 0.00842887473460722
1 0.37353685778108714 0.1305307855626327 0.004385703648548026 0.013481953290870487
1 0.4206552494415488 0.8889702760084925 0.006336559940431869 0.011316348195329087
1 0.9706999255398363 0.12983014861995754 0.004385703648548026 0.00564755838641189
1 0.36645569620253166 0.8778343949044586 0.00648548026805659 0.0057643312101910826
1 0.4667982129560685 0.04163481953290871 0.005182427401340283 0.009840764331210191
1 0.7221667907669397 0.14792993630573248 0.007207743857036485 0.00872611464968153
1 0.5961950856291884 0.11434182590233545 0.004385703648548026 0.011178343949044585
1 0.439210722263589 0.9676326963906582 0.004720774385703648 0.008789808917197451
1 0.6762695457930008 0.37348195329087047 0.0071779597915115415 0.00980891719745223
1 0.8579076693968727 0.8158704883227176 0.005725986597170514 0.008333333333333333
1 0.9658227848101265 0.07348195329087048 0.006120625465376024 0.006995753715498938
1 0.3730454206999255 0.9718046709129512 0.0035219657483246468 0.007239915074309979
1 0.5224646314221891 0.7573991507430998 0.005137751303052867 0.013365180467091295
1 0.6108413998510797 0.5732696390658174 0.005078183172002979 0.006624203821656051
1 0.4521518987341772 0.09302547770700637 0.005040953090096798 0.01208067940552017
1 0.32544303797468355 0.5656157112526539 0.00548771407297096 0.009883227176220807
1 0.28808637379002233 0.9683227176220807 0.004415487714072971 0.007855626326963907
1 0.1621072226358898 0.16559447983014863 0.005323901712583768 0.01153927813163482
1 0.919434102755026 0.02215498938428875 0.0036485480268056594 0.006549893842887474
1 0.37817572598659716 0.5314968152866242 0.007937453462397617 0.010679405520169851
1 0.8442367833209232 0.5085244161358811 0.005063291139240506 0.010031847133757961
1 0.2934549516008935 0.8555520169851379 0.004519731943410276 0.010966029723991508
1 0.6831049888309754 0.29585987261146496 0.007230081906180194 0.0075583864118895965
1 0.265867460908414 0.7664437367303609 0.006440804169769174 0.014607218683651805
1 0.919434102755026 0.6735138004246285 0.009486224869694714 0.012420382165605095
1 0.1730975428145942 0.05181528662420382 0.0037527922561429636 0.006348195329087049
1 0.885740878629933 0.01421443736730361 0.005078183172002979 0.007473460721868365
1 0.718265078183172 0.7344267515923567 0.005800446760982874 0.011411889596602972
1 0.43627699180938195 0.5948513800424629 0.0067982129560685035 0.007643312101910828
1 0.22778108711839168 0.9001061571125265 0.008413998510796725 0.007101910828025478
1 0.6206031273268802 0.21510615711252654 0.00874162323157111 0.00826963906581741
1 0.1153536857781087 0.8284076433121019 0.005346239761727475 0.006963906581740976
1 0.013536857781087118 0.5795329087048832 0.007691734921816828 0.01059447983014862
1 0.23583767684288906 0.9794692144373672 0.00695457930007446 0.0081104033970276
1 0.7558600148920328 0.45666666666666667 0.008257632166790766 0.01194267515923567
1 0.03644080416976917 0.8583333333333333 0.00584512285927029 0.011273885350318471
1 0.3029784065524944 0.8318895966029723 0.005323901712583768 0.009766454352441613
1 0.9462918838421444 0.9035881104033969 0.005510052122114669 0.00708067940552017
1 0.4638644825018615 0.14897027600849258 0.00864482501861504 0.011719745222929935
1 0.93994043186895 0.6004140127388535 0.008093819806403573 0.01615711252653928
1 0.2722189128816083 0.9098513800424629 0.005867460908413998 0.006167728237791932
1 0.7929709605361132 0.09249469214437367 0.009195830230826508 0.007983014861995753
1 0.8789054355919582 0.7490445859872612 0.009739389426656739 0.011411889596602972
1 0.8906254653760237 0.8562526539278132 0.008413998510796725 0.012558386411889597
1 0.06008935219657483 0.2908067940552017 0.009300074460163812 0.008492569002123142
1 0.941891288160834 0.5492569002123142 0.008883097542814593 0.014394904458598727
1 0.12231571109456442 0.8297983014861995 0.0083469843633656 0.010074309978768578
1 0.6831049888309754 0.925859872611465 0.00734921816827997 0.00807855626326964
1 0.27856291883842144 0.4737261146496815 0.007840655249441547 0.014501061571125266
1 0.3059046909903202 0.33849256900212316 0.008808637379002233 0.015658174097664544
1 0.729493670886076 0.10354564755838642 0.008548026805658972 0.013216560509554139
1 0.8315413253909159 0.8966242038216561 0.009970215934475056 0.008630573248407644
1 0.14587490692479524 0.9613694267515924 0.005361131794489948 0.008014861995753715
1 0.8232390171258376 0.8715605095541401 0.009739389426656739 0.011008492569002123
1 0.4304169769173492 0.9244692144373673 0.006120625465376024 0.013163481953290871
1 0.22717051377513028 0.7608811040339702 0.010052122114668651 0.010966029723991508
1 0.5385778108711838 0.2520063694267516 0.011332836932241252 0.01162420382165605
1 0.6782204020848847 0.9502229299363057 0.007066269545793001 0.006825902335456475
1 0.01150409530900968 0.9975371549893842 0.004668652271034996 0.004925690021231422
1 0.075867460908414 0.5342887473460722 0.0077587490692479525 0.01591295116772824
1 0.13366344005956812 0.2747983014861996 0.010565897244973938 0.01421443736730361
1 0.6821295606850335 0.9620594479830149 0.0048324646314221896 0.0076220806794055195
1 0.2694787788533135 0.3928025477707006 0.005234549516008935 0.007632696390658175
1 0.6718763961280715 0.5593418259023354 0.013119880863737901 0.023651804670912952
1 0.9096649292628445 0.2243312101910828 0.013023082650781831 0.015127388535031847
1 0.09808637379002233 0.6595859872611466 0.0052568875651526435 0.01967091295116773
1 0.1738272524199553 0.003524416135881104 0.007096053611317945 0.007048832271762208
1 0.896969471332837 0.37 0.012673119880863738 0.018067940552016985
1 0.26367088607594935 0.07030785562632696 0.010007446016381236 0.01578556263269639
1 0.7773417721518987 0.5342887473460722 0.011593447505584513 0.011273885350318471
0 0.9160163812360388 0.7006581740976645 0.015718540580789277 0.023757961783439488
1 0.324951600893522 0.5680467091295117 0.013224125093075205 0.020605095541401275
1 0.40454206999255393 0.5210615711252654 0.014177215189873417 0.0281104033970276
0 0.0955174981384959 0.5788428874734607 0.01710349962769918 0.017526539278131636
1 0.9584959046909903 0.9189065817409766 0.016664184661206255 0.023651804670912952
1 0.31420699925539836 0.8179617834394904 0.011198808637379001 0.020042462845010614
1 0.1341548771407297 0.7124946921443737 0.014333581533879374 0.01673036093418259
0 0.7866195085629188 0.5823142250530785 0.01785554728220402 0.027218683651804673
0 0.8290990320178705 0.5614331210191082 0.020595681310498885 0.02545647558386412
1 0.4245569620253164 0.5099256900212314 0.021042442293373046 0.032632696390658175
0 0.2059344750558451 0.9578874734607219 0.014005956813104988 0.026581740976645434
0 0.5234400595681311 0.2850636942675159 0.01646314221891288 0.022494692144373673
1 0.0944825018615041 0.9655414012738853 0.010699925539836187 0.01400212314225053
0 0.03271779597915115 0.27340764331210193 0.0221072226358898 0.03256900212314225
0 0.3466790766939687 0.7358174097664544 0.021772151898734177 0.03576433121019108
0 0.5893521965748325 0.26940552016985136 0.021526433358153386 0.04567940552016985
0 0.4873045420699926 0.6853503184713376 0.0250409530900968 0.03947983014861996
1 0.05324646314221892 0.7201486199575371 0.0037676842889054355 0.00708067940552017
1 0.11631422189128816 0.7456157112526539 0.007259865971705138 0.007208067940552017
1 0.0856589724497394 0.6641295116772824 0.00569620253164557 0.010084925690021231
1 0.19483991064780343 0.7477176220806794 0.004988830975428146 0.009904458598726115
1 0.21920327624720773 0.7656900212314225 0.0065599404318689505 0.008481953290870488
1 0.21364110201042444 0.7818152866242039 0.008011913626209977 0.00935244161358811
1 0.060685033507073716 0.8292144373673036 0.009203276247207744 0.0070276008492569
1 0.28283693224125095 0.9056157112526539 0.0069918093819806406 0.007409766454352442
1 0.30172002978406554 0.9070806794055202 0.005979151154132539 0.0058598726114649675
1 0.37141474311243483 0.8640233545647558 0.0049218168279970215 0.006411889596602972
1 0.3330826507818317 0.7804352441613588 0.010007446016381236 0.006592356687898089
1 0.3723231571109456 0.6759447983014862 0.006336559940431869 0.008747346072186836
1 0.3760089352196575 0.7163375796178344 0.006046165301563663 0.007632696390658175
1 0.34125093075204765 0.7587685774946922 0.0069918093819806406 0.009501061571125265
1 0.33908413998510795 0.6875371549893843 0.004959046909903202 0.005721868365180466
1 0.33304542069992554 0.6791188959660297 0.0036038719285182426 0.007441613588110403
1 0.3286150409530901 0.6715180467091295 0.00469843633655994 0.0075265392781316345
1 0.3139017125837677 0.6840976645435244 0.005145197319434103 0.007569002123142251
1 0.25577810871183915 0.6500106157112526 0.007594936708860759 0.008184713375796179
1 0.24845867460908413 0.5874097664543525 0.005979151154132539 0.005286624203821657
1 0.22294862248696948 0.5926433121019108 0.003976172747580045 0.0059235668789808914
1 0.24773641102010424 0.55619957537155 0.005301563663440059 0.00618895966029724
1 0.20321667907669397 0.5456794055201698 0.007401340282948622 0.00807855626326964
1 0.1943335815338794 0.5052547770700637 0.004192107222635889 0.00802547770700637
1 0.14837676842889055 0.49945859872611464 0.004936708860759494 0.009543524416135882
1 0.13641846612062547 0.4623248407643312 0.005532390171258376 0.005148619957537155
1 0.06379746835443038 0.370031847133758 0.006574832464631422 0.00618895966029724
1 0.29037974683544304 0.42312101910828026 0.00635145197319434 0.008630573248407644
1 0.3052568875651526 0.4566772823779193 0.006999255398361877 0.008067940552016985
1 0.26340282948622484 0.4003290870488323 0.004467609828741623 0.007823779193205945
1 0.3368577810871184 0.40762208067940553 0.007401340282948622 0.010392781316348194
1 0.1493000744601638 0.301411889596603 0.004497393894266568 0.007611464968152866
1 0.1402457185405808 0.25998938428874735 0.007066269545793001 0.007760084925690021
1 0.12373790022338049 0.2259447983014862 0.005443037974683544 0.006263269639065818
1 0.18972449739389427 0.22983014861995754 0.004936708860759494 0.008577494692144375
1 0.1413626209977662 0.21144373673036093 0.006239761727475801 0.010042462845010617
1 0.22586746090841398 0.2442144373673036 0.008287416232315712 0.01005307855626327
1 0.23732688011913627 0.25447983014861997 0.0051600893521965745 0.007664543524416136
1 0.3225465376023827 0.22843949044585987 0.007885331347728964 0.012356687898089172
1 0.3913402829486225 0.23371549893842888 0.0053090096798212956 0.01089171974522293
1 0.2680640357408786 0.39784501061571126 0.00806403574087863 0.017717622080679406
1 0.2148101265822785 0.11403397027600849 0.0039463886820551 0.005743099787685775
1 0.2659568131049888 0.018503184713375795 0.002137006701414743 0.00505307855626327
1 0.42029039463886825 0.8684925690021231 0.0036783320923306035 0.005881104033970276
1 0.4398510796723753 0.8727919320594479 0.007088607594936709 0.007898089171974522
1 0.4644973938942666 0.8868471337579618 0.005107967237527922 0.004808917197452229
1 0.4603871928518242 0.9193418259023355 0.003231571109456441 0.006571125265392782
1 0.4827699180938198 0.822728237791932 0.0036485480268056594 0.007144373673036094
1 0.4990618019359643 0.8290658174097665 0.00454951600893522 0.005849256900212314
1 0.446783320923306 0.811104033970276 0.005979151154132539 0.006889596602972399
1 0.4401712583767684 0.7755944798301486 0.004847356664184661 0.008131634819532909
1 0.7312211466865227 0.8666666666666667 0.0057930007446016386 0.006326963906581741
1 0.7545867460908414 0.7996072186836518 0.005852568875651527 0.007707006369426751
1 0.7495011169024572 0.8033757961783439 0.004326135517498138 0.007016985138004247
1 0.6423603871928518 0.7545116772823779 0.005465376023827252 0.0070276008492569
1 0.6170886075949367 0.7511783439490446 0.004452717795979152 0.006104033970276009
1 0.6166790766939687 0.8024734607218683 0.0042069992553983625 0.004394904458598726
1 0.7034028294862248 0.7124416135881104 0.004288905435591958 0.0074628450106157115
1 0.7361727475800446 0.7000424628450107 0.003596425912137007 0.006475583864118895
1 0.7087490692479523 0.6978450106157112 0.00635145197319434 0.007834394904458598
1 0.7303350707371556 0.7615498938428875 0.005174981384959047 0.006316348195329087
1 0.7812211466865228 0.7015711252653928 0.004408041697691735 0.008715498938428875
1 0.8146686522710349 0.7304352441613589 0.0044899478778853315 0.0048513800424628455
1 0.9226731198808638 0.9534076433121019 0.005085629188384215 0.008195329087048831
1 0.9883395383469843 0.8562632696390658 0.004519731943410276 0.006050955414012739
1 0.9467907669396872 0.6963481953290871 0.003216679076693969 0.0064861995753715505
1 0.9329486224869695 0.6732059447983014 0.004326135517498138 0.01029723991507431
1 0.8361653015636634 0.6315817409766454 0.004869694713328369 0.006687898089171974
1 0.8030081906180194 0.6103184713375795 0.0042069992553983625 0.005222929936305732
1 0.845867460908414 0.6138747346072186 0.003536857781087118 0.004936305732484077
1 0.9037676842889054 0.5361571125265393 0.004147431124348473 0.007165605095541401
1 0.8092777364110201 0.5384607218683652 0.00868205510052122 0.010138004246284502
1 0.8468503350707371 0.4944055201698514 0.006656738644825019 0.008259023354564757
1 0.861548771407297 0.5100424628450106 0.004370811615785555 0.0050424628450106155
1 0.7840953090096798 0.4778874734607219 0.006708860759493671 0.006411889596602972
1 0.9339761727475799 0.3782271762208068 0.005815338793745346 0.00910828025477707
1 0.9547431124348473 0.40332271762208066 0.004147431124348473 0.0059235668789808914
1 0.7801638123603872 0.41574309978768575 0.004601638123603872 0.006125265392781316
1 0.8023901712583766 0.3594055201698514 0.005279225614296351 0.009235668789808917
1 0.8219806403574088 0.29685774946921445 0.005301563663440059 0.008131634819532909
1 0.8081608339538346 0.27378980891719745 0.005301563663440059 0.007993630573248409
1 0.8327475800446762 0.27678343949044587 0.006098287416232315 0.006571125265392782
1 0.7727922561429634 0.2361995753715499 0.004266567386448251 0.005063694267515923
1 0.8334921816827998 0.20324840764331212 0.0035443037974683543 0.006496815286624204
1 0.8115040953090096 0.22611464968152867 0.003924050632911392 0.0062526539278131635
1 0.9212956068503351 0.15471337579617836 0.0063588979895755765 0.007144373673036094
1 0.942300819061802 0.15828025477707006 0.006336559940431869 0.006072186836518046
1 0.8718540580789278 0.16617834394904457 0.004244229337304542 0.005435244161358811
1 0.8515413253909158 0.16874734607218683 0.003938942665673864 0.00484076433121019
1 0.8689203276247208 0.07267515923566878 0.005860014892032763 0.008131634819532909
1 0.7836038719285183 0.11731422505307856 0.005718540580789277 0.00872611464968153
1 0.7593968726731198 0.08522292993630573 0.006276991809381981 0.006932059447983015
1 0.7537751303052868 0.06471337579617835 0.004236783320923306 0.006985138004246285
1 0.7313775130305287 0.07218683651804671 0.004370811615785555 0.0079723991507431
1 0.6079895755770662 0.12201698513800424 0.00411764705882353 0.008259023354564757
1 0.6048026805658973 0.20715498938428872 0.004646314221891289 0.009384288747346071
1 0.6212509307520476 0.24095541401273884 0.004713328369322412 0.004734607218683652
1 0.6418168279970217 0.12849256900212314 0.006105733432613551 0.009723991507430998
1 0.631891288160834 0.002611464968152866 0.0046835443037974685 0.005127388535031847
1 0.5752196574832464 0.013259023354564756 0.004810126582278481 0.005074309978768577
1 0.5113775130305287 0.0784819532908705 0.003842144452717796 0.006592356687898089
1 0.5631198808637379 0.10390658174097664 0.008265078183172002 0.006549893842887474
1 0.5395011169024572 0.22425690021231423 0.0036485480268056594 0.008280254777070064
1 0.4746463142218913 0.21502123142250532 0.0052568875651526435 0.007048832271762208
1 0.477699180938198 0.1974416135881104 0.004452717795979152 0.008832271762208068
1 0.4227029039463887 0.11690021231422505 0.005040953090096798 0.007898089171974522
1 0.3837006701414743 0.08676220806794055 0.005956813104988831 0.0067409766454352435
1 0.37337304542069993 0.06154989384288747 0.0042963514519731945 0.005583864118895966
1 0.387855547282204 0.0248619957537155 0.005621742367833209 0.00692144373673036
1 0.4460685033507074 0.6183333333333334 0.004087862993298585 0.007292993630573248
1 0.42821295606850335 0.565796178343949 0.0046314221891288155 0.004734607218683652
1 0.4931049888309754 0.5733121019108279 0.004735666418466121 0.007494692144373673
1 0.5383767684288905 0.5321019108280255 0.004944154877140729 0.006560509554140127
1 0.5454802680565898 0.5337898089171974 0.0037825763216679078 0.00643312101910828
1 0.48630677587490695 0.48544585987261146 0.005286671630677587 0.004384288747346072
1 0.5933730454206999 0.6534501061571125 0.0055472822040208486 0.007441613588110403
1 0.46921072226358895 0.7093736730360934 0.004884586746090841 0.008895966029723992
1 0.6330454206999255 0.621687898089172 0.005614296351451973 0.00786624203821656
1 0.6336708860759493 0.6576857749469214 0.0037900223380491435 0.006263269639065818
1 0.6547207743857036 0.6656794055201699 0.00594192107222636 0.006475583864118895
1 0.673186895011169 0.6275796178343949 0.004162323157110946 0.007399150743099788
1 0.6749590469099033 0.5884607218683652 0.004020848845867461 0.0071337579617834395
1 0.6625316455696202 0.5776963906581741 0.00620253164556962 0.009256900212314225
1 0.7276172747580045 0.6346072186836518 0.004862248696947133 0.004798301486199575
1 0.7195383469843634 0.6156687898089173 0.003447505584512286 0.005467091295116773
1 0.7592628443782576 0.6541082802547771 0.007930007446016381 0.007876857749469215
1 0.525994043186895 0.3289808917197452 0.007379002233804915 0.012993630573248408
1 0.5544601638123604 0.42321656050955414 0.0054951600893521965 0.007770700636942676
1 0.5902159344750558 0.42891719745222934 0.006604616530156366 0.00618895966029724
1 0.621042442293373 0.4921231422505308 0.006120625465376024 0.007409766454352442
1 0.6607669396872673 0.49891719745222934 0.0077066269545792996 0.008004246284501061
1 0.5920327624720775 0.3634607218683652 0.00526433358153388 0.004012738853503185
1 0.5955994043186895 0.32454352441613593 0.005778108711839166 0.00767515923566879
1 0.6477066269545793 0.3557643312101911 0.004780342516753537 0.006326963906581741
1 0.6522635889798958 0.3625796178343949 0.004333581533879375 0.008386411889596603
1 0.6839166046165301 0.3415817409766454 0.006470588235294117 0.007855626326963907
1 0.6812658227848102 0.31971337579617837 0.006463142218912882 0.008619957537154988
1 0.7116902457185406 0.3216878980891719 0.006008935219657483 0.009033970276008493
1 0.7258227848101265 0.2899256900212314 0.005279225614296351 0.009288747346072187
1 0.42472077438570366 0.2664225053078556 0.006567386448250187 0.005552016985138005