1 0.821931216931217 0.3572887323943662 0.009664902998236332 0.018450704225352114
1 0.8883068783068784 0.39672535211267607 0.005458553791887126 0.013415492957746479
1 0.8801146384479718 0.21723591549295776 0.010925925925925926 0.016778169014084507
1 0.8101675485008818 0.19248239436619718 0.009664902998236332 0.015933098591549295
1 0.7631128747795415 0.10693661971830987 0.008818342151675485 0.01426056338028169
1 0.8796913580246914 0.07380281690140846 0.0058818342151675486 0.013415492957746479
1 0.925273368606702 0.065 0.007142857142857143 0.01426056338028169
1 0.6698500881834215 0.08177816901408451 0.007980599647266315 0.012588028169014085
1 0.8345326278659612 0.29901408450704225 0.006305114638447972 0.010897887323943662
1 0.8836860670194003 0.255387323943662 0.006305114638447972 0.015933098591549295
1 0.850326278659612 0.7607922535211268 0.017610229276895942 0.03691901408450704
1 0.8243298059964727 0.5344894366197183 0.009700176366843033 0.017922535211267604
1 0.8241446208112875 0.5950704225352113 0.008615520282186949 0.014330985915492958
1 0.7817724867724868 0.7004577464788733 0.017954144620811286 0.02867957746478873
1 0.8094268077601411 0.7140845070422536 0.005749559082892416 0.014330985915492958
1 0.8720899470899471 0.7065492957746479 0.0046649029982363316 0.013626760563380282
1 0.8117548500881834 0.7675 0.006825396825396826 0.012183098591549296
1 0.8925573192239858 0.5688908450704225 0.008262786596119929 0.016496478873239434
1 0.9166137566137567 0.6405985915492958 0.006102292768959436 0.010757042253521127
1 0.9351146384479718 0.7069014084507041 0.0050264550264550265 0.011478873239436619
1 0.9491181657848324 0.7018838028169014 0.006463844797178131 0.011478873239436619
1 0.9439065255731923 0.5409330985915493 0.011128747795414461 0.023661971830985916
1 0.9225396825396827 0.5473943661971832 0.009338624338624339 0.02079225352112676
1 0.9081746031746031 0.4954049295774648 0.005749559082892416 0.011478873239436619
1 0.9279276895943562 0.5054401408450704 0.005749559082892416 0.010035211267605634
1 0.7634567901234568 0.635580985915493 0.006463844797178131 0.010757042253521127
1 0.993641975308642 0.8771830985915493 0.0050264550264550265 0.013626760563380282
1 0.7241358024691358 0.8076408450704226 0.007539682539682541 0.012183098591549296
1 0.9505555555555556 0.3921654929577465 0.007178130511463846 0.011478873239436619
1 0.7226984126984126 0.29 0.008977072310405643 0.017922535211267604
1 0.8288183421516755 0.0552112676056338 0.010776014109347443 0.015774647887323946
1 0.8433597883597883 0.2957394366197183 0.0053880070546737215 0.012183098591549296
1 0.5788800705467373 0.07922535211267606 0.009338624338624339 0.016496478873239434
1 0.5901940035273369 0.16526408450704227 0.008977072310405643 0.015052816901408451
1 0.6278924162257495 0.17816901408450705 0.007539682539682541 0.015052816901408451
1 0.6447707231040564 0.11507042253521127 0.0053880070546737215 0.009313380281690141
1 0.5804938271604938 0.015774647887323946 0.0053880070546737215 0.011478873239436619
1 0.6280776014109347 0.008961267605633802 0.0043121693121693115 0.010757042253521127
1 0.6776278659611993 0.006461267605633802 0.0050264550264550265 0.011478873239436619
1 0.5004144620811287 0.0706161971830986 0.007539682539682541 0.013626760563380282
1 0.45911816578483244 0.1161443661971831 0.006825396825396826 0.011478873239436619
1 0.43290123456790125 0.0763556338028169 0.0053880070546737215 0.012183098591549296
1 0.41458553791887126 0.13514084507042254 0.007539682539682541 0.010757042253521127
1 0.4109964726631393 0.01936619718309859 0.011128747795414461 0.017200704225352113
1 0.37706349206349205 0.07383802816901408 0.008615520282186949 0.0186443661971831
1 0.33432980599647266 0.1340669014084507 0.010776014109347443 0.02294014084507042
1 0.38729276895943565 0.1681161971830986 0.008262786596119929 0.015052816901408451
1 0.29554673721340385 0.04123239436619719 0.010052910052910053 0.017922535211267604
1 0.455705467372134 0.052693661971830986 0.006463844797178131 0.015052816901408451
1 0.2802821869488536 0.20397887323943661 0.006825396825396826 0.013626760563380282
1 0.1224514991181658 0.12545774647887326 0.008615520282186949 0.017200704225352113
1 0.012389770723104057 0.07098591549295774 0.007539682539682541 0.012904929577464789
1 0.060511463844797185 0.4169014084507042 0.008262786596119929 0.013626760563380282
1 0.09803350970017637 0.5943485915492958 0.007901234567901235 0.017200704225352113
1 0.1461552028218695 0.6549295774647887 0.007901234567901235 0.016496478873239434
1 0.08529100529100529 0.7305633802816901 0.006102292768959436 0.014330985915492958
1 0.03932098765432099 0.5857394366197183 0.008977072310405643 0.014330985915492958
1 0.054947089947089946 0.6488380281690141 0.0050264550264550265 0.008609154929577464
1 0.07343915343915344 0.6549295774647887 0.0053880070546737215 0.010757042253521127
1 0.2743562610229277 0.5115492957746479 0.007178130511463846 0.012183098591549296
1 0.2560405643738977 0.5258802816901408 0.007178130511463846 0.013626760563380282
1 0.2748941798941799 0.6337852112676057 0.0053880070546737215 0.011478873239436619
1 0.23970017636684302 0.5047359154929577 0.007539682539682541 0.012904929577464789
1 0.2574779541446208 0.5409330985915493 0.006463844797178131 0.012183098591549296
1 0.40633156966490297 0.3817781690140845 0.008262786596119929 0.015052816901408451
1 0.411358024691358 0.524806338028169 0.007539682539682541 0.014330985915492958
1 0.419973544973545 0.6233802816901408 0.006825396825396826 0.010757042253521127
1 0.49897707231040567 0.4477288732394366 0.009700176366843033 0.02221830985915493
1 0.5382980599647266 0.5706866197183098 0.008615520282186949 0.017200704225352113
1 0.5077777777777778 0.6470422535211268 0.005749559082892416 0.010757042253521127
1 0.5433245149911816 0.6169366197183099 0.0050264550264550265 0.007887323943661973
1 0.31223985890652556 0.11112676056338028 0.0053880070546737215 0.012904929577464789
1 0.2546031746031746 0.0276056338028169 0.003589065255731923 0.009313380281690141
1 0.2585537918871252 0.043732394366197185 0.0043121693121693115 0.007165492957746479
1 0.6799647266313933 0.4255105633802817 0.006102292768959436 0.015052816901408451
1 0.7029453262786596 0.4835739436619719 0.0053880070546737215 0.012183098591549296
1 0.6893033509700176 0.549894366197183 0.010414462081128749 0.015774647887323946
1 0.7476543209876544 0.5240845070422535 0.006463844797178131 0.011478873239436619
1 0.7128218694885362 0.48536971830985914 0.006463844797178131 0.014330985915492958
1 0.6887654320987654 0.4484507042253521 0.007901234567901235 0.012183098591549296
1 0.6718871252204586 0.7047535211267606 0.007901234567901235 0.014330985915492958
1 0.41171075837742505 0.8381161971830986 0.009700176366843033 0.017200704225352113
1 0.456957671957672 0.7058274647887325 0.007539682539682541 0.012183098591549296
1 0.49448853615520283 0.8581866197183098 0.006463844797178131 0.011478873239436619
1 0.5296825396825396 0.7155105633802817 0.012927689594356261 0.02007042253521127
1 0.5918077601410935 0.6954401408450704 0.010052910052910053 0.0186443661971831
1 0.5620017636684302 0.7069014084507041 0.010052910052910053 0.0186443661971831
1 0.5129805996472664 0.7477816901408451 0.006825396825396826 0.012904929577464789
1 0.548888888888889 0.6965140845070422 0.01472663139329806 0.025088028169014086
1 0.6600352733686067 0.7918661971830986 0.005749559082892416 0.013626760563380282
1 0.6352557319223986 0.7646302816901408 0.005749559082892416 0.010757042253521127
1 0.688941798941799 0.846355633802817 0.009700176366843033 0.02079225352112676
1 0.5822927689594357 0.9901056338028169 0.008262786596119929 0.015774647887323946
1 0.3738271604938272 0.7879225352112676 0.005749559082892416 0.011478873239436619
1 0.41782186948853617 0.7707218309859155 0.003950617283950617 0.008609154929577464
1 0.33073192239858906 0.8295070422535211 0.007901234567901235 0.014330985915492958
1 0.315652557319224 0.8929577464788733 0.01580246913580247 0.027957746478873242
1 0.30362433862433863 0.9327464788732394 0.012566137566137565 0.025809859154929577
1 0.15298059964726632 0.8542429577464788 0.009338624338624339 0.013626760563380282