0 0.30697115384615387 0.6427852348993289 0.019567307692307693 0.043221476510067115
1 0.18852564102564104 0.5728187919463087 0.009775641025641026 0.02389261744966443
1 0.21786858974358972 0.47895973154362415 0.008685897435897436 0.02046979865771812
1 0.1654326923076923 0.510268456375839 0.008157051282051282 0.017080536912751677
1 0.11735576923076924 0.30775167785234897 0.010865384615384615 0.021610738255033558
1 0.13012820512820514 0.5409731543624161 0.008157051282051282 0.021610738255033558
1 0.48192307692307695 0.31171140939597314 0.008685897435897436 0.02046979865771812
1 0.41889423076923077 0.36634228187919465 0.006522435897435898 0.01818791946308725
1 0.28876602564102566 0.3196979865771812 0.010320512820512821 0.02046979865771812
1 0.14858974358974358 0.6166107382550335 0.008157051282051282 0.01818791946308725
1 0.162724358974359 0.6194630872483221 0.007067307692307692 0.012516778523489933
1 0.2925801282051282 0.739496644295302 0.007067307692307692 0.015939597315436243
1 0.47269230769230763 0.6643959731543625 0.009775641025641026 0.02046979865771812
1 0.5069230769230769 0.7008053691275168 0.006522435897435898 0.015939597315436243
1 0.5476602564102564 0.7508724832214765 0.008685897435897436 0.01818791946308725
1 0.5321794871794872 0.7741946308724833 0.007067307692307692 0.012516778523489933
1 0.5275641025641026 0.7946644295302013 0.009775641025641026 0.019328859060402683
1 0.501474358974359 0.8475838926174497 0.008685897435897436 0.01818791946308725
1 0.5623397435897436 0.42379194630872485 0.006522435897435898 0.017080536912751677
1 0.5479326923076924 0.4260738255033557 0.0059775641025641025 0.017080536912751677
1 0.013862179487179488 0.9727181208053691 0.008157051282051282 0.01365771812080537
1 0.3387660256410256 0.9021812080536914 0.008157051282051282 0.01818791946308725
1 0.3202884615384616 0.9909060402684564 0.008157051282051282 0.01818791946308725
1 0.6215544871794872 0.8896644295302013 0.009775641025641026 0.025033557046979866
1 0.53 0.9272147651006711 0.011410256410256411 0.025033557046979866
1 0.4618269230769231 0.8845637583892618 0.009775641025641026 0.021610738255033558
1 0.46399038461538455 0.9937583892617449 0.008685897435897436 0.012483221476510068
1 0.602003205128205 0.9789932885906041 0.007612179487179487 0.017080536912751677
1 0.602275641025641 0.7201677852348993 0.00923076923076923 0.01365771812080537
1 0.660400641025641 0.7639597315436242 0.00923076923076923 0.02389261744966443
1 0.7663461538461538 0.9590604026845638 0.00923076923076923 0.01818791946308725
1 0.5941185897435898 0.33617449664429533 0.011410256410256411 0.019328859060402683
1 0.6098717948717949 0.3578187919463087 0.01575320512820513 0.028456375838926178
1 0.6351442307692308 0.5176510067114094 0.008685897435897436 0.02046979865771812
1 0.6115064102564103 0.5711073825503356 0.00923076923076923 0.015939597315436243
1 0.5813461538461538 0.6086577181208054 0.006522435897435898 0.015939597315436243
1 0.691650641025641 0.5654362416107382 0.007612179487179487 0.01818791946308725
1 0.45692307692307693 0.072248322147651 0.013044871794871796 0.026174496644295303
1 0.5006730769230769 0.10808724832214765 0.007067307692307692 0.015939597315436243
1 0.4411698717948718 0.140503355704698 0.006522435897435898 0.017080536912751677
1 0.5224038461538462 0.11889261744966442 0.0059775641025641025 0.017080536912751677
1 0.6000961538461538 0.17634228187919462 0.011410256410256411 0.02046979865771812
1 0.5693910256410256 0.2639597315436242 0.010865384615384615 0.02046979865771812
1 0.6840384615384615 0.20308724832214767 0.006522435897435898 0.014798657718120806
1 0.2208653846153846 0.08134228187919462 0.012499999999999999 0.02389261744966443
1 0.07062500000000001 0.01365771812080537 0.011955128205128205 0.022751677852348995
1 0.9122275641025641 0.2696308724832215 0.010865384615384615 0.02731543624161074
1 0.9944230769230769 0.27872483221476513 0.011153846153846153 0.02731543624161074
1 0.9456410256410257 0.572248322147651 0.010320512820512821 0.025033557046979866
1 0.8282852564102564 0.9846644295302014 0.00923076923076923 0.019328859060402683
1 0.7030608974358974 0.9442953020134227 0.006522435897435898 0.01365771812080537