1 0.322702205882353 0.14114814814814813 0.022647058823529412 0.03992592592592592
1 0.24591911764705882 0.11051851851851852 0.012022058823529412 0.027074074074074073
1 0.12455882352941178 0.0884074074074074 0.01840073529411765 0.031370370370370375
1 0.06051470588235294 0.17251851851851852 0.010606617647058822 0.01996296296296296
1 0.20027573529411766 0.08555555555555557 0.00849264705882353 0.01996296296296296
1 0.14189338235294116 0.39070370370370366 0.016268382352941174 0.02851851851851852
1 0.25937499999999997 0.2587777777777778 0.010606617647058822 0.02137037037037037
1 0.2399080882352941 0.308 0.014154411764705882 0.031370370370370375
1 0.3106801470588235 0.4405925925925926 0.011323529411764706 0.025666666666666664
1 0.31704044117647057 0.4969259259259259 0.007077205882352941 0.02137037037037037
1 0.40373161764705884 0.49977777777777777 0.010606617647058822 0.02422222222222222
1 0.1960294117647059 0.5239999999999999 0.014154411764705882 0.027074074074074073
1 0.1450735294117647 0.48337037037037034 0.012738970588235294 0.022814814814814816
1 0.05095588235294118 0.7785185185185185 0.012738970588235294 0.025666666666666664
1 0.13516544117647059 0.8155925925925926 0.015569852941176472 0.02851851851851852
1 0.10544117647058823 0.8327037037037037 0.014154411764705882 0.031370370370370375
1 0.22540441176470588 0.8833333333333333 0.016268382352941174 0.029925925925925925
1 0.18080882352941177 0.8541111111111112 0.009191176470588236 0.022814814814814816
1 0.3779044117647059 0.774962962962963 0.011323529411764706 0.029925925925925925
1 0.20417279411764705 0.613111111111111 0.010606617647058822 0.01711111111111111
1 0.25759191176470586 0.6537407407407407 0.009908088235294116 0.018518518518518517
1 0.4706066176470588 0.6174074074074074 0.011323529411764706 0.01711111111111111
1 0.46318014705882354 0.6808518518518519 0.016268382352941174 0.032777777777777774
1 0.5279411764705882 0.6345185185185185 0.015569852941176472 0.03422222222222222
1 0.5084742647058824 0.4355925925925926 0.009191176470588236 0.02137037037037037
1 0.29863970588235295 0.34933333333333333 0.00849264705882353 0.01711111111111111
1 0.2823713235294118 0.3707407407407407 0.00849264705882353 0.022814814814814816
0 0.6139154411764707 0.3015555555555556 0.020514705882352942 0.038481481481481485
1 0.587389705882353 0.3757037037037037 0.011323529411764706 0.018518518518518517
1 0.6132169117647058 0.48477777777777775 0.012022058823529412 0.01711111111111111
1 0.5792463235294117 0.556074074074074 0.010606617647058822 0.01711111111111111
1 0.5258088235294118 0.4441481481481482 0.007077205882352941 0.018518518518518517
1 0.5704044117647059 0.2473703703703704 0.011323529411764706 0.02422222222222222
1 0.5438602941176471 0.24025925925925928 0.0077757352941176475 0.018518518518518517
1 0.5473897058823529 0.26237037037037036 0.009191176470588236 0.01996296296296296
1 0.5173161764705883 0.24096296296296296 0.00849264705882353 0.01711111111111111
1 0.6599264705882353 0.2481111111111111 0.0077757352941176475 0.01996296296296296
1 0.6082536764705883 0.6159629629629629 0.010606617647058822 0.01996296296296296
1 0.4621139705882353 0.226 0.011323529411764706 0.02137037037037037
1 0.8662132352941176 0.7086666666666667 0.009908088235294116 0.01425925925925926
1 0.851360294117647 0.8840370370370371 0.014154411764705882 0.022814814814814816
1 0.878235294117647 0.913962962962963 0.00849264705882353 0.01996296296296296
1 0.7519117647058824 0.8541111111111112 0.010606617647058822 0.025666666666666664
1 0.5587132352941176 0.9638888888888889 0.009191176470588236 0.01711111111111111
1 0.7621875 0.9874074074074075 0.01698529411764706 0.02137037037037037
1 0.9362683823529412 0.38855555555555554 0.011323529411764706 0.029925925925925925
1 0.608970588235294 0.11477777777777777 0.017683823529411762 0.03562962962962963
1 0.5477573529411766 0.1325925925925926 0.011323529411764706 0.025666666666666664
1 0.875404411764706 0.0727037037037037 0.009908088235294116 0.022814814814814816
1 0.9649264705882352 0.014962962962962963 0.012022058823529412 0.018518518518518517
1 0.7890808823529412 0.01211111111111111 0.007077205882352941 0.01566666666666667
1 0.5399632352941177 0.02422222222222222 0.009908088235294116 0.01996296296296296