1 0.1956822429906542 0.2071264367816092 0.017532710280373832 0.031149425287356324
1 0.22721495327102803 0.20593869731800765 0.012859813084112149 0.038314176245210725
1 0.23878504672897197 0.36015325670498083 0.010280373831775701 0.022988505747126436
1 0.2261682242990654 0.32662835249042144 0.013084112149532711 0.017241379310344827
1 0.18130841121495328 0.3448275862068966 0.005607476635514018 0.02681992337164751
1 0.17196261682242991 0.3496168582375479 0.011214953271028037 0.028735632183908046
1 0.05420560747663551 0.4224137931034483 0.011214953271028037 0.028735632183908046
1 0.16822429906542055 0.5402298850574713 0.016822429906542057 0.03065134099616858
1 0.305607476635514 0.3505747126436782 0.013084112149532711 0.019157088122605363
1 0.18271028037383177 0.14942528735632185 0.008411214953271028 0.011494252873563218
1 0.16214953271028038 0.12835249042145594 0.010280373831775701 0.02681992337164751
1 0.24392523364485982 0.04885057471264368 0.009345794392523364 0.028735632183908046
1 0.5690093457943926 0.1259770114942529 0.007906542056074767 0.013256704980842911
1 0.40869158878504674 0.22103448275862067 0.007906542056074767 0.011800766283524904
1 0.33285981308411217 0.06632183908045977 0.01005607476635514 0.005900383141762452
1 0.2936822429906542 0.09432950191570881 0.009345794392523364 0.017701149425287357
1 0.567214953271028 0.10463601532567049 0.014373831775700936 0.017701149425287357
1 0.43314018691588785 0.3278927203065134 0.006467289719626168 0.019157088122605363
1 0.4105046728971963 0.16651340996168582 0.005757009345794393 0.008850574712643678
1 0.4259439252336448 0.04494252873563218 0.00502803738317757 0.013256704980842911
1 0.4705233644859813 0.06114942528735633 0.006467289719626168 0.013256704980842911
1 0.1574392523364486 0.06999999999999999 0.005757009345794393 0.013256704980842911
1 0.22682242990654206 0.1539846743295019 0.010785046728971962 0.013256704980842911
1 0.009345794392523364 0.12229885057471265 0.005757009345794393 0.014750957854406131
1 0.03235514018691588 0.5201915708812261 0.008635514018691589 0.014750957854406131
1 0.20992523364485982 0.22103448275862067 0.0028785046728971963 0.011800766283524904
1 0.14882242990654207 0.7567049808429118 0.007196261682242991 0.01620689655172414
1 0.06757009345794392 0.6962835249042145 0.008635514018691589 0.010306513409961686
1 0.034859813084112144 0.9165900383141762 0.009345794392523364 0.014750957854406131
1 0.20237383177570092 0.8694252873563217 0.01222429906542056 0.011800766283524904
1 0.08878504672897196 0.8451340996168583 0.009345794392523364 0.025057471264367817
1 0.1308411214953271 0.9644827586206897 0.007196261682242991 0.013256704980842911
1 0.14917757009345795 0.7065900383141762 0.00502803738317757 0.013256704980842911
1 0.2059626168224299 0.841455938697318 0.010785046728971962 0.008850574712643678
1 0.156 0.6609195402298851 0.008635514018691589 0.010306513409961686
1 0.25629906542056075 0.6999616858237547 0.00502803738317757 0.017701149425287357
1 0.32781308411214954 0.6248275862068966 0.01005607476635514 0.017701149425287357
1 0.2620373831775701 0.9129118773946361 0.009345794392523364 0.022107279693486588
1 0.35370093457943924 0.7898467432950191 0.007196261682242991 0.008850574712643678
1 0.3910841121495327 0.6513409961685823 0.012934579439252336 0.014750957854406131
1 0.3731214953271028 0.6889272030651341 0.005757009345794393 0.019157088122605363
1 0.42414953271028033 0.632183908045977 0.007196261682242991 0.017701149425287357
1 0.4338691588785047 0.6181992337164751 0.009345794392523364 0.022107279693486588
1 0.4460747663551402 0.7788122605363985 0.006467289719626168 0.01620689655172414
1 0.42990654205607476 0.7854406130268199 0.004317757009345794 0.014750957854406131
1 0.4888598130841122 0.5938697318007663 0.005757009345794393 0.011800766283524904
1 0.549607476635514 0.6056704980842912 0.007906542056074767 0.017701149425287357
1 0.5057570093457944 0.6550191570881226 0.00502803738317757 0.010306513409961686
1 0.5805233644859813 0.6999616858237547 0.009345794392523364 0.026513409961685823
1 0.6373084112149532 0.8937547892720307 0.007906542056074767 0.01620689655172414
1 0.5614579439252336 0.5363984674329502 0.01005607476635514 0.014750957854406131
1 0.47125233644859815 0.18272030651340995 0.009345794392523364 0.017701149425287357
1 0.5212149532710281 0.1621072796934866 0.004317757009345794 0.008850574712643678
1 0.49712149532710276 0.14957854406130267 0.003588785046728972 0.010306513409961686
1 0.49712149532710276 0.059693486590038314 0.00502803738317757 0.013256704980842911
1 0.49712149532710276 0.014750957854406131 0.01222429906542056 0.014750957854406131
1 0.4399626168224299 0.01620689655172414 0.007196261682242991 0.011800766283524904
1 0.5553644859813084 0.33229885057471265 0.009345794392523364 0.013256704980842911
1 0.5956074766355139 0.4000766283524904 0.007906542056074767 0.013256704980842911
1 0.5902242990654205 0.422183908045977 0.007196261682242991 0.013256704980842911
1 0.6502429906542055 0.4450191570881226 0.007906542056074767 0.017701149425287357
1 0.6534953271028038 0.5481992337164752 0.008635514018691589 0.020613026819923372
1 0.606392523364486 0.6800766283524904 0.007906542056074767 0.019157088122605363
1 0.6222056074766356 0.67272030651341 0.007906542056074767 0.019157088122605363
1 0.6897943925233645 0.5975478927203065 0.01222429906542056 0.01620689655172414
1 0.7207102803738318 0.5113409961685824 0.006467289719626168 0.017701149425287357
1 0.7958317757009346 0.5710344827586207 0.008635514018691589 0.013256704980842911
1 0.766 0.5194636015325671 0.007906542056074767 0.01620689655172414
1 0.8698691588785047 0.7183908045977011 0.015813084112149534 0.025057471264367817
1 0.8450841121495327 0.8267049808429119 0.007906542056074767 0.014750957854406131
1 0.8918130841121495 0.4752490421455939 0.010785046728971962 0.01620689655172414
1 0.9363738317757009 0.5783908045977012 0.009345794392523364 0.025057471264367817
1 0.9816635514018692 0.6240613026819923 0.0251588785046729 0.030957854406130268
1 0.9165981308411215 0.7220689655172414 0.008635514018691589 0.023563218390804597
1 0.8853271028037383 0.6285057471264367 0.007906542056074767 0.013256704980842911
1 0.8975514018691588 0.7006896551724138 0.009345794392523364 0.013256704980842911
1 0.9575887850467288 0.48996168582375477 0.008635514018691589 0.019157088122605363
1 0.953626168224299 0.4148275862068965 0.006467289719626168 0.013256704980842911
1 0.9295514018691589 0.29693486590038315 0.004317757009345794 0.013256704980842911
1 0.8425607476635514 0.34628352490421455 0.01005607476635514 0.014750957854406131
1 0.8817383177570094 0.24314176245210728 0.007906542056074767 0.014750957854406131
1 0.7329345794392523 0.2571647509578544 0.015102803738317757 0.022107279693486588
1 0.6362242990654206 0.2542145593869732 0.007196261682242991 0.01620689655172414
1 0.6682242990654206 0.22398467432950192 0.009345794392523364 0.014750957854406131
1 0.6498878504672897 0.18344827586206897 0.007196261682242991 0.013256704980842911
1 0.6642616822429906 0.1856704980842912 0.007196261682242991 0.017701149425287357
1 0.7609719626168224 0.1635632183908046 0.009345794392523364 0.017701149425287357
1 0.8094953271028037 0.14367816091954022 0.01005607476635514 0.019157088122605363
1 0.8288971962616822 0.1178927203065134 0.01005607476635514 0.020613026819923372
1 0.6574392523364486 0.12674329501915707 0.006467289719626168 0.011800766283524904
1 0.6340747663551403 0.12969348659003832 0.008635514018691589 0.011800766283524904
1 0.6466542056074766 0.13482758620689655 0.00502803738317757 0.013256704980842911
1 0.7807289719626168 0.0935632183908046 0.007196261682242991 0.013256704980842911
1 0.8087663551401869 0.10095785440613027 0.008635514018691589 0.01620689655172414
1 0.7850467289719626 0.06850574712643678 0.008635514018691589 0.0073563218390804595
1 0.6836822429906542 0.1053639846743295 0.007196261682242991 0.010306513409961686
1 0.702018691588785 0.07957854406130269 0.007906542056074767 0.017701149425287357
1 0.9205607476635514 0.03904214559386973 0.006467289719626168 0.01620689655172414
1 0.939607476635514 0.17314176245210727 0.007196261682242991 0.01620689655172414
1 0.8637757009345794 0.9011111111111111 0.00502803738317757 0.013256704980842911
1 0.8231401869158879 0.9475478927203065 0.008635514018691589 0.014750957854406131
1 0.7487476635514019 0.7279693486590039 0.009345794392523364 0.011800766283524904
1 0.6897943925233645 0.8576628352490421 0.009345794392523364 0.011800766283524904
1 0.9388971962616822 0.9696551724137932 0.005757009345794393 0.011800766283524904
1 0.6937383177570093 0.9431034482758621 0.004317757009345794 0.008850574712643678
1 0.6994953271028038 0.9806896551724138 0.007196261682242991 0.0073563218390804595
1 0.9475140186915888 0.6815325670498084 0.014373831775700936 0.03977011494252874
1 0.5420560747663551 0.5260919540229885 0.007196261682242991 0.011800766283524904
1 0.5032336448598131 0.561455938697318 0.005757009345794393 0.011800766283524904
1 0.31955140186915887 0.5776628352490422 0.00502803738317757 0.011800766283524904
1 0.33069158878504673 0.5783908045977012 0.007196261682242991 0.01620689655172414
1 0.5010841121495326 0.8620689655172413 0.005757009345794393 0.014750957854406131
1 0.5877009345794393 0.8790038314176245 0.00502803738317757 0.013256704980842911
1 0.08446728971962617 0.14885057471264368 0.016542056074766356 0.017701149425287357