0 0.3853995680345572 0.09869328493647914 0.02564794816414687 0.03402903811252268
1 0.25446004319654425 0.3414337568058076 0.020248380129589634 0.0249546279491833
1 0.19168466522678185 0.5626134301270418 0.01079913606911447 0.03176043557168784
1 0.3853995680345572 0.497967332123412 0.009449244060475162 0.0249546279491833
1 0.4096976241900648 0.4514519056261343 0.02564794816414687 0.022686025408348458
1 0.32397408207343414 0.1882940108892922 0.01079913606911447 0.018148820326678767
1 0.43264578833693307 0.3992740471869328 0.009449244060475162 0.009074410163339383
1 0.4090172786177106 0.3158983666061706 0.016198704103671708 0.010217785843920146
1 0.38876889848812096 0.3618511796733212 0.004049676025917927 0.006805807622504537
1 0.46571274298056153 0.38509981851179675 0.009449244060475162 0.007949183303085298
0 0.6236501079913607 0.4883121597096189 0.026997840172786176 0.04197822141560798
1 0.5163390928725702 0.3113611615245009 0.006749460043196544 0.012486388384754991
0 0.8423326133909287 0.3584392014519056 0.04184665226781858 0.0544464609800363
1 0.8106155507559395 0.0499092558983666 0.008099352051835854 0.013611615245009074
1 0.706328293736501 0.03912885662431942 0.0047300215982721385 0.007949183303085298
1 0.7637041036717063 0.33065335753176045 0.011479481641468683 0.01929219600725953
1 0.9186069114470842 0.17695099818511797 0.008099352051835854 0.013611615245009074
1 0.930755939524838 0.22402903811252267 0.008099352051835854 0.017023593466424684
1 0.9317602591792656 0.32667876588021777 0.010129589632829375 0.013611615245009074
1 0.9415550755939525 0.11286751361161525 0.008099352051835854 0.014736842105263156
1 0.9668574514038877 0.07088929219600726 0.006079913606911447 0.007949183303085298
1 0.5919330453563715 0.2943557168784029 0.008099352051835854 0.010217785843920146
1 0.8207343412526998 0.5512704174228675 0.016198704103671708 0.01588021778584392
1 0.8851943844492441 0.5762250453720508 0.014179265658747301 0.013611615245009074
1 0.6111663066954645 0.7146098003629764 0.008779697624190065 0.011343012704174229
1 0.5554859611231101 0.7151724137931035 0.006749460043196544 0.012486388384754991
1 0.5237580993520519 0.6618693284936479 0.006749460043196544 0.007949183303085298
1 0.505194384449244 0.7129038112522686 0.010129589632829375 0.007949183303085298
1 0.7468250539956803 0.9789110707803993 0.012829373650107992 0.018148820326678767
1 0.8359179265658747 0.8802177858439202 0.008779697624190065 0.02041742286751361
1 0.7961015118790498 0.31477313974591653 0.008779697624190065 0.014754990925589838
1 0.45187904967602593 0.8342831215970962 0.022278617710583152 0.021560798548094375
1 0.4505291576673866 0.9409074410163341 0.006079913606911447 0.017023593466424684
1 0.45019438444924403 0.12250453720508167 0.009449244060475162 0.013611615245009074
1 0.3934989200863931 0.0311978221415608 0.014848812095032398 0.007949183303085298
1 0.3044060475161987 0.7327586206896551 0.006749460043196544 0.011343012704174229
1 0.14815334773218142 0.7072413793103448 0.008779697624190065 0.010217785843920146